campaign_id,campaign_name,campaign_type,target_audience,channel,date,spend,views,clicks,conversions,revenue,views_was_missing,spend_was_missing,conversions_was_missing,rev_missing,clicks_missing,clicks_imputed_flag,revenue_was_missing,rpc
DBB_2025,Don't Burn for Beauty,Social Impact,Young Adults,instagram,2025-07-02,10099.12,511560.0,42764.0,2227.0,98061.4,False,False,False,0,False,False,False,2.293082966981573
SS_2025,Summer Sale,Seasonal Sale,Adults,facebook,2025-07-23,3478.75,34019.0,1769.0,305.0,14921.06,False,False,False,0,False,False,False,8.434742792538158
NF_2025,Nature First,Brand Image,Parents,facebook,2025-03-16,5200.68,76079.0,2746.0,45.0,2374.23,False,False,False,0,False,False,False,0.8646139839766934
AAR_2025,Anti-Aging Routine,Product Education,Seniors,facebook,2025-01-12,2112.13,10050.0,337.0,210.0,31190.57,False,False,False,0,False,False,False,92.55362017804154
SS_2025,Summer Sale,Seasonal Sale,Adults,email,2025-06-26,8966.25,42460.0,2070.0,198.0,10005.71,False,False,False,0,False,False,False,4.833676328502415
DBB_2025,Don't Burn for Beauty,Social Impact,Adults,linkedin,2025-07-24,8753.79,141725.0,0.0,0.0,0.0,False,False,False,0,False,False,False,1.5633474303285209
PL_2025,Product Launch,Product Launch,Adults,facebook,2025-02-04,4230.34,63218.0,4261.0,381.0,39749.19,False,False,False,0,False,False,False,9.32860596104201
DBB_2025,Don't Burn for Beauty,Social Impact,Adults,linkedin,2025-07-13,4360.11,69475.0,4844.0,66.0,2418.97,False,False,False,0,False,False,False,0.49937448389760525
TSF_2025,TikTok Skin Fails,Trend Counter,Gen Z,tiktok,2025-03-17,24118.24,5923137.0,628258.0,6738.0,170065.5,False,False,False,0,False,False,False,0.2706937277360575
NF_2025,Nature First,Brand Image,Parents,instagram,2025-02-25,6420.06,72369.0,3589.0,78.0,6648.48,False,False,False,0,False,False,False,1.8524602953468932
NF_2025,Nature First,Brand Image,Young Adults,linkedin,2025-05-21,6468.94,68277.0,2639.0,83.0,5037.07,False,False,False,0,False,False,False,1.9087040545661234
AAR_2025,Anti-Aging Routine,Product Education,Adults,facebook,2025-05-29,4996.85,37339.0,1087.0,265.0,23402.89,False,False,False,0,False,False,False,21.529797608095677
AAR_2025,Anti-Aging Routine,Product Education,Seniors,email,2025-02-28,5133.8,12863.0,571.0,111.0,11740.19,True,False,False,0,False,False,False,20.5607530647986
PL_2025,Product Launch,Product Launch,Young Adults,instagram,2025-03-27,21583.99,380071.0,19079.0,894.0,80711.77,False,False,False,0,False,False,False,4.230398343728707
NF_2025,Nature First,Brand Image,Young Adults,linkedin,2025-05-02,8620.18,78099.0,1224.5,27.0,2336.81,False,False,False,1,True,True,False,1.9083789301755818
PL_2025,Product Launch,Product Launch,Adults,email,2025-03-17,23786.38,353742.0,22579.0,4092.0,369318.81,False,False,False,0,False,False,False,16.356739005270384
HP_2025,Holiday Prep,Seasonal Education,Adults,email,2025-11-12,4078.55,10209.0,989.0,573.0,38201.0,False,False,False,0,False,False,True,38.62635338345865
AAR_2025,Anti-Aging Routine,Product Education,Young Adults,youtube,2025-01-31,4229.94,42822.0,926.0,114.0,12100.16,False,False,False,0,False,False,False,13.067127429805616
TSF_2025,TikTok Skin Fails,Trend Counter,Gen Z,youtube,2025-06-07,7763.0,1043910.0,0.0,0.0,0.0,False,False,False,0,False,False,False,1.2136772700374119
TSF_2025,TikTok Skin Fails,Trend Counter,Young Adults,youtube,2025-04-17,2383.47,153075.0,0.0,0.0,0.0,False,False,False,0,False,False,False,1.2136772700374119
NF_2025,Nature First,Brand Image,Young Adults,youtube,2025-02-23,4516.83,55837.0,1670.0,50.0,2541.1,False,False,False,0,False,False,False,1.521616766467066
NF_2025,Nature First,Brand Image,Parents,facebook,2025-05-11,5814.11,38745.0,697.0,23.0,1554.56,False,False,False,0,False,False,False,2.230358680057389
AAR_2025,Anti-Aging Routine,Product Education,Young Adults,email,2025-02-27,5755.68,51592.0,3275.0,1215.0,125935.46,False,False,False,0,False,False,False,38.453575572519085
AAR_2025,Anti-Aging Routine,Product Education,Young Adults,email,2025-03-09,4381.11,17203.0,1224.0,203.0,44854.0,False,True,False,0,False,False,True,36.645781081712364
HP_2025,Holiday Prep,Seasonal Education,Parents,email,2025-11-04,5966.73,37258.0,4163.0,4278.0,384962.93,False,False,False,0,False,False,False,92.47247898150373
DBB_2025,Don't Burn for Beauty,Social Impact,Gen Z,tiktok,2025-06-24,1168.1,155564.0,36194.0,136.0,5142.57,False,False,False,1,True,True,False,0.14208349450185112
SS_2025,Summer Sale,Seasonal Sale,Adults,linkedin,2025-06-26,4548.74,30781.0,443.0,21.0,1388.52,False,False,False,0,False,False,False,3.1343566591422123
NF_2025,Nature First,Brand Image,Gen Z,instagram,2025-02-22,7524.34,83389.0,3407.0,26.0,1792.67,False,False,False,0,False,False,False,0.5261725858526564
DBB_2025,Don't Burn for Beauty,Social Impact,Adults,facebook,2025-08-07,6612.79,93187.0,4185.0,148.0,5352.62,False,False,False,0,False,False,False,1.2790011947431301
AAR_2025,Anti-Aging Routine,Product Education,Adults,facebook,2025-03-19,5486.13,25578.0,722.0,116.0,13030.74,False,False,False,0,False,False,False,18.048116343490303
SS_2025,Summer Sale,Seasonal Sale,Young Adults,instagram,2025-06-08,3314.54,50700.0,3386.0,216.0,12588.94,False,False,False,0,False,False,False,3.717938570584761
AAR_2025,Anti-Aging Routine,Product Education,Young Adults,facebook,2025-01-30,7122.88,78966.0,1847.0,401.0,38103.98,False,False,False,0,False,False,False,20.63020032485111
AAR_2025,Anti-Aging Routine,Product Education,Young Adults,youtube,2025-04-04,3951.07,47745.0,888.0,212.0,23393.4,False,False,False,0,False,False,False,26.34391891891892
AAR_2025,Anti-Aging Routine,Product Education,Seniors,facebook,2025-05-04,5499.67,33994.0,1038.0,163.0,19595.45,False,False,False,0,False,False,False,18.878082851637764
SCA_2025,Skin Cancer Awareness,Educational Awareness,Young Adults,instagram,2025-05-31,6456.65,226416.0,6202.0,35.0,706.86,False,False,False,0,False,False,False,0.11397291196388262
DBB_2025,Don't Burn for Beauty,Social Impact ,Gen Z,youtube,2025-08-07,12567.31,862384.0,81532.0,2168.0,47961.26,False,False,False,0,False,False,False,0.5882507481724967
PL_2025,Product Launch,Product Launch,Young Adults,facebook,2025-03-11,10081.39,283484.0,0.0,0.0,0.0,False,False,False,0,False,False,False,3.2963992219790907
SS_2025,Summer Sale,Seasonal Sale,Adults,email,2025-06-07,4797.3,17684.0,1627.0,476.0,23078.0,False,False,False,0,False,False,False,14.18438844499078
NF_2025,Nature First,Brand Image,Gen Z,instagram,2025-06-02,6715.4,119452.0,4907.0,36.0,1668.72,False,False,False,0,False,False,False,0.3400692887711433
AAR_2025,Anti-Aging Routine,Product Education,Seniors,facebook,2025-04-29,3500.14,30752.0,976.0,313.0,25310.71,False,False,False,0,False,False,False,25.93310450819672
AAR_2025,Anti-Aging Routine,Product Education ,Adults,facebook,2025-05-24,2831.81,15647.0,685.0,128.0,12448.28,False,False,False,0,False,False,False,18.172671532846717
AAR_2025,Anti-Aging Routine,Product Education,Young Adults,facebook,2025-02-06,3122.57,28094.0,1271.0,60.0,3825.94,False,False,False,0,False,False,False,3.010180959874115
NF_2025,Nature First,Brand Image,Young Adults,youtube,2025-04-30,6439.57,130390.0,4330.0,113.0,6891.03,False,False,False,0,False,False,False,1.591461893764434
HP_2025,Holiday Prep,Seasonal Education,Adults,email,2025-10-27,4467.83,34180.0,3341.0,771.0,40839.82,False,True,False,0,False,False,False,12.223831188266987
HP_2025,Holiday Prep,Seasonal Education ,Parents,facebook,2025-11-13,2713.89,25983.0,1996.0,614.0,48682.23,False,False,False,0,False,False,False,24.38989478957916
AAR_2025,Anti-Aging Routine,Product Education,Seniors,linkedin,2025-04-30,2207.87,4680.0,84.0,9.0,1141.47,False,False,False,0,False,False,False,13.588928571428571
BF_2025,Black Friday,Seasonal Sale,Parents,facebook,2025-11-21,7651.63,56709.0,4293.0,942.0,70846.43,False,False,False,0,False,False,False,16.502778942464474
HP_2025,Holiday Prep,Seasonal Education,Adults,instagram,2025-11-01,3098.25,23380.0,1654.0,482.0,38173.34,False,False,False,1,True,True,False,23.079407496977023
AAR_2025,Anti-Aging Routine,Product Education,Adults,linkedin,2025-03-24,3695.23,37451.0,1120.0,178.0,13338.7,False,False,False,0,False,False,False,11.909553571428573
HP_2025,Holiday Prep,Seasonal Education,Parents,email,2025-09-11,5840.0,13519.0,1588.0,391.0,33828.92,False,False,False,0,False,False,False,21.30284634760705
TSF_2025,TikTok Skin Fails,Trend Counter,Young Adults,instagram,2025-05-06,10150.81,795222.0,34003.0,746.0,34349.91,False,False,False,0,False,False,False,1.0102023350880807
AAR_2025,Anti-Aging Routine,Product Education,Adults,youtube,2025-06-03,3259.18,6241.0,238.0,52.0,3482.6,False,False,False,0,False,False,False,14.632773109243697
BF_2025,Black Friday,Seasonal Sale,Seniors,facebook,2025-11-26,11914.01,76739.0,5584.0,3587.0,336127.2,False,False,False,0,False,False,False,60.19469914040115
NF_2025,Nature First,Brand Image,Parents,facebook,2025-05-24,4843.94,41772.0,2200.0,43.0,2518.76,False,False,False,0,False,False,False,1.1448909090909092
AAR_2025,Anti-Aging Routine,Product Education,Seniors,email,2025-02-02,4436.33,9156.0,316.0,130.0,13968.72,False,False,False,0,False,False,False,44.204810126582274
NF_2025,Nature First,Brand Image,Gen Z,instagram,2025-04-23,5744.19,61513.0,2646.0,110.0,8568.16,False,False,False,0,False,False,False,3.2381557067271354
DBB_2025,Don't Burn for Beauty,Social Impact,Young Adults,youtube,2025-08-08,9802.83,482017.0,18826.0,1200.0,29678.19,False,False,False,0,False,False,False,1.5764469350897694
TSF_2025,TikTok Skin Fails,Trend Counter ,Young Adults,youtube,2025-03-22,8088.86,726137.0,126010.0,3438.0,139670.88,False,False,False,0,False,False,False,1.1084110784858345
DBB_2025,Don't Burn for Beauty,Social Impact,Young Adults,facebook,2025-07-08,3814.75,66602.0,4870.0,207.0,6361.52,False,False,False,0,False,False,False,1.3062669404517455
SS_2025,Summer Sale,Seasonal Sale,Young Adults,instagram,2025-05-16,9104.07,96491.0,2822.0,113.0,8098.85,False,False,False,0,False,False,False,2.869897236002835
DBB_2025,Don't Burn for Beauty,Social Impact,Young Adults,instagram,2025-06-26,6706.5,124662.0,13513.0,1206.0,51225.63,False,False,False,0,False,False,False,3.7908406719455336
AAR_2025,Anti-Aging Routine,Product Education,Young Adults,email,2025-05-28,3680.89,6794.0,553.0,331.0,33575.95,False,False,False,0,False,False,False,60.71600361663652
TSF_2025,TikTok Skin Fails,Trend Counter,Young Adults,facebook,2025-05-30,14395.96,547133.0,63266.0,3036.0,139875.85,False,False,False,0,False,False,False,2.2109166060759335
SS_2025,Summer Sale,Seasonal Sale,Adults,email,2025-07-27,4507.37,25424.0,1252.0,581.0,44946.89,False,False,False,0,False,False,False,35.90007188498402
TSF_2025,TikTok Skin Fails,Trend Counter,Young Adults,facebook,2025-04-30,31156.4,1131125.0,113051.0,5157.0,264123.14,False,False,False,0,False,False,False,2.3363184757321918
AAR_2025,Anti-Aging Routine,Product Education,Adults,youtube,2025-05-09,4520.65,52517.0,1790.0,587.0,72686.92,False,False,False,0,False,False,False,40.60721787709497
PL_2025,Product Launch,Product Launch,Young Adults,youtube,2025-02-13,7272.42,123382.0,20310.0,103.0,7310.46,False,False,False,1,True,True,False,0.3599438700147711
HP_2025,Holiday Prep,Seasonal Education,Parents,email,2025-11-06,2382.03,9337.0,1367.0,507.0,36865.42,False,False,False,0,False,False,False,26.968119970738844
HP_2025,Holiday Prep,Seasonal Education,Adults,instagram,2025-11-04,5687.9,45969.0,3542.0,1461.0,137462.57,False,False,False,0,False,False,False,38.80930830039526
NF_2025,Nature First,Brand Image,Gen Z,youtube,2025-03-06,7787.45,253576.0,6536.0,390.0,17257.0,False,False,False,0,False,False,False,2.640299877600979
NF_2025,Nature First,Brand Image,Parents,instagram,2025-04-16,3549.49,24372.0,541.0,16.0,1156.42,False,False,False,0,False,False,False,2.1375600739371534
NF_2025,Nature First,Brand Image,Parents,email,2025-03-01,6763.83,53449.0,2176.0,186.0,16961.58,False,False,False,0,False,False,False,7.794843750000001
SS_2025,Summer Sale,Seasonal Sale,Adults,facebook,2025-05-23,3249.63,55932.0,1682.0,229.0,28190.97,False,False,False,0,False,False,False,16.76038644470868
SCA_2025,Skin Cancer Awareness,Educational Awareness,Young Adults,instagram,2025-05-02,19957.68,1815745.0,34545.0,367.0,7416.57,False,False,False,0,False,False,False,0.21469300911854103
AAR_2025,Anti-Aging Routine,Product Education,Young Adults,instagram,2025-04-27,2696.36,21749.0,396.0,56.0,3716.29,False,False,False,0,False,False,False,9.384570707070708
PL_2025,Product Launch,Product Launch,Seniors,linkedin,2025-02-11,5721.15,52216.0,1655.0,124.0,9677.6,False,False,False,0,False,False,False,5.84749244712991
HP_2025,Holiday Prep,Seasonal Education,Seniors,email,2025-11-02,2723.63,13665.0,1116.0,246.0,27096.64,False,False,False,0,False,False,False,24.280143369175626
NF_2025,Nature First,Brand Image,Parents,facebook,2025-03-28,5891.43,68514.0,2161.0,63.0,5266.83,False,False,False,0,False,False,False,2.4372188801480794
SCA_2025,Skin Cancer Awareness,Educational Awareness,Young Adults,instagram,2025-05-14,13830.99,540523.0,20972.0,1241.0,29346.17,False,False,False,0,False,False,False,1.3993024032042722
AAR_2025,Anti-Aging Routine,Product Education,Adults,email,2025-02-05,4026.33,8806.0,465.0,95.0,6257.07,False,False,False,0,False,False,False,13.456064516129032
AAR_2025,Anti-Aging Routine,Product Education,Adults,facebook,2025-02-23,3800.98,28232.0,585.0,109.0,13241.37,False,False,False,0,False,False,False,22.634820512820514
SS_2025,Summer Sale,Seasonal Sale,Young Adults,youtube,2025-05-30,13677.83,400781.0,13385.0,783.0,31577.27,False,False,False,0,False,False,False,2.359153530070975
DBB_2025,Don't Burn for Beauty,Social Impact,Young Adults,tiktok,2025-08-11,8931.05,490762.0,31140.0,253.0,8964.22,False,False,False,0,False,False,False,0.2878683365446371
BF_2025,Black Friday, Seasonal Sale,Parents,instagram,2025-11-22,6766.42,132057.0,9488.0,2791.0,182099.18,False,False,False,0,False,False,False,19.192577993254638
SS_2025,Summer Sale,Seasonal Sale,Gen Z,tiktok,2025-05-24,9886.15,376361.0,10603.0,844.0,46712.35,False,False,False,0,False,False,False,4.4055786098274075
SS_2025,Summer Sale,Seasonal Sale,Gen Z,instagram,2025-07-02,13067.41,174674.0,6854.0,395.0,24498.2,False,False,False,0,False,False,False,3.574292384009338
TSF_2025,TikTok Skin Fails,Trend Counter,Gen Z,tiktok,2025-06-07,22102.96,3204496.0,367652.0,24621.0,605133.86,False,False,False,0,False,False,False,1.6459419777398192
AAR_2025,Anti-Aging Routine, Product Education,Adults,linkedin,2025-03-15,5813.0,21871.0,487.0,105.0,13415.95,False,False,False,1,True,True,False,27.548151950718687
SS_2025,Summer Sale,Seasonal Sale,Parents,instagram,2025-05-24,12449.68,191828.0,6373.0,1255.0,57632.59,False,False,False,0,False,False,False,9.043243370469167
DBB_2025,Don't Burn for Beauty,Social Impact,Adults,facebook,2025-07-11,6425.66,284051.0,18690.0,1062.0,44573.69,False,False,False,0,False,False,False,2.3848951310861426
DBB_2025,Don't Burn for Beauty,Social Impact,Young Adults,tiktok,2025-07-13,8078.22,766297.0,58418.0,605.0,17392.12,False,False,False,0,False,False,False,0.2977185114177137
NF_2025,Nature First,Brand Image,Young Adults,youtube,2025-03-23,7670.72,199124.0,4902.0,352.0,19536.49,False,False,False,0,False,False,False,3.9854120767033865
AAR_2025,Anti-Aging Routine,Product Education,Adults,email,2025-05-22,5042.84,11222.0,571.0,302.0,25624.74,False,False,False,0,False,False,False,44.8769527145359
SS_2025,Summer Sale,Seasonal Sale,Young Adults,instagram,2025-07-12,10249.77,86112.0,1634.0,109.0,6576.32,False,False,False,0,False,False,False,4.024675642594859
TSF_2025,TikTok Skin Fails,Trend Counter,Gen Z,tiktok,2025-06-03,16814.14,1806557.0,0.0,0.0,0.0,False,False,False,0,False,False,False,0.7661460982148245
PL_2025,Product Launch,Product Launch,Seniors,linkedin,2025-03-28,14224.19,98841.0,3420.0,246.0,22761.16,False,False,False,0,False,False,False,6.655309941520468
AAR_2025,Anti-Aging Routine,Product Education,Adults,facebook,2025-04-17,2469.8,11757.0,275.0,34.0,2703.88,False,False,False,0,False,False,False,9.83229090909091
PL_2025,Product Launch,Product Launch,Seniors,linkedin,2025-02-28,8996.53,70786.0,3911.0,204.0,16339.71,False,False,False,0,False,False,False,4.17788545129123
TSF_2025,TikTok Skin Fails,Trend Counter,Young Adults,tiktok,2025-06-11,9932.04,891893.0,24442.0,724.0,35391.87,False,False,False,0,False,False,False,1.447994026675395
PL_2025,Product Launch,Product Launch,Young Adults,youtube,2025-02-27,11675.84,742742.0,29835.0,422.0,32450.36,False,False,False,0,False,False,False,1.087660801072566
AAR_2025,Anti-Aging Routine,Product Education,Seniors,facebook,2025-04-04,3704.38,16934.0,256.0,22.0,1737.57,False,False,False,0,False,False,False,6.7873828125
SS_2025,Summer Sale,Seasonal Sale,Young Adults,instagram,2025-05-28,3023.56,22300.0,1084.0,139.0,7037.7,False,False,False,0,False,False,False,6.492343173431734
NF_2025,Nature First,Brand Image,Gen Z,tiktok,2025-03-10,4873.84,156166.0,8157.0,98.0,6282.94,False,False,False,0,False,False,False,0.7702513178864778
PL_2025,Product Launch,Product Launch,Young Adults,youtube,2025-01-28,19502.96,1235563.0,72064.0,1205.0,87875.03,False,False,False,0,False,False,False,1.2194026143428063
SS_2025,Summer Sale,Seasonal Sale,Gen Z,youtube,2025-07-26,3930.61,200493.0,8960.0,1195.0,150293.0,True,False,False,0,False,False,False,16.77377232142857
SCA_2025,Skin Cancer Awareness,Educational Awareness,Adults,linkedin,2025-05-21,17469.07,353623.0,7831.0,40.0,1095.72,False,False,False,0,False,False,False,0.13992082748052612
NF_2025,Nature First,Brand Image,Parents,email,2025-03-17,7167.59,38139.0,1218.5,241.0,16956.73,False,False,False,1,True,True,False,13.91606893721789
SS_2025,Summer Sale,Seasonal Sale,Young Adults,email,2025-05-14,9276.29,88732.0,5601.0,342.0,23673.28,False,False,False,0,False,False,False,4.226616675593644
PL_2025,Product Launch,Product Launch,Adults,instagram,2025-02-20,12129.69,151050.0,7471.0,496.0,30344.14,False,False,False,0,False,False,False,4.061590148574488
NF_2025,Nature First,Brand Image,Young Adults,linkedin,2025-05-13,3148.77,28999.0,1268.0,9.0,706.78,False,False,False,0,False,False,False,0.557397476340694
BF_2025,Black Friday,Seasonal Sale,Young Adults,email,2025-11-20,2016.07,12924.0,938.0,442.0,24344.46,False,False,False,0,False,False,False,25.95358208955224
TSF_2025,TikTok Skin Fails,Trend Counter,Young Adults,youtube,2025-04-08,8168.71,669059.0,30169.0,4710.0,193480.15,False,False,False,0,False,False,False,6.413210580397096
TSF_2025,TikTok Skin Fails,Trend Counter,Gen Z,tiktok,2025-04-02,91255.28,30159228.0,1535512.0,57321.0,1949256.01,False,False,False,0,False,False,False,1.2694501964165699
TSF_2025,TikTok Skin Fails,Trend Counter,Gen Z,tiktok,2025-05-22,8044.52,1636441.0,58665.0,345.0,18343.22,False,False,False,0,False,False,False,0.3126774056081139
SS_2025,Summer Sale,Seasonal Sale,Parents,instagram,2025-06-13,2202.33,103585.5,3689.0,276.0,12285.87,True,False,False,0,False,False,False,3.330406614258607
NF_2025,Nature First,Brand Image,Young Adults,instagram,2025-03-19,7174.4,118751.0,4477.0,80.0,6870.0,False,False,False,0,False,False,True,1.5345451262600327
AAR_2025,Anti-Aging Routine,Product Education,Adults,email,2025-06-01,3307.95,7518.0,411.0,87.0,10682.02,False,False,False,0,False,False,False,25.990316301703164
SS_2025,Summer Sale,Seasonal Sale,Adults,facebook,2025-06-15,6373.64,197496.0,11604.0,1617.0,107459.03,False,False,False,0,False,False,False,9.260516201309892
HP_2025,Holiday Prep,Seasonal Education,Seniors,email,2025-11-11,6212.69,21582.0,2926.0,1015.0,113020.71,False,False,False,0,False,False,False,38.62635338345865
DBB_2025,Don't Burn for Beauty,Social Impact,Young Adults,instagram,2025-07-11,3310.89,286908.0,26553.0,1674.0,69081.41,False,False,False,0,False,False,False,2.6016423756261062
SS_2025,Summer Sale,Seasonal Sale,Gen Z,youtube,2025-07-01,13079.55,736269.0,35815.0,2713.0,148759.86,False,False,False,0,False,False,False,4.153563032249057
SCA_2025,Skin Cancer Awareness,Educational Awareness,Seniors,youtube,2025-06-03,5174.98,191973.0,5641.0,290.0,11937.62,False,False,False,0,False,False,False,2.11622407374579
SCA_2025,Skin Cancer Awareness,Educational Awareness,Adults,linkedin,2025-05-23,15651.54,271102.0,11506.0,255.0,10432.42,True,False,False,0,False,False,False,0.9066938988353902
HP_2025,Holiday Prep,Seasonal Education,Adults,facebook,2025-11-01,3473.78,45478.0,2329.0,852.0,62889.45,False,False,False,0,False,False,False,27.00276942893946
AAR_2025,Anti-Aging Routine,Product Education,Seniors,facebook,2025-03-29,3972.74,21168.0,559.0,120.0,9752.6,False,False,False,0,False,False,False,17.44651162790698
TSF_2025,TikTok Skin Fails,Trend Counter,Young Adults,instagram,2025-03-23,7007.63,386318.0,22983.0,1279.0,38613.88,False,False,False,0,False,False,False,1.6801061654266196
HP_2025,Holiday Prep,Seasonal Education,Seniors,facebook,2025-11-12,2309.66,9266.0,388.0,67.0,7324.65,False,False,False,0,False,False,False,18.877963917525772
AAR_2025,Anti-Aging Routine,Product Education,Adults,linkedin,2025-02-03,6335.46,64579.0,1854.0,467.0,46965.29,False,False,False,0,False,False,False,25.331871628910463
DBB_2025,Don't Burn for Beauty,Social Impact,Gen Z,instagram,2025-08-09,9696.13,412342.0,60340.0,3016.0,66371.53,False,False,False,0,False,False,False,1.0999590652966522
SS_2025,Summer Sale,Seasonal Sale,Gen Z,instagram,2025-06-18,16484.92,653639.0,30222.0,1231.0,59042.09,False,False,False,0,False,False,False,1.9536129309774335
BF_2025,Black Friday,Seasonal Sale,Adults,linkedin,2025-11-28,3526.88,63706.0,3381.0,909.0,79087.24,False,False,False,0,False,False,False,23.3916711032239
HP_2025,Holiday Prep,Seasonal Education ,Adults,email,2025-10-28,4246.94,17628.0,2663.0,1318.0,87872.91,False,False,False,0,False,False,False,32.99771310552009
AAR_2025,Anti-Aging Routine,Product Education,Young Adults,email,2025-03-26,5338.84,32337.0,1885.0,1355.0,110794.38,False,False,False,0,False,False,False,58.776859416445625
SS_2025,Summer Sale,Seasonal Sale,Young Adults,instagram,2025-06-21,5588.32,122943.0,6394.0,757.0,41296.25,False,False,False,0,False,False,False,6.458593994369721
SCA_2025,Skin Cancer Awareness,Educational Awareness,Seniors,youtube,2025-05-22,12889.05,687529.0,10295.0,158.0,5899.57,False,False,False,0,False,False,False,0.5730519669742593
TSF_2025,TikTok Skin Fails,Trend Counter,Gen Z,tiktok,2025-05-10,5067.75,368092.0,27441.0,2900.0,21024.0,False,False,False,0,False,False,True,0.7661460982148245
AAR_2025,Anti-Aging Routine,Product Education,Young Adults,youtube,2025-03-18,1961.84,13473.0,319.0,34.0,3210.08,False,False,False,0,False,False,False,10.062946708463949
SCA_2025,Skin Cancer Awareness,Educational Awareness,Young Adults,tiktok,2025-05-13,19583.61,1765590.0,61543.0,465.0,9587.08,False,False,False,0,False,False,False,0.15577856133110182
NF_2025,Nature First,Brand Image,Gen Z,tiktok,2025-02-25,6233.48,133875.0,6839.0,79.0,3978.77,False,False,False,0,False,False,False,0.5817765755227372
HP_2025,Holiday Prep,Seasonal Education,Adults,email,2025-10-29,5589.11,19550.0,1559.0,596.0,38096.43,False,False,False,0,False,False,False,24.436452854393842
PL_2025,Product Launch,Product Launch,Young Adults,facebook,2025-02-06,6395.24,205609.0,6865.0,278.0,21104.77,True,False,False,0,False,False,False,3.0742563729060453
AAR_2025,Anti-Aging Routine,Product Education,Young Adults,email,2025-01-26,5792.12,40480.0,3675.0,859.0,67232.27,False,False,False,0,False,False,False,18.29449523809524
AAR_2025,Anti-Aging Routine,Product Education,Young Adults,instagram,2025-04-08,3610.56,25741.0,1242.0,79.0,4459.91,False,False,False,0,False,False,False,3.5909098228663443
PL_2025,Product Launch,Product Launch,Seniors,linkedin,2025-03-22,8755.78,78456.0,3625.0,458.0,50570.22,False,False,False,0,False,False,False,13.95040551724138
PL_2025,Product Launch,Product Launch,Young Adults,instagram,2025-01-28,7097.39,146713.0,6436.0,234.0,22287.01,False,False,False,0,False,False,False,3.462866687383468
HP_2025,Holiday Prep,Seasonal Education,Parents,facebook,2025-10-31,5708.33,39223.0,2187.0,696.0,60025.31,False,False,False,0,False,False,False,27.44641518061271
DBB_2025,Don't Burn for Beauty,Social Impact,Young Adults,tiktok,2025-08-07,6551.31,416916.0,24661.0,287.0,10590.14,False,False,False,0,False,False,False,0.4294286525282835
SS_2025,Summer Sale,Seasonal Sale,Parents,facebook,2025-07-16,9031.85,63675.0,2412.0,172.0,9750.49,False,False,False,0,False,False,False,4.042491708126036
NF_2025,Nature First,Brand Image,Young Adults,youtube,2025-05-22,4405.26,68040.0,3270.0,69.0,8392.61,False,False,False,0,False,False,False,2.566547400611621
NF_2025,Nature First,Brand Image,Young Adults,linkedin,2025-03-04,8265.42,44626.0,1054.0,25.0,1878.72,False,False,False,0,False,False,False,1.7824667931688805
AAR_2025,Anti-Aging Routine,Product Education,Young Adults,email,2025-02-01,8274.96,55069.0,2916.0,2265.0,121832.76,False,False,False,0,False,False,False,41.78078189300411
AAR_2025,Anti-Aging Routine,Product Education,Seniors,facebook,2025-04-08,3454.12,11257.0,245.0,57.0,7941.2,False,False,False,0,False,False,False,32.413061224489795
NF_2025,Nature First,Brand Image,Young Adults,youtube,2025-05-08,4606.96,51641.0,1696.0,25.0,2363.0,False,False,False,0,False,False,True,1.393211034107895
SS_2025,Summer Sale,Seasonal Sale,Adults,email,2025-05-21,7969.75,26586.0,1223.0,640.0,34713.17,False,False,False,0,False,False,False,28.383622240392476
AAR_2025,Anti-Aging Routine,Product Education,Adults,email,2025-03-04,3939.91,13895.0,0.0,0.0,0.0,False,False,False,0,False,False,False,36.645781081712364
AAR_2025,Anti-Aging Routine,Product Education,Adults,youtube,2025-01-31,8003.29,94918.0,5133.0,1095.0,119907.4,False,False,False,0,False,False,False,23.360101305279564
AAR_2025,Anti-Aging Routine,Product Education,Young Adults,youtube,2025-05-28,7138.53,75799.0,1654.0,289.0,18360.52,False,False,False,0,False,False,False,11.100677146311972
NF_2025,Nature First,Brand Image,Young Adults,youtube,2025-03-02,7888.26,195183.0,5666.0,294.0,21563.62,False,False,False,0,False,False,False,3.8057924461701376
TSF_2025,TikTok Skin Fails,Trend Counter,Gen Z,tiktok,2025-04-17,10685.56,2353057.0,159634.0,2071.0,119727.02,False,False,False,0,False,False,False,0.7500095217810743
AAR_2025,Anti-Aging Routine,Product Education,Seniors,facebook,2025-04-06,3841.43,22184.0,608.0,128.0,15857.07,False,False,False,0,False,False,False,26.080707236842105
BF_2025,Black Friday,Seasonal Sale,Young Adults,instagram,2025-11-27,32051.19,1118687.0,101315.0,23208.0,1226156.56,False,False,False,0,False,False,False,12.102418792873712
AAR_2025,Anti-Aging Routine,Product Education,Seniors,email,2025-05-29,5089.1,10914.0,548.0,300.0,37789.07,False,False,False,0,False,False,False,68.95815693430657
PL_2025,Product Launch,Product Launch,Young Adults,facebook,2025-01-30,13765.3,205609.0,53471.0,2539.0,251667.37,True,False,False,0,False,False,False,4.706614239494305
NF_2025,Nature First,Brand Image,Gen Z,instagram,2025-02-26,4292.89,103669.0,7150.0,122.0,7055.97,False,False,False,0,False,False,False,0.9868489510489511
SS_2025,Summer Sale,Seasonal Sale,Parents,email,2025-05-29,9522.1,68015.0,5479.0,2572.0,182774.35,False,False,False,0,False,False,False,33.35907099835737
AAR_2025,Anti-Aging Routine,Product Education,Seniors,linkedin,2025-05-10,3156.0,23681.0,339.0,112.0,10988.35,False,False,False,0,False,False,False,32.414011799410034
NF_2025,Nature First,Brand Image,Young Adults,linkedin,2025-05-06,4979.97,46270.0,2472.0,44.0,3257.17,False,False,False,0,False,False,False,1.3176254045307443
DBB_2025,Don't Burn for Beauty,Social Impact,Young Adults,instagram,2025-07-18,3771.9,130438.0,18059.0,731.0,20772.07,False,False,False,0,False,False,False,1.1502336784982556
DBB_2025,Don't Burn for Beauty,Social Impact,Young Adults,instagram,2025-07-10,8786.075,218857.0,8642.0,197.0,8316.37,False,True,False,0,False,False,False,0.9623200647998149
DBB_2025,Don't Burn for Beauty,Social Impact,Adults,linkedin,2025-07-21,8669.87,157430.0,5025.0,629.0,23520.73,False,False,False,0,False,False,False,4.680742288557214
SS_2025,Summer Sale,Seasonal Sale,Parents,facebook,2025-06-13,4002.49,65740.0,5429.0,764.0,35272.68,False,False,False,0,False,False,False,6.497086019524774
NF_2025,Nature First,Brand Image,Gen Z,youtube,2025-03-27,5038.72,64620.0,1437.0,52.0,3754.91,False,False,False,0,False,False,False,2.613020180932498
AAR_2025,Anti-Aging Routine,Product Education,Adults,youtube,2025-01-27,5213.59,31284.0,1101.0,97.0,10133.94,False,False,False,0,False,False,False,9.204305177111717
SS_2025,Summer Sale,Seasonal Sale,Gen Z,tiktok,2025-07-28,1933.01,71312.0,6705.0,274.0,14074.99,False,False,False,0,False,False,False,2.099178225205071
AAR_2025,Anti-Aging Routine,Product Education,Young Adults,email,2025-03-16,2550.13,14292.0,930.0,661.0,65006.27,False,False,False,0,False,False,False,69.89921505376344
TSF_2025,TikTok Skin Fails,Trend Counter,Gen Z,instagram,2025-04-24,7844.48,352527.0,31376.0,2205.0,57706.26,False,False,False,0,False,False,False,1.8391847271800104
SS_2025,Summer Sale,Seasonal Sale,Parents,email,2025-06-23,2096.15,14470.0,598.0,82.0,5888.16,False,False,False,0,False,False,False,9.846421404682275
SS_2025,Summer Sale,Seasonal Sale,Gen Z,tiktok,2025-07-08,6942.28,239159.0,0.0,0.0,0.0,False,False,False,0,False,False,False,2.80956829827236
AAR_2025,Anti-Aging Routine,Product Education,Adults,youtube,2025-06-04,5094.41,56245.0,2075.0,130.0,15700.69,False,False,False,0,False,False,False,7.566597590361446
SS_2025,Summer Sale,Seasonal Sale,Gen Z,youtube,2025-06-20,11743.46,713406.0,25842.0,1127.0,69623.15,False,False,False,0,False,False,False,2.694185821530841
AAR_2025,Anti-Aging Routine,Product Education,Adults,linkedin,2025-05-24,3235.2,20677.0,1758.0,524.0,40196.16,False,False,False,0,False,False,False,22.864709897610922
AAR_2025,Anti-Aging Routine,Product Education,Young Adults,youtube,2025-03-13,5484.5,38932.0,746.0,214.0,19339.82,False,False,False,0,False,False,False,25.924691689008043
SS_2025,Summer Sale,Seasonal Sale,Young Adults,youtube,2025-06-26,4359.4,159178.0,16234.0,1693.0,113442.04,False,False,False,0,False,False,False,6.987929037821855
NF_2025,Nature First,Brand Image,Young Adults,linkedin,2025-03-01,6976.16,59834.0,973.0,46.0,3366.19,False,False,False,0,False,False,False,3.4595991778006168
AAR_2025,Anti-Aging Routine,Product Education,Adults,youtube,2025-03-13,3026.19,17140.0,919.0,148.0,9257.66,False,False,False,0,False,False,False,10.073623503808488
NF_2025,Nature First,Brand Image,Young Adults,linkedin,2025-02-20,5335.19,42141.0,1055.0,30.0,1327.2,False,False,True,0,False,False,False,1.2580094786729858
SS_2025,Summer Sale,Seasonal Sale,Adults,linkedin,2025-06-30,3008.63,15108.0,528.0,64.0,4364.87,False,False,False,0,False,False,False,8.266799242424241
SCA_2025,Skin Cancer Awareness,Educational Awareness,Seniors,linkedin,2025-05-27,13244.44,295570.0,11575.0,241.0,9535.46,False,False,False,0,False,False,False,0.8237978401727861
TSF_2025,TikTok Skin Fails,Trend Counter,Young Adults,instagram,2025-04-21,11616.59,1150386.0,47067.0,1295.0,48801.6,False,False,False,0,False,False,False,1.0368538466441455
AAR_2025,Anti-Aging Routine,Product Education,Adults,email,2025-02-19,7163.46,29566.0,1266.0,318.0,35883.36,False,False,False,0,False,False,False,28.343886255924172
DBB_2025,Don't Burn for Beauty,Social Impact,Young Adults,youtube,2025-06-29,13000.59,1168604.0,85530.0,4398.0,171451.43,False,False,False,0,False,False,False,2.004576522857477
SCA_2025,Skin Cancer Awareness,Educational Awareness,Adults,linkedin,2025-05-11,9801.29,332235.0,12679.0,125.0,5412.59,False,False,False,0,False,False,False,0.4268940768199385
PL_2025,Product Launch,Product Launch,Young Adults,tiktok,2025-03-25,9798.82,776751.0,37328.0,284.0,27031.21,False,False,False,1,True,True,False,0.7241537183883412
AAR_2025,Anti-Aging Routine,Product Education,Young Adults,facebook,2025-05-20,3859.03,60912.0,2127.0,161.0,26286.27,False,False,True,0,False,False,False,12.358377997179126
AAR_2025,Anti-Aging Routine,Product Education,Young Adults,youtube,2025-03-05,5281.15,107373.0,2992.0,250.0,17679.52,False,False,False,0,False,False,False,5.908930481283423
HP_2025,Holiday Prep,Seasonal Education,Seniors,email,2025-11-12,4812.22,5084.0,291.0,100.0,7899.68,False,False,False,0,False,False,False,27.14666666666667
DBB_2025,Don't Burn for Beauty,Social Impact,Young Adults,facebook,2025-06-28,3439.83,203945.0,15422.0,496.0,11169.44,False,False,False,0,False,False,False,0.7242536635974582
AAR_2025,Anti-Aging Routine,Product Education,Young Adults,youtube,2025-03-03,3225.8,71715.0,1613.0,164.0,11666.83,False,False,False,0,False,False,False,7.2330006199628025
NF_2025,Nature First,Brand Image,Gen Z,youtube,2025-03-22,6108.15,352032.0,14259.0,95.0,39943.64,False,True,True,0,False,False,False,2.8012932183182553
SS_2025,Summer Sale,Seasonal Sale,Young Adults,email,2025-07-25,3914.69,77819.0,8772.0,585.0,124450.0,False,False,False,0,False,False,True,14.187154185022026
TSF_2025,TikTok Skin Fails,Trend Counter,Young Adults,instagram,2025-05-14,253986.09,17084379.0,2704112.0,140574.0,3363382.54,False,False,False,0,False,False,False,1.2438029711787086
AAR_2025,Anti-Aging Routine,Product Education,Adults,facebook,2025-01-23,4203.14,15551.0,478.0,78.0,7136.74,False,False,False,0,False,False,False,14.93041841004184
PL_2025,Product Launch,Product Launch,Adults,youtube,2025-02-22,35912.05,662792.0,30968.0,317.0,28735.14,False,False,False,0,False,False,False,0.9278978300180831
HP_2025,Holiday Prep,Seasonal Education,Seniors,facebook,2025-10-31,3546.35,29310.0,765.0,303.0,24309.8,False,False,False,0,False,False,False,31.77751633986928
SS_2025,Summer Sale,Seasonal Sale,Adults,facebook,2025-06-25,3948.62,75199.0,1970.0,420.0,32163.85,False,False,False,0,False,False,False,16.32682741116751
SS_2025,Summer Sale,Seasonal Sale,Gen Z,tiktok,2025-07-18,3818.52,175471.0,4133.0,207.0,13196.44,False,False,False,0,False,False,False,3.1929445923058313
PL_2025,Product Launch,Product Launch,Adults,instagram,2025-03-05,16060.16,682704.0,28562.0,1172.0,93479.37,False,False,False,0,False,False,False,3.2728579931377353
SS_2025,Summer Sale,Seasonal Sale,Parents,facebook,2025-05-21,8330.95,136063.0,10898.0,1430.0,101412.33,False,False,False,0,False,False,False,9.305590934116351
PL_2025,Product Launch,Product Launch,Young Adults,tiktok,2025-03-19,13013.02,441852.0,0.0,0.0,0.0,False,False,False,0,False,False,False,1.2061881078691423
AAR_2025,Anti-Aging Routine,Product Education,Young Adults,instagram,2025-02-13,4923.91,34888.0,0.0,0.0,0.0,False,False,False,0,False,False,False,10.850630763068924
HP_2025,Holiday Prep,Seasonal Education,Adults,email,2025-11-14,5160.94,20695.0,1298.0,616.0,165077.02,False,False,False,0,False,False,False,127.1779815100154
SS_2025,Summer Sale,Seasonal Sale,Gen Z,instagram,2025-05-19,3982.26,99559.0,0.0,0.0,0.0,False,False,False,0,False,False,False,5.515245255411358
AAR_2025,Anti-Aging Routine,Product Education,Adults,facebook,2025-03-02,2987.07,12437.0,357.0,44.0,4082.78,False,False,False,0,False,False,False,11.436358543417368
AAR_2025,Anti-Aging Routine,Product Education,Young Adults,email,2025-03-29,4285.35,17987.0,513.0,118.0,7990.58,False,False,False,0,False,False,False,15.576179337231968
PL_2025,Product Launch,Product Launch,Adults,facebook,2025-03-10,5502.6,92262.0,5076.0,328.0,19130.46,False,False,False,0,False,False,False,3.768806146572104
PL_2025,Product Launch,Product Launch,Young Adults,youtube,2025-02-17,27161.4,823262.0,33612.0,1496.0,129787.21,False,False,False,0,False,False,False,3.8613355349280023
SS_2025,Summer Sale,Seasonal Sale,Young Adults,instagram,2025-07-15,12105.95,110146.0,2466.0,275.0,15365.62,False,False,False,0,False,False,False,6.230989456609895
AAR_2025,Anti-Aging Routine,Product Education,Seniors,facebook,2025-06-03,7241.97,23485.0,1130.0,226.0,27222.78,False,False,False,0,False,False,False,24.090955752212388
TSF_2025,TikTok Skin Fails,Trend Counter,Gen Z,tiktok,2025-05-16,5458.06,671263.0,10803.0,188.0,7428.13,False,False,False,0,False,False,False,0.6875988151439415
AAR_2025,Anti-Aging Routine,Product Education,Adults,facebook,2025-03-26,2751.71,21213.0,1344.0,628.0,51490.5,False,False,False,0,False,False,False,38.31138392857143
DBB_2025,Don't Burn for Beauty,Social Impact,Young Adults,tiktok,2025-07-22,7831.27,718310.0,27666.0,511.0,11672.43,False,False,False,0,False,False,False,0.42190522663196706
NF_2025,Nature First,Brand Image,Young Adults,youtube,2025-04-27,5727.4,126574.0,5222.0,91.0,8071.28,False,False,False,0,False,False,False,1.5456300268096514
DBB_2025,Don't Burn for Beauty,Social Impact,Young Adults,tiktok,2025-08-10,4338.54,543365.0,53775.0,464.0,20172.19,False,False,False,0,False,False,False,0.37512208275220826
SS_2025,Summer Sale,Seasonal Sale,Young Adults,email,2025-05-31,10542.34,80893.0,9400.0,1506.0,67650.83,False,False,False,0,False,False,False,7.196896808510639
AAR_2025,Anti-Aging Routine,Product Education,Seniors,email,2025-04-20,4704.68,3641.0,0.0,0.0,0.0,False,False,False,0,False,False,False,36.645781081712364
SS_2025,Summer Sale,Seasonal Sale,Parents,instagram,2025-07-05,2595.35,35808.0,931.0,72.0,3885.48,False,False,False,0,False,False,False,4.173447905477981
PL_2025,Product Launch,Product Launch,Adults,email,2025-01-20,15131.81,92019.0,5161.0,522.0,48504.66,False,False,False,0,False,False,False,9.398306529742298
SS_2025,Summer Sale,Seasonal Sale,Adults,facebook,2025-06-02,7273.69,96340.0,5207.0,512.0,25304.81,False,False,False,0,False,False,False,4.859767620510851
BF_2025,Black Friday,Seasonal Sale,Young Adults,facebook,2025-11-19,7144.98,125235.0,8959.0,759.0,39779.62,False,False,False,0,False,False,False,4.440185288536667
AAR_2025,Anti-Aging Routine,Product Education,Young Adults,facebook,2025-03-15,3725.64,27586.5,1879.0,369.0,26715.9,True,False,False,0,False,False,False,14.218147951037787
PL_2025,Product Launch,Product Launch,Young Adults,instagram,2025-02-01,13382.38,481182.0,24014.0,372.0,30255.93,False,False,False,0,False,False,False,1.2599287915382693
AAR_2025,Anti-Aging Routine,Product Education,Adults,linkedin,2025-04-15,5911.7,30633.0,997.0,234.0,27466.91,False,False,False,0,False,False,False,27.549558676028084
PL_2025,Product Launch,Product Launch,Young Adults,instagram,2025-03-16,9147.05,172010.0,7154.0,116.0,10071.37,False,False,False,0,False,False,False,1.4077956388034667
PL_2025,Product Launch,Product Launch,Adults,instagram,2025-02-23,16151.42,359357.0,19235.0,746.0,44600.26,False,False,False,0,False,False,False,2.318703405250845
NF_2025,Nature First,Brand Image,Young Adults,instagram,2025-02-26,7352.95,53500.0,1083.0,9.0,686.44,False,False,False,0,False,False,False,0.6338319482917821
AAR_2025,Anti-Aging Routine,Product Education,Young Adults,youtube,2025-04-20,5366.19,50055.0,1659.0,257.0,27507.33,False,False,False,0,False,False,False,16.580669077757687
AAR_2025,Anti-Aging Routine,Product Education,Young Adults,email,2025-05-19,4457.75,14963.0,628.0,238.0,20008.59,False,False,False,0,False,False,False,31.860812101910827
AAR_2025,Anti-Aging Routine,Product Education,Young Adults,youtube,2025-05-07,3553.65,86323.0,2450.0,419.0,34856.98,False,False,False,0,False,False,False,14.227338775510205
NF_2025,Nature First,Brand Image,Young Adults,linkedin,2025-04-14,3312.16,15683.0,612.0,18.0,1540.48,False,False,False,0,False,False,False,2.517124183006536
SS_2025,Summer Sale,Seasonal Sale,Gen Z,youtube,2025-05-18,5806.18,252220.0,13174.0,907.0,161632.25,False,False,True,0,False,False,False,12.269033702747837
NF_2025,Nature First,Brand Image,Young Adults,linkedin,2025-04-02,3671.52,83208.0,1061.0,16.0,1012.88,False,False,False,0,False,False,False,0.9546465598491989
PL_2025,Product Launch,Product Launch,Young Adults,tiktok,2025-03-21,21743.75,806940.0,83013.0,1336.0,84796.83,True,False,False,0,False,False,False,1.0214885620324528
HP_2025,Holiday Prep,Seasonal Education,Adults,email,2025-11-11,5969.56,27783.0,3046.0,2042.0,198140.14,False,False,False,0,False,False,False,65.04929087327643
NF_2025,Nature First,Brand Image,Parents,email,2025-03-15,4427.03,20527.0,1144.0,53.0,3359.01,False,False,False,0,False,False,False,2.9361975524475525
AAR_2025,Anti-Aging Routine,Product Education,Seniors,linkedin,2025-03-09,4118.18,17553.0,277.0,77.0,9837.54,False,False,False,0,False,False,False,35.51458483754513
DBB_2025,Don't Burn for Beauty,Social Impact,Gen Z,tiktok,2025-07-31,10328.41,747014.0,69631.0,587.0,0.0,False,False,True,0,False,False,False,0.0
AAR_2025,Anti-Aging Routine,Product Education,Adults,youtube,2025-02-13,4540.72,54049.0,3318.0,557.0,70209.84,False,False,False,0,False,False,False,21.16028933092224
SS_2025,Summer Sale,Seasonal Sale,Young Adults,email,2025-07-08,1938.88,12683.0,1544.0,310.0,20797.57,False,False,False,0,False,False,False,13.469928756476683
NF_2025,Nature First,Brand Image,Parents,instagram,2025-05-11,4913.63,45906.0,2048.0,37.0,3263.96,False,False,False,0,False,False,False,1.59373046875
HP_2025,Holiday Prep,Seasonal Education,Parents,facebook,2025-11-11,3205.53,21206.0,1269.0,402.0,25099.0,False,False,False,0,False,False,True,19.778427752554908
AAR_2025,Anti-Aging Routine,Product Education,Young Adults,youtube,2025-05-30,3193.69,43716.0,2157.0,217.0,23840.9,False,False,False,0,False,False,False,11.052804821511359
AAR_2025,Anti-Aging Routine,Product Education,Seniors,linkedin,2025-03-28,6015.34,24966.0,1760.0,373.0,45032.44,False,False,False,0,False,False,False,25.586613636363637
SS_2025,Summer Sale,Seasonal Sale,Young Adults,instagram,2025-06-12,3017.87,64144.0,3099.0,202.0,9891.57,False,False,False,0,False,False,False,3.1918586640851885
SS_2025,Summer Sale,Seasonal Sale,Young Adults,facebook,2025-05-17,13668.59,194321.0,9945.0,819.0,37915.98,False,False,False,0,False,False,False,3.812567119155355
DBB_2025,Don't Burn for Beauty,Social Impact,Gen Z,tiktok,2025-06-23,14970.95,846806.0,40631.0,594.0,21259.12,False,False,False,0,False,False,False,0.523224139204056
AAR_2025,Anti-Aging Routine,Product Education,Young Adults,email,2025-01-24,4040.9,17652.0,1677.0,534.0,53430.45,False,False,False,0,False,False,False,31.860733452593916
AAR_2025,Anti-Aging Routine,Product Education,Seniors,linkedin,2025-02-26,4720.24,11260.0,219.0,79.0,10655.33,False,False,False,0,False,False,False,48.65447488584475
AAR_2025,Anti-Aging Routine,Product Education,Young Adults,instagram,2025-06-04,3916.65,24079.0,1344.0,195.0,11872.43,False,False,False,0,False,False,False,8.833653273809524
PL_2025,Product Launch,Product Launch,Seniors,linkedin,2025-03-23,8721.75,35580.0,1366.0,61.0,7608.62,False,False,False,0,False,False,False,5.57
NF_2025,Nature First,Brand Image,Young Adults,linkedin,2025-05-16,4837.31,83115.0,0.0,0.0,0.0,False,False,False,0,False,False,False,1.770717523568567
NF_2025,Nature First,Brand Image,Gen Z,instagram,2025-04-10,10909.11,90391.0,0.0,0.0,0.0,False,False,False,0,False,False,False,1.5345451262600327
AAR_2025,Anti-Aging Routine,Product Education,Adults,linkedin,2025-06-07,3377.02,21229.0,368.0,42.0,5069.95,False,False,False,0,False,False,False,13.77703804347826
AAR_2025,Anti-Aging Routine,Product Education,Seniors,linkedin,2025-04-13,2872.53,6596.0,222.0,39.0,5340.33,False,False,False,0,False,False,False,24.05554054054054
TSF_2025,TikTok Skin Fails,Trend Counter,Gen Z,tiktok,2025-03-23,1545.11,155691.0,6940.0,58.0,2354.3,False,False,False,0,False,False,False,0.3392363112391931
HP_2025,Holiday Prep,Seasonal Education,Parents,facebook,2025-11-21,4499.29,22471.0,0.0,0.0,0.0,False,False,False,0,False,False,False,19.778427752554908
PL_2025,Product Launch,Product Launch,Adults,youtube,2025-01-24,11829.72,305464.0,14337.0,332.0,30463.7,False,False,False,0,False,False,False,2.124830857222571
DBB_2025,Don't Burn for Beauty,Social Impact,Adults,facebook,2025-06-25,6363.56,96180.0,3766.0,210.0,9571.09,False,False,False,0,False,False,False,2.541447158789166
DBB_2025,Don't Burn for Beauty,Social Impact,Gen Z,instagram,2025-07-24,7795.11,294325.0,23988.0,1085.0,31893.46,False,False,False,0,False,False,False,1.3295589461397366
DBB_2025,Don't Burn for Beauty,Social Impact,Young Adults,facebook,2025-07-18,3283.84,97943.0,4337.0,144.0,5233.46,False,False,False,0,False,False,False,1.206700484205672
AAR_2025,Anti-Aging Routine,Product Education,Adults,youtube,2025-02-08,3413.48,28429.0,672.0,72.0,4679.16,False,False,False,0,False,False,False,6.963035714285714
AAR_2025,Anti-Aging Routine,Product Education,Young Adults,youtube,2025-05-22,2320.02,27398.0,1343.0,163.0,12899.91,False,False,False,0,False,False,False,9.605294117647059
HP_2025,Holiday Prep,Seasonal Education,Adults,instagram,2025-11-09,6120.27,38153.0,1223.0,414.0,29445.35,False,False,False,0,False,False,False,24.076328699918232
AAR_2025,Anti-Aging Routine,Product Education,Seniors,linkedin,2025-04-14,2356.48,7162.0,254.0,96.0,10101.67,False,False,True,0,False,False,False,39.77035433070866
PL_2025,Product Launch,Product Launch,Adults,facebook,2025-03-18,36925.44,1090378.0,51958.0,1973.0,146870.74,False,False,False,0,False,False,False,2.8267204280380307
AAR_2025,Anti-Aging Routine,Product Education,Seniors,facebook,2025-04-23,5063.04,20650.0,741.0,102.0,14308.46,False,False,False,0,False,False,False,19.30966261808367
PL_2025,Product Launch,Product Launch,Seniors,email,2025-02-16,16004.79,83268.0,9984.0,1225.0,86959.0,False,False,False,0,False,False,True,8.709877626083228
TSF_2025,TikTok Skin Fails,Trend Counter,Gen Z,instagram,2025-04-28,127543.31,10790670.0,246344.0,21317.0,609002.4,False,False,False,0,False,False,False,2.4721625044653006
SCA_2025,Skin Cancer Awareness,Educational Awareness,Young Adults,instagram,2025-05-27,7242.94,920132.0,40483.0,435.0,12051.3,False,False,False,0,False,False,False,0.29768791838549513
AAR_2025,Anti-Aging Routine,Product Education,Adults,linkedin,2025-01-19,3138.26,10671.0,470.0,96.0,35042.74,False,False,True,0,False,False,False,74.55902127659574
SS_2025,Summer Sale,Seasonal Sale,Young Adults,youtube,2025-05-27,6215.530000000001,26198.0,1471.0,54.0,3836.31,False,True,False,0,False,False,False,2.607960571040109
HP_2025,Holiday Prep,Seasonal Education,Adults,instagram,2025-11-15,6770.15,60665.0,3281.0,440.0,45991.4,False,False,True,0,False,False,False,14.017494666260287
SCA_2025,Skin Cancer Awareness,Educational Awareness,Young Adults,instagram,2025-05-29,18042.77,1294611.0,27840.0,147.0,3527.39,False,False,False,0,False,False,False,0.12670222701149425
AAR_2025,Anti-Aging Routine,Product Education,Young Adults,youtube,2025-02-13,4552.3,72072.0,1772.0,345.0,19360.28,False,False,False,0,False,False,False,10.925665914221218
SS_2025,Summer Sale,Seasonal Sale,Young Adults,email,2025-07-15,2495.24,32742.0,2364.0,246.0,43741.6,False,False,False,0,False,False,False,18.50321489001692
TSF_2025,TikTok Skin Fails,Trend Counter,Gen Z,instagram,2025-03-17,28129.79,1237081.0,22513.0,126.0,4221.06,False,False,False,0,False,False,False,0.18749433660551684
SS_2025,Summer Sale,Seasonal Sale,Adults,linkedin,2025-06-15,3213.05,43300.0,928.0,137.0,9095.02,True,False,False,0,False,False,False,9.800668103448276
SS_2025,Summer Sale,Seasonal Sale,Adults,linkedin,2025-05-19,10496.7,92543.0,2274.0,547.0,28427.22,False,False,False,0,False,False,False,12.500976253298154
PL_2025,Product Launch,Product Launch,Young Adults,facebook,2025-02-20,6350.76,126553.0,7809.0,152.0,12468.79,False,False,False,0,False,False,False,1.5967204507619415
AAR_2025,Anti-Aging Routine,Product Education,Adults,linkedin,2025-05-25,5122.93,26959.0,487.0,57.0,4909.15,False,False,False,0,False,False,False,10.080390143737166
AAR_2025,Anti-Aging Routine,Product Education,Adults,email,2025-05-08,5380.4,12156.0,551.0,239.0,29148.79,False,False,False,0,False,False,False,52.901615245009076
SS_2025,Summer Sale,Seasonal Sale,Young Adults,instagram,2025-07-27,2671.77,31008.0,1366.0,199.0,11821.37,False,False,False,0,False,False,False,8.65400439238653
TSF_2025,TikTok Skin Fails,Trend Counter,Gen Z,youtube,2025-06-11,38075.19,2603200.0,152396.0,6816.0,184960.0,False,False,False,0,False,False,True,1.2136772700374119
AAR_2025,Anti-Aging Routine,Product Education,Young Adults,email,2025-04-01,6864.58,26489.0,1915.0,196.0,17543.41,False,False,False,0,False,False,False,9.161049608355091
TSF_2025,TikTok Skin Fails,Trend Counter,Gen Z,youtube,2025-05-18,31175.1,2544613.0,186240.0,4268.0,241051.88,False,False,False,0,False,False,False,1.2943077749140894
PL_2025,Product Launch,Product Launch,Adults,youtube,2025-02-24,10361.27,225562.0,9582.0,285.0,28882.24,False,False,False,0,False,False,False,3.014218326027969
AAR_2025,Anti-Aging Routine,Product Education,Adults,facebook,2025-03-11,6318.63,44633.0,1800.0,235.0,25355.09,False,False,False,0,False,False,False,14.086161111111112
NF_2025,Nature First,Brand Image,Gen Z,youtube,2025-03-14,5778.61,146954.0,7178.0,264.0,21207.39,False,False,False,0,False,False,False,2.9544984675397044
AAR_2025,Anti-Aging Routine,Product Education,Adults,email,2025-04-04,5284.93,26208.0,700.0,419.0,49281.36,False,False,False,0,False,False,False,70.40194285714286
BF_2025,Black Friday,Seasonal Sale,Young Adults,email,2025-11-21,61021.56,401531.0,25417.0,8999.0,210359.24,False,False,False,0,False,False,False,8.276320572844947
AAR_2025,Anti-Aging Routine,Product Education,Young Adults,instagram,2025-03-30,5907.92,39765.0,1665.0,769.0,77150.22,False,False,False,0,False,False,False,46.33646846846847
SS_2025,Summer Sale,Seasonal Sale,Young Adults,facebook,2025-05-11,4460.33,112704.0,4667.0,359.0,13114.41,False,False,False,0,False,False,False,2.810029997857296
NF_2025,Nature First,Brand Image,Young Adults,youtube,2025-04-03,6527.17,213062.0,12703.0,201.0,10549.24,False,False,False,0,False,False,False,0.8304526489805557
PL_2025,Product Launch,Product Launch,Adults,youtube,2025-01-26,16433.74,1603065.0,101452.0,1722.0,181050.96,False,False,False,0,False,False,False,1.7845972479596262
SCA_2025,Skin Cancer Awareness,Educational Awareness,Adults,youtube,2025-05-16,13308.32,770504.0,21325.0,109.0,3064.02,False,False,False,0,False,False,False,0.1436820633059789
AAR_2025,Anti-Aging Routine,Product Education,Adults,facebook,2025-04-12,3188.14,17599.0,870.0,66.0,7539.75,False,False,False,0,False,False,False,8.666379310344828
AAR_2025,Anti-Aging Routine,Product Education,Young Adults,email,2025-01-22,6241.12,25060.0,892.0,882.0,75377.62,False,False,False,0,False,False,False,84.50405829596411
DBB_2025,Don't Burn for Beauty,Social Impact,Adults,linkedin,2025-07-08,4160.73,65656.0,1940.0,89.0,2707.94,False,False,False,0,False,False,False,1.3958453608247423
SS_2025,Summer Sale,Seasonal Sale,Parents,facebook,2025-06-18,4419.52,72506.0,1471.0,284.0,19821.75,False,False,False,0,False,False,False,13.475016995241333
PL_2025,Product Launch,Product Launch,Young Adults,tiktok,2025-02-01,14304.28,1118864.0,82620.0,2025.0,126862.51,False,False,False,0,False,False,False,1.5354939481965626
NF_2025,Nature First,Brand Image,Gen Z,tiktok,2025-03-18,6110.74,99769.0,7922.0,153.0,12976.44,False,False,False,0,False,False,False,1.6380257510729614
NF_2025,Nature First,Brand Image,Young Adults,linkedin,2025-05-03,3480.86,38722.0,801.0,15.0,1333.03,False,False,False,0,False,False,False,1.664207240948814
SS_2025,Summer Sale,Seasonal Sale,Adults,linkedin,2025-07-02,7562.24,109638.0,4624.0,184.0,16457.32,False,False,True,0,False,False,False,3.559108996539792
DBB_2025,Don't Burn for Beauty,Social Impact,Gen Z,tiktok,2025-07-02,1225.75,191534.0,19128.0,583.0,12508.29,False,False,False,0,False,False,False,0.6539256587202008
BF_2025,Black Friday,Seasonal Sale,Adults,email,2025-11-26,62810.49,200337.0,12847.0,4580.0,331210.35,False,False,False,0,False,False,False,25.78114345761656
SS_2025,Summer Sale,Seasonal Sale,Gen Z,instagram,2025-06-09,11201.66,342147.0,34860.0,2468.0,108781.12,False,False,False,0,False,False,False,3.1205140562248994
AAR_2025,Anti-Aging Routine,Product Education,Young Adults,facebook,2025-05-19,7063.74,125870.0,3910.0,442.0,42163.65,False,False,False,0,False,False,False,10.783542199488492
BF_2025,Black Friday,Seasonal Sale,Young Adults,email,2025-12-03,11950.25,129971.0,11798.0,6132.0,381856.32,False,False,False,0,False,False,False,32.36619087981014
TSF_2025,TikTok Skin Fails,Trend Counter,Young Adults,youtube,2025-04-29,29067.25,2165525.0,56568.0,2650.0,125318.28,False,False,False,0,False,False,False,2.2153563852354687
AAR_2025,Anti-Aging Routine,Product Education,Seniors,facebook,2025-04-11,2934.62,8191.0,221.0,71.0,7611.28,False,False,False,0,False,False,False,34.44018099547511
NF_2025,Nature First,Brand Image,Parents,facebook,2025-04-01,4215.09,89968.0,5391.0,142.0,11132.05,False,False,False,0,False,False,False,2.0649322945650157
SS_2025,Summer Sale,Seasonal Sale,Young Adults,email,2025-06-30,3386.52,19789.0,982.0,266.0,18294.8,False,False,False,0,False,False,False,18.630142566191445
NF_2025,Nature First,Brand Image,Gen Z,instagram,2025-04-19,6248.41,145490.0,4604.0,260.0,20644.41,False,False,False,0,False,False,False,4.484016072980017
TSF_2025,TikTok Skin Fails,Trend Counter,Young Adults,instagram,2025-04-14,1959.0,87279.0,0.0,0.0,0.0,False,False,False,0,False,False,False,1.4698740423386454
TSF_2025,TikTok Skin Fails,Trend Counter,Young Adults,instagram,2025-05-12,6034.13,301428.0,8854.0,796.0,19639.63,False,False,False,0,False,False,False,2.21816467133499
AAR_2025,Anti-Aging Routine,Product Education,Young Adults,youtube,2025-05-11,6482.71,70580.0,1668.0,303.0,25679.47,False,False,False,0,False,False,False,15.395365707434053
SS_2025,Summer Sale,Seasonal Sale ,Gen Z,youtube,2025-07-21,10119.13,303331.0,8297.0,724.0,36572.49,False,False,False,0,False,False,False,4.407917319513077
AAR_2025,Anti-Aging Routine,Product Education,Adults,youtube,2025-02-05,4569.28,87260.0,1871.0,425.0,31034.68,False,False,False,0,False,False,False,16.587215392838054
TSF_2025,TikTok Skin Fails,Trend Counter,Gen Z,youtube,2025-05-16,23313.92,2637870.0,215085.0,3352.0,114742.23,False,False,False,0,False,False,False,0.5334738824185787
NF_2025,Nature First,Brand Image,Gen Z,instagram,2025-03-04,3722.84,65841.0,1555.0,58.0,4451.73,False,False,False,0,False,False,False,2.8628488745980705
TSF_2025,TikTok Skin Fails,Trend Counter,Young Adults,instagram,2025-03-30,5432.13,442044.0,26487.0,1874.0,74721.57,False,False,False,0,False,False,False,2.8210658058670295
HP_2025,Holiday Prep,Seasonal Education,Adults,facebook,2025-11-23,4534.29,37265.0,1751.0,797.0,54880.56,False,False,False,0,False,False,False,31.3424100513992
PL_2025,Product Launch,Product Launch,Seniors,linkedin,2025-03-17,14969.9,177957.0,6289.0,473.0,47375.75,False,False,False,0,False,False,False,7.533113372555255
PL_2025,Product Launch,Product Launch,Adults,youtube,2025-02-02,7566.65,170056.0,8570.0,128.0,11999.43,False,False,False,0,False,False,False,1.4001668611435238
AAR_2025,Anti-Aging Routine,Product Education,Adults,email,2025-04-12,4676.58,12006.0,645.0,443.0,41478.04,False,False,False,1,True,True,False,64.30703875968993
PL_2025,Product Launch,Product Launch,Seniors,linkedin,2025-01-27,9865.34,88657.0,2190.0,282.0,19725.11,False,False,False,0,False,False,False,9.006899543378996
AAR_2025,Anti-Aging Routine,Product Education,Young Adults,facebook,2025-01-22,6323.97,63083.0,1233.0,246.0,13823.3,False,False,False,0,False,False,False,11.21111111111111
NF_2025,Nature First,Brand Image,Young Adults,youtube,2025-04-20,5588.32,110041.0,1528.0,25.0,2088.09,False,False,False,0,False,False,False,1.366551047120419
PL_2025,Product Launch,Product Launch,Young Adults,facebook,2025-02-28,12043.81,193313.0,10466.0,582.0,40578.2,False,False,False,0,False,False,False,3.877145041085419
PL_2025,Product Launch,Product Launch,Adults,instagram,2025-03-12,9542.78,89752.0,0.0,0.0,0.0,False,False,False,0,False,False,False,2.7758289348474485
SS_2025,Summer Sale,Seasonal Sale,Young Adults,facebook,2025-05-31,6850.53,179968.0,15018.0,3951.0,282413.98,False,False,False,0,False,False,False,18.80503262751365
NF_2025,Nature First,Brand Image,Gen Z,tiktok,2025-05-03,6886.23,123971.0,0.0,0.0,0.0,False,False,False,0,False,False,False,0.6142460491659351
SS_2025,Summer Sale,Seasonal Sale,Adults,facebook,2025-05-19,3031.17,34049.0,2719.0,480.0,25377.26,False,False,False,0,False,False,False,9.333306362633321
HP_2025,Holiday Prep,Seasonal Education,Adults,facebook,2025-11-19,4988.0,38033.0,1030.0,250.0,21438.09,False,False,False,0,False,False,False,20.813679611650485
DBB_2025,Don't Burn for Beauty,Social Impact,Adults,youtube,2025-08-12,4403.63,237944.0,9412.0,537.0,14119.12,False,False,False,0,False,False,False,1.5001189970250746
SS_2025,Summer Sale,Seasonal Sale,Parents,facebook,2025-07-18,4076.15,80108.0,1686.0,175.0,11969.63,False,False,False,0,False,False,False,7.099424673784104
TSF_2025,TikTok Skin Fails,Trend Counter,Gen Z,tiktok,2025-05-21,22585.81,4474401.0,0.0,0.0,0.0,False,False,False,0,False,False,False,0.7661460982148245
PL_2025,Product Launch,Product Launch,Adults,youtube,2025-03-12,4948.89,260752.0,12325.0,585.0,60893.03,False,False,False,0,False,False,False,4.940610953346856
BF_2025,Black Friday,Seasonal Sale,Adults,email,2025-11-29,7134.17,62403.0,5324.0,884.0,51860.72,False,False,False,0,False,False,False,9.740931630353119
NF_2025,Nature First,Brand Image,Young Adults,youtube,2025-04-16,6135.4,65020.0,1073.0,22.0,1142.72,False,False,False,0,False,False,False,1.0649767008387698
SS_2025,Summer Sale,Seasonal Sale,Young Adults,email,2025-07-26,6691.13,61193.0,2353.0,600.0,5621.22,False,False,True,0,False,False,False,2.3889587760305995
NF_2025,Nature First,Brand Image,Young Adults,linkedin,2025-05-25,3829.14,33993.0,1704.0,29.0,2507.33,False,False,False,0,False,False,False,1.47143779342723
SS_2025,Summer Sale,Seasonal Sale,Young Adults,instagram,2025-05-20,5112.6,59080.0,2562.0,363.0,12869.81,False,False,False,0,False,False,False,5.0233450429352065
TSF_2025,TikTok Skin Fails,Trend Counter,Young Adults,instagram,2025-05-10,2950.61,215016.0,8667.0,167.0,9262.94,False,False,False,0,False,False,False,1.0687596630898812
TSF_2025,TikTok Skin Fails,Trend Counter,Gen Z,youtube,2025-04-02,241569.74,22725692.0,1059717.0,3331.0,118986.05,False,False,False,0,False,False,False,0.1122809674658423
AAR_2025,Anti-Aging Routine,Product Education,Seniors,email,2025-06-01,4283.19,10575.0,802.0,629.0,71776.06,False,False,False,0,False,False,False,89.49633416458853
HP_2025,Holiday Prep,Seasonal Education,Parents,facebook,2025-11-04,3371.15,25877.0,1377.0,504.0,35274.45,False,False,False,0,False,False,False,25.61688453159041
PL_2025,Product Launch,Product Launch,Adults,youtube,2025-02-21,12492.39,468290.0,10612.0,412.0,24283.39,False,False,False,0,False,False,False,2.2882953260459855
AAR_2025,Anti-Aging Routine,Product Education,Adults,email,2025-03-03,4010.57,12863.0,627.0,358.0,30950.75,True,False,False,0,False,False,False,49.36323763955343
AAR_2025,Anti-Aging Routine,Product Education,Adults,youtube,2025-05-15,6418.41,43290.0,2242.0,250.0,31825.18,False,False,False,0,False,False,False,14.1949955396967
DBB_2025,Don't Burn for Beauty,Social Impact,Gen Z,instagram,2025-08-11,28048.39,1609440.0,90810.0,3358.0,90929.52,False,False,False,0,False,False,False,1.0013161546085234
SCA_2025,Skin Cancer Awareness,Educational Awareness,Young Adults,instagram,2025-05-20,8848.73,406885.0,12578.0,499.0,13336.79,False,False,False,0,False,False,False,1.0603267610112896
SS_2025,Summer Sale,Seasonal Sale,Parents,instagram,2025-06-16,5920.25,90527.0,2221.0,349.0,13775.19,False,False,False,0,False,False,False,6.202246735704637
SCA_2025,Skin Cancer Awareness,Educational Awareness,Seniors,linkedin,2025-06-03,8634.22,279584.0,9920.0,190.0,8280.77,False,False,False,0,False,False,False,0.8347550403225807
TSF_2025,TikTok Skin Fails,Trend Counter,Young Adults,youtube,2025-05-18,19193.06,787983.0,25002.0,731.0,25241.34,False,False,False,0,False,False,False,1.0095728341732662
AAR_2025,Anti-Aging Routine,Product Education,Young Adults,youtube,2025-02-01,4660.66,108356.0,1824.5,3100.0,221823.33,False,False,False,1,True,True,False,121.58033981912853
SS_2025,Summer Sale,Seasonal Sale,Gen Z,tiktok,2025-05-29,7633.72,580980.0,28553.0,1564.0,55858.03,False,False,False,0,False,False,False,1.9562928588939865
DBB_2025,Don't Burn for Beauty,Social Impact,Young Adults,tiktok,2025-06-28,13615.04,1071919.0,59224.0,2693.0,63908.52,False,False,False,0,False,False,False,1.0790983385114143
DBB_2025,Don't Burn for Beauty,Social Impact,Gen Z,tiktok,2025-06-25,7158.8,502616.0,33703.0,541.0,14702.46,False,False,False,0,False,False,False,0.43623594338782895
NF_2025,Nature First,Brand Image,Young Adults,youtube,2025-05-19,2793.5,51819.0,1235.0,28.0,1812.06,False,False,False,0,False,False,False,1.467255060728745
AAR_2025,Anti-Aging Routine,Product Education,Adults,linkedin,2025-05-22,5228.85,23457.0,453.0,73.0,4952.93,False,False,False,0,False,False,False,10.933620309050774
PL_2025,Product Launch,Product Launch,Seniors,facebook,2025-03-17,15476.53,119897.0,6151.0,202.0,16189.54,False,False,False,0,False,False,False,2.632017558120631
TSF_2025,TikTok Skin Fails,Trend Counter,Gen Z,youtube,2025-03-21,56323.79,5237782.0,305686.0,16146.0,194791.81,False,False,False,0,False,False,False,0.637228430480951
NF_2025,Nature First,Brand Image,Parents,email,2025-05-26,9298.95,55283.0,4479.0,261.0,21861.5,False,False,False,0,False,False,False,4.8808885912033935
SCA_2025,Skin Cancer Awareness,Educational Awareness,Young Adults,tiktok,2025-05-28,9712.65,903136.0,34683.0,350.0,6647.0,False,False,False,0,False,False,True,0.19165174384994388
NF_2025,Nature First,Brand Image,Gen Z,youtube,2025-03-09,5538.79,143490.0,4854.0,39.0,2234.42,False,False,False,0,False,False,False,0.46032550473836015
HP_2025,Holiday Prep,Seasonal Education,Adults,email,2025-11-27,6705.83,27427.0,1841.0,1634.0,133106.35,False,False,False,0,False,False,False,72.30111352525802
SS_2025,Summer Sale,Seasonal Sale,Young Adults,email,2025-05-19,5276.11,68950.0,12052.0,1600.0,98702.62,False,False,False,0,False,False,False,8.189729505476269
AAR_2025,Anti-Aging Routine,Product Education,Young Adults,email,2025-02-21,2358.91,10294.0,1428.0,506.0,27798.03,False,False,False,0,False,False,False,19.46640756302521
TSF_2025,TikTok Skin Fails,Trend Counter,Young Adults,tiktok,2025-03-18,25314.1,1614826.0,27766.0,382.0,11419.9,False,False,False,0,False,False,False,0.4112907872938126
NF_2025,Nature First,Brand Image,Parents,facebook,2025-03-12,3595.63,46569.0,1551.0,66.0,5149.23,False,False,False,0,False,False,False,3.319941972920696
PL_2025,Product Launch,Product Launch,Young Adults,tiktok,2025-02-08,24710.45,783485.0,15764.0,140.0,8882.59,False,False,False,0,False,False,False,0.5634731032732809
NF_2025,Nature First,Brand Image,Gen Z,instagram,2025-05-22,5653.89,76421.0,1254.0,84.0,7054.68,False,False,False,0,False,False,False,5.625741626794259
SS_2025,Summer Sale,Seasonal Sale,Adults,email,2025-05-20,8547.19,75721.0,8636.0,2179.0,135631.13,False,False,False,0,False,False,False,15.705318434460398
TSF_2025,TikTok Skin Fails,Trend Counter,Young Adults,tiktok,2025-05-10,6473.27,949163.0,183449.0,14806.0,756134.04,False,False,False,0,False,False,False,4.121767030618864
TSF_2025,TikTok Skin Fails,Trend Counter,Gen Z,tiktok,2025-04-19,28504.97,4076208.0,424813.0,9212.0,235144.56,False,False,False,0,False,False,False,0.5535248685892381
PL_2025,Product Launch,Product Launch,Adults,instagram,2025-03-17,29249.85,729579.0,17743.0,322.0,25765.65,False,False,False,0,False,False,False,1.4521585977568618
AAR_2025,Anti-Aging Routine,Product Education,Adults,linkedin,2025-02-17,1934.75,9423.0,487.0,105.0,10346.03,False,False,False,1,True,True,False,21.24441478439425
NF_2025,Nature First,Brand Image,Gen Z,youtube,2025-02-26,4348.23,101954.0,3841.0,132.0,7799.69,False,False,False,0,False,False,False,2.0306404582140067
SS_2025,Summer Sale,Seasonal Sale,Parents,email,2025-07-23,2313.46,30875.0,2586.0,985.0,59423.16,False,False,False,0,False,False,False,22.97879350348028
SCA_2025,Skin Cancer Awareness,Educational Awareness,Young Adults,instagram,2025-05-21,16407.97,1391494.0,47388.0,583.0,14577.19,False,False,False,0,False,False,False,0.3076135308516924
AAR_2025,Anti-Aging Routine,Product Education,Adults,facebook,2025-04-22,3168.96,29437.0,1110.0,213.0,18289.52,False,False,False,0,False,False,False,16.477045045045045
SS_2025,Summer Sale,Seasonal Sale,Gen Z,instagram,2025-06-06,6328.88,177887.0,10885.0,700.0,22984.69,False,False,False,0,False,False,False,2.111593017914561
TSF_2025,TikTok Skin Fails,Trend Counter,Young Adults,facebook,2025-05-18,8943.42,950770.0,22312.0,779.0,12795.43,False,False,False,0,False,False,False,0.5734775008963786
SS_2025,Summer Sale,Seasonal Sale,Gen Z,youtube,2025-06-01,5270.19,192262.0,9317.0,921.0,43350.0,False,False,False,0,False,False,True,4.652836093765778
AAR_2025,Anti-Aging Routine,Product Education,Adults,linkedin,2025-05-01,5491.43,19035.0,243.0,27.0,2912.51,False,False,False,0,False,False,False,11.985637860082305
PL_2025,Product Launch,Product Launch,Young Adults,tiktok,2025-02-07,10433.06,381328.0,22872.0,177.0,18130.97,False,False,False,0,False,False,False,0.7927146729625744
SS_2025,Summer Sale,Seasonal Sale,Parents,email,2025-06-16,3558.57,17575.0,944.0,285.0,16600.85,False,False,False,0,False,False,False,17.585646186440677
PL_2025,Product Launch,Product Launch,Adults,instagram,2025-03-14,18265.73,240245.0,12071.0,188.0,15863.97,False,False,False,0,False,False,False,1.3142216883439648
AAR_2025,Anti-Aging Routine,Product Education,Young Adults,facebook,2025-04-02,4920.68,53452.0,2085.0,683.0,59194.93,False,False,False,0,False,False,False,28.390853717026378
NF_2025,Nature First,Brand Image,Parents,email,2025-03-03,6367.8,34885.0,1218.5,98.0,8494.64,False,False,False,1,True,True,False,6.971391054575297
AAR_2025,Anti-Aging Routine,Product Education,Seniors,email,2025-03-18,4870.13,11137.0,216.0,60.0,6176.26,False,False,False,0,False,False,False,28.593796296296297
AAR_2025,Anti-Aging Routine,Product Education,Young Adults,instagram,2025-02-28,5427.01,62393.0,2291.0,379.0,37726.04,False,False,False,0,False,False,False,16.46706241815801
TSF_2025,TikTok Skin Fails,Trend Counter,Young Adults,youtube,2025-03-16,7854.12,908321.0,34171.0,1183.0,44524.13,False,False,False,0,False,False,False,1.302980012291124
SCA_2025,Skin Cancer Awareness, Educational Awareness,Young Adults,instagram,2025-05-09,7035.93,207980.0,12929.0,188.0,5965.92,False,False,False,0,False,False,False,0.46143707943383094
AAR_2025,Anti-Aging Routine,Product Education,Adults,linkedin,2025-05-04,5991.66,71706.0,487.0,96.0,97379.64,False,False,True,1,True,True,False,199.9581930184805
HP_2025,Holiday Prep,Seasonal Education,Adults,instagram,2025-10-27,3768.34,29903.0,862.0,61.0,21229.96,False,False,False,0,False,False,False,24.628723897911833
SS_2025,Summer Sale,Seasonal Sale,Young Adults,youtube,2025-06-17,3989.57,86355.0,5927.0,2222.0,139050.33,False,False,False,0,False,False,False,23.46049097351105
TSF_2025,TikTok Skin Fails,Trend Counter,Gen Z,youtube,2025-06-02,7539.46,571914.0,58738.0,917.0,21810.23,False,False,False,0,False,False,False,0.37131380026558614
PL_2025,Product Launch,Product Launch,Seniors,email,2025-01-22,11872.97,89829.0,0.0,0.0,0.0,False,False,False,0,False,False,False,8.709877626083228
AAR_2025,Anti-Aging Routine,Product Education,Adults,linkedin,2025-03-29,3415.41,24776.0,571.0,92.0,5852.11,False,False,False,0,False,False,False,10.248879159369526
SS_2025,Summer Sale,Seasonal Sale,Young Adults,youtube,2025-05-17,20708.15,1000822.0,39109.0,11137.0,464249.06,False,False,False,0,False,False,False,11.870645120049094
TSF_2025,TikTok Skin Fails,Trend Counter,Young Adults,facebook,2025-04-07,12814.23,521626.0,41028.0,801.0,44243.59,False,False,False,0,False,False,False,1.0783754996587696
AAR_2025,Anti-Aging Routine,Product Education,Young Adults,email,2025-05-10,5783.94,14954.0,663.0,146.0,8166.77,False,False,False,0,False,False,False,12.31790346907994
AAR_2025,Anti-Aging Routine,Product Education,Seniors,facebook,2025-01-15,2757.42,15872.0,347.0,132.0,17780.41,False,False,False,0,False,False,False,51.24037463976945
NF_2025,Nature First,Brand Image,Young Adults,instagram,2025-05-28,6073.7,61818.0,1295.0,32.0,2285.98,False,False,False,0,False,False,False,1.7652355212355213
SS_2025,Summer Sale,Seasonal Sale,Gen Z,youtube,2025-06-28,5244.62,173513.0,5352.0,552.0,37389.86,False,False,False,0,False,False,False,6.986147234678625
AAR_2025,Anti-Aging Routine,Product Education,Young Adults,email,2025-04-17,5089.9,17152.0,1060.0,217.0,23758.67,False,False,False,0,False,False,False,22.413839622641508
NF_2025,Nature First,Brand Image,Gen Z,tiktok,2025-05-23,5244.48,115297.0,5515.0,32.0,2205.55,False,False,False,0,False,False,False,0.39991840435176795
DBB_2025,Don't Burn for Beauty,Social Impact,Young Adults,instagram,2025-07-24,6478.01,374419.0,17813.0,746.0,29092.34,False,False,False,0,False,False,False,1.6332083309942178
AAR_2025,Anti-Aging Routine,Product Education,Young Adults,email,2025-05-18,4862.73,14974.0,840.0,169.0,14156.54,False,False,False,0,False,False,False,16.853023809523812
NF_2025,Nature First,Brand Image,Young Adults,youtube,2025-02-21,7388.59,133695.0,6147.0,89.0,4697.74,False,False,False,0,False,False,False,0.7642329591670733
SS_2025,Summer Sale,Seasonal Sale,Gen Z,instagram,2025-07-21,3588.11,80193.0,2343.0,114.0,5501.35,False,False,False,0,False,False,False,2.347994024754588
DBB_2025,Don't Burn for Beauty,Social Impact,Adults,linkedin,2025-07-27,9580.8,283717.0,6072.0,353.0,14080.85,False,False,False,0,False,False,False,2.3189805665349144
PL_2025,Product Launch,Product Launch,Seniors,facebook,2025-03-28,12417.2,179118.0,7790.0,212.0,20005.12,False,False,False,0,False,False,False,2.5680513478819
HP_2025,Holiday Prep,Seasonal Education,Parents,email,2025-11-22,3143.73,11703.0,463.0,165.0,14857.72,False,False,False,0,False,False,False,32.09010799136069
SCA_2025,Skin Cancer Awareness,Educational Awareness,Seniors,linkedin,2025-05-20,5037.18,94237.0,4492.0,122.0,3404.29,False,False,False,0,False,False,False,0.7578561887800535
SCA_2025,Skin Cancer Awareness,Educational Awareness,Seniors,linkedin,2025-05-31,16863.16,462808.0,13357.0,149.0,5385.86,False,False,False,0,False,False,False,0.4032237777944149
NF_2025,Nature First,Brand Image,Gen Z,instagram,2025-03-27,8688.84,153973.0,4300.0,88.0,7046.91,False,False,False,0,False,False,False,1.6388162790697673
AAR_2025,Anti-Aging Routine,Product Education,Young Adults,instagram,2025-05-31,2475.93,29251.0,1288.0,96.0,9447.98,False,False,False,0,False,False,False,7.335388198757764
PL_2025,Product Launch,Product Launch ,Adults,youtube,2025-01-30,8921.9,225480.0,12257.0,893.0,65309.51,False,False,False,0,False,False,False,5.328343803540834
NF_2025,Nature First,Brand Image,Parents,email,2025-06-02,3259.27,15640.0,1219.0,37.0,1996.41,False,False,False,0,False,False,False,1.637744052502051
NF_2025,Nature First,Brand Image,Parents,facebook,2025-05-18,4651.18,86967.0,4539.0,199.0,14738.25,False,False,False,0,False,False,False,3.247025776602776
PL_2025,Product Launch,Product Launch,Young Adults,facebook,2025-02-14,20731.83,510704.0,25693.0,1255.0,108395.52,False,False,False,0,False,False,False,4.218873623165843
SS_2025,Summer Sale,Seasonal Sale,Parents,instagram,2025-07-10,8160.55,142018.0,8335.0,804.0,44004.64,False,False,False,0,False,False,False,5.279500899820036
SCA_2025,Skin Cancer Awareness,Educational Awareness,Seniors,youtube,2025-05-18,3867.87,228885.0,8022.0,262.0,9679.82,False,False,False,0,False,False,False,1.2066591872351033
PL_2025,Product Launch,Product Launch,Adults,instagram,2025-03-13,13844.48,196510.0,12015.5,165.0,15579.08,False,False,False,1,True,True,False,1.2965819150264242
SS_2025,Summer Sale,Seasonal Sale,Gen Z,instagram,2025-06-19,2639.82,103585.5,4513.0,97.0,4790.88,True,False,False,0,False,False,False,1.0615732328827832
TSF_2025,TikTok Skin Fails,Trend Counter,Young Adults,tiktok,2025-03-19,3730.37,340892.0,15314.0,148.0,8126.58,False,False,False,0,False,False,False,0.5306634452135301
PL_2025,Product Launch,Product Launch,Seniors,facebook,2025-02-01,14994.2,124503.0,5637.0,370.0,34726.19,False,False,False,0,False,False,False,6.160402696469754
NF_2025,Nature First,Brand Image,Young Adults,instagram,2025-05-20,8910.24,162893.0,2322.5,319.0,21746.59,False,False,False,1,True,True,False,9.363440258342303
AAR_2025,Anti-Aging Routine,Product Education,Young Adults,facebook,2025-02-26,5586.25,67651.0,3080.0,161.0,37248.39,False,False,True,0,False,False,False,12.093633116883117
HP_2025,Holiday Prep,Seasonal Education,Parents,instagram,2025-11-16,2408.4,16718.0,1100.0,431.0,26212.07,False,False,False,0,False,False,False,23.829154545454546
AAR_2025,Anti-Aging Routine,Product Education,Seniors,linkedin,2025-02-18,4210.52,17922.0,499.0,187.0,27103.96,False,False,False,0,False,False,False,54.316553106212424
AAR_2025,Anti-Aging Routine, Product Education,Adults,youtube,2025-02-12,6532.96,40998.0,650.0,97.0,8494.26,False,False,False,0,False,False,False,13.068092307692307
PL_2025,Product Launch,Product Launch,Adults,instagram,2025-03-23,51324.57,676782.0,33247.0,1730.0,152013.11,False,False,False,0,False,False,False,4.572235389659217
NF_2025,Nature First,Brand Image,Parents,facebook,2025-04-30,5404.99,51314.0,2587.0,115.0,6402.53,False,False,False,0,False,False,False,2.4748859683030537
NF_2025,Nature First,Brand Image,Young Adults,linkedin,2025-04-25,5228.92,50106.0,1265.0,18.0,1400.66,False,False,False,0,False,False,False,1.1072411067193677
HP_2025,Holiday Prep,Seasonal Education,Parents,facebook,2025-11-18,3277.16,17270.0,0.0,0.0,0.0,False,False,False,0,False,False,False,19.778427752554908
NF_2025,Nature First,Brand Image,Parents,facebook,2025-05-30,6263.09,52349.0,1099.0,27.0,2235.47,False,False,False,0,False,False,False,2.0340946314831663
AAR_2025,Anti-Aging Routine,Product Education,Adults,youtube,2025-02-14,2950.45,52453.5,2412.0,292.0,34096.0,True,False,True,0,False,False,True,14.135952140908914
DBB_2025,Don't Burn for Beauty,Social Impact,Adults,linkedin,2025-10-07,5737.16,93448.0,8629.0,320.0,12660.03,False,True,False,0,False,False,False,1.467149148221115
PL_2025,Product Launch,Product Launch,Adults,email,2025-03-23,4604.86,82864.0,8107.0,397.0,23294.19,False,False,False,0,False,False,False,2.8733427901813244
PL_2025,Product Launch,Product Launch,Seniors,email,2025-01-18,7004.57,40554.0,3706.0,302.0,35957.95,False,False,False,0,False,False,False,9.702630868861306
PL_2025,Product Launch,Product Launch,Adults,email,2025-03-09,13335.98,95389.0,8369.0,422.0,25762.27,False,False,False,0,False,False,False,3.0782972876090335
DBB_2025,Don't Burn for Beauty,Social Impact,Gen Z,instagram,2025-07-21,9935.45,475519.0,25450.0,545.0,19093.91,False,False,False,0,False,False,False,0.7502518664047151
TSF_2025,TikTok Skin Fails,Trend Counter,Gen Z,instagram,2025-05-28,15624.07,2108870.0,60593.0,1237.0,56017.6,False,False,False,0,False,False,False,0.9244896275147294
AAR_2025,Anti-Aging Routine,Product Education,Seniors,email,2025-01-13,4016.61,15105.0,0.0,0.0,0.0,False,False,False,0,False,False,False,36.645781081712364
HP_2025,Holiday Prep,Seasonal Education,Parents,facebook,2025-11-07,4147.29,30529.0,1772.0,749.0,56503.3,False,False,False,0,False,False,False,31.8867381489842
AAR_2025,Anti-Aging Routine,Product Education ,Young Adults,email,2025-05-05,4021.9,10025.0,706.0,146.0,12697.24,False,False,False,0,False,False,False,17.984759206798866
DBB_2025,Don't Burn for Beauty,Social Impact,Young Adults,instagram,2025-08-07,3703.75,120995.0,4173.0,128.0,3518.25,False,False,False,0,False,False,False,0.8430984902947519
AAR_2025,Anti-Aging Routine,Product Education,Young Adults,facebook,2025-05-17,2958.36,22761.0,1204.0,149.0,15814.31,False,False,False,0,False,False,False,13.134808970099668
PL_2025,Product Launch,Product Launch,Young Adults,youtube,2025-03-09,12621.77,895424.0,20494.0,381.0,22895.77,False,False,False,0,False,False,False,1.1171938128232655
AAR_2025,Anti-Aging Routine,Product Education,Adults,email,2025-02-13,4639.68,24595.0,955.0,933.0,116581.06,False,False,False,0,False,False,False,122.07440837696335
TSF_2025,TikTok Skin Fails,Trend Counter,Young Adults,tiktok,2025-04-04,7666.48,363402.0,41437.0,621.0,31747.0,False,False,False,0,False,False,True,0.7661460982148245
PL_2025,Product Launch,Product Launch,Seniors,linkedin,2025-03-24,10642.69,69901.0,2552.0,133.0,10837.37,False,False,False,0,False,False,False,4.246618338557994
NF_2025,Nature First,Brand Image,Gen Z,tiktok,2025-05-17,4417.62,229025.0,8729.0,38.0,2993.59,False,False,False,0,False,False,False,0.3429476457784397
NF_2025,Nature First,Brand Image,Young Adults,linkedin,2025-05-28,5358.1,42802.0,1693.0,37.0,2509.51,False,False,False,0,False,False,False,1.4822858830478443
NF_2025,Nature First,Brand Image,Parents,email,2025-05-27,4906.3,22460.0,4413.0,464.0,31180.62,True,False,False,0,False,False,False,7.065628823929299
PL_2025,Product Launch,Product Launch,Young Adults,tiktok,2025-01-26,8470.92,366830.0,31293.0,443.0,27474.18,False,False,False,0,False,False,False,0.8779656792253859
SCA_2025,Skin Cancer Awareness,Educational Awareness,Young Adults,tiktok,2025-05-22,11766.19,1650165.0,38202.0,358.0,9993.43,False,False,False,0,False,False,False,0.26159441914035914
SCA_2025,Skin Cancer Awareness,Educational Awareness,Young Adults,youtube,2025-05-21,8590.5,1003514.0,41780.0,505.0,12553.05,False,False,False,0,False,False,False,0.3004559597893729
AAR_2025,Anti-Aging Routine,Product Education,Adults,facebook,2025-06-02,2874.37,11506.0,294.0,55.0,7104.03,False,False,False,0,False,False,False,24.163367346938774
AAR_2025,Anti-Aging Routine,Product Education,Seniors,linkedin,2025-01-10,2664.49,4678.0,110.0,31.0,4449.5,False,False,False,0,False,False,False,40.45
DBB_2025,Don't Burn for Beauty, Social Impact,Young Adults,youtube,2025-08-05,5456.29,243918.0,11441.0,219.0,7913.04,False,False,False,0,False,False,False,0.6916388427585002
PL_2025,Product Launch,Product Launch,Seniors,facebook,2025-02-22,10994.49,80652.0,5544.0,111.0,14078.34,False,False,False,0,False,False,False,2.539383116883117
AAR_2025,Anti-Aging Routine,Product Education,Young Adults,facebook,2025-05-14,3292.7,24495.0,466.0,108.0,10428.01,False,False,False,0,False,False,False,22.377703862660944
TSF_2025,TikTok Skin Fails,Trend Counter,Gen Z,instagram,2025-04-15,16846.44,4178926.0,454714.0,33799.0,743081.81,False,False,False,0,False,False,False,1.6341740302695762
SS_2025,Summer Sale,Seasonal Sale,Young Adults,email,2025-06-20,5265.34,36765.0,2558.0,583.0,32026.89,False,False,False,0,False,False,False,12.520285379202502
AAR_2025,Anti-Aging Routine,Product Education,Adults,facebook,2025-06-03,3970.24,20072.0,871.0,222.0,16619.37,False,False,False,0,False,False,False,19.080792192881745
TSF_2025,TikTok Skin Fails,Trend Counter ,Gen Z,instagram,2025-03-28,23346.08,1020058.0,110930.0,6783.0,163053.0,False,False,False,0,False,False,True,1.4698740423386454
NF_2025,Nature First,Brand Image,Parents,facebook,2025-03-13,3590.83,31545.0,1965.0,107.0,22251.33,False,False,False,0,False,False,False,11.323832061068703
AAR_2025,Anti-Aging Routine,Product Education,Adults,email,2025-03-19,3185.08,9199.0,434.0,208.0,23459.92,False,False,False,0,False,False,False,54.05511520737327
BF_2025,Black Friday,Seasonal Sale,Parents,instagram,2025-12-03,11138.84,132320.0,6348.0,2610.0,164122.14,False,False,False,0,False,False,False,25.85414933837429
SS_2025,Summer Sale,Seasonal Sale,Parents,facebook,2025-06-04,7077.72,128785.0,6534.0,921.0,49862.46,False,False,False,0,False,False,False,7.631230486685032
NF_2025,Nature First,Brand Image,Parents,instagram,2025-04-06,3840.13,72520.0,3574.0,61.0,4139.16,False,False,False,0,False,False,False,1.1581309457190823
SS_2025,Summer Sale,Seasonal Sale,Parents,email,2025-06-21,8017.5,75435.0,4620.0,1601.0,88142.3,False,False,False,0,False,False,False,19.078419913419914
TSF_2025,TikTok Skin Fails,Trend Counter,Young Adults,tiktok,2025-06-01,1634.68,134559.0,17136.0,822.0,21812.03,False,False,False,0,False,False,False,1.272877567693744
NF_2025,Nature First,Brand Image,Gen Z,youtube,2025-04-29,4389.5,104830.0,2353.0,80.0,4631.71,False,False,False,0,False,False,False,1.9684275393115171
TSF_2025,TikTok Skin Fails,Trend Counter,Young Adults,tiktok,2025-05-18,58344.75,2292603.0,59645.0,1724.0,54168.32,False,False,False,0,False,False,False,0.9081787241176964
SS_2025,Summer Sale,Seasonal Sale,Adults,email,2025-06-20,2171.81,14089.0,1135.0,239.0,16102.42,False,False,False,0,False,False,False,14.187154185022026
AAR_2025,Anti-Aging Routine,Product Education,Young Adults,instagram,2025-02-15,2909.72,17487.0,1594.0,239.0,15855.86,False,False,False,0,False,False,False,9.947214554579674
TSF_2025,TikTok Skin Fails,Trend Counter,Young Adults,instagram,2025-04-04,7386.87,305209.0,32770.0,1375.0,75135.69,False,False,False,0,False,False,False,2.2928193469636864
NF_2025,Nature First,Brand Image,Parents,email,2025-04-01,5191.53,9641.0,825.0,23.0,3566.0,False,False,False,0,False,False,True,4.32284649122807
AAR_2025,Anti-Aging Routine,Product Education,Adults,facebook,2025-04-16,5128.72,34538.0,0.0,0.0,0.0,False,False,False,0,False,False,False,18.332014213994107
AAR_2025,Anti-Aging Routine,Product Education,Adults,linkedin,2025-03-04,4110.32,13565.0,646.0,155.0,15689.08,False,False,False,0,False,False,False,24.286501547987616
HP_2025,Holiday Prep,Seasonal Education,Parents,instagram,2025-11-28,3307.14,36396.0,1977.0,440.0,0.0,False,False,True,0,False,False,False,0.0
AAR_2025,Anti-Aging Routine,Product Education,Adults,youtube,2025-03-14,5430.38,39025.0,1824.5,166.0,14908.97,False,False,False,1,True,True,False,8.171537407508906
TSF_2025,TikTok Skin Fails,Trend Counter,Young Adults,youtube,2025-04-14,1308.65,71027.0,2174.0,65.0,2176.02,False,False,False,0,False,False,False,1.0009291628334867
BF_2025,Black Friday,Seasonal Sale,Gen Z,youtube,2025-11-28,12193.81,193325.0,10640.0,2045.0,150048.4,False,False,False,0,False,False,False,14.102293233082706
AAR_2025,Anti-Aging Routine,Product Education,Adults,linkedin,2025-02-24,5470.68,12188.0,389.0,77.0,9149.25,False,False,False,0,False,False,False,23.51992287917738
BF_2025,Black Friday,Seasonal Sale,Parents,instagram,2025-11-20,7578.4,64202.0,1735.0,221.0,16985.51,False,False,False,0,False,False,False,9.789919308357348
TSF_2025,TikTok Skin Fails,Trend Counter,Young Adults,youtube,2025-04-05,4077.7,233945.0,17472.0,584.0,32079.56,False,False,False,0,False,False,False,1.836055402930403
AAR_2025,Anti-Aging Routine,Product Education,Adults,email,2025-05-16,4653.6,30453.0,1896.0,431.0,51121.14,False,False,False,0,False,False,False,26.96262658227848
TSF_2025,TikTok Skin Fails,Trend Counter,Young Adults,tiktok,2025-05-07,544776.0,50058972.0,6904997.0,95931.0,4982261.09,False,False,False,0,False,False,False,0.7215442801785431
AAR_2025,Anti-Aging Routine,Product Education,Adults,facebook,2025-02-13,5640.13,122157.0,0.0,0.0,0.0,False,False,False,0,False,False,False,18.332014213994107
AAR_2025,Anti-Aging Routine,Product Education,Adults,facebook,2025-05-11,4841.3,43298.0,557.0,224.0,24666.61,False,False,False,0,False,False,False,44.28475763016158
AAR_2025,Anti-Aging Routine,Product Education,Young Adults,youtube,2025-04-27,4817.15,54354.0,1900.0,785.0,80759.41,False,False,False,0,False,False,False,42.50495263157895
DBB_2025,Don't Burn for Beauty,Social Impact,Adults,linkedin,2025-06-28,6709.54,153837.0,11533.0,1013.0,34895.64,False,False,False,0,False,False,False,3.0257209745946416
PL_2025,Product Launch,Product Launch,Seniors,facebook,2025-03-30,11442.42,280726.0,15962.0,775.0,95857.86,False,False,False,0,False,False,False,6.005379025184814
NF_2025,Nature First,Brand Image,Gen Z,youtube,2025-05-25,4522.28,108441.0,2638.0,40.0,2384.66,False,False,False,0,False,False,False,0.9039651250947687
SS_2025,Summer Sale,Seasonal Sale,Parents,instagram,2025-06-04,9188.51,230321.0,8613.0,1363.0,67422.07,False,False,False,0,False,False,False,7.827942644839197
DBB_2025,Don't Burn for Beauty,Social Impact,Adults,youtube,2025-11-08,8367.37,389928.0,8560.0,398.0,14528.69,False,False,False,0,False,False,False,1.6972768691588787
DBB_2025,Don't Burn for Beauty,Social Impact,Adults,youtube,2025-07-20,3403.3,149809.0,12501.0,776.0,24302.39,False,False,False,0,False,False,False,1.9440356771458283
AAR_2025,Anti-Aging Routine,Product Education,Adults,email,2025-03-07,6471.26,24608.0,1366.0,422.0,34179.56,False,False,False,0,False,False,False,25.021639824304536
PL_2025,Product Launch,Product Launch,Young Adults,facebook,2025-03-18,14408.42,323546.0,10879.0,217.0,15560.15,False,False,False,0,False,False,False,1.4302923062781505
NF_2025,Nature First,Brand Image,Gen Z,youtube,2025-03-30,7297.13,233721.0,12588.0,340.0,25791.45,False,False,False,0,False,False,False,2.04889180171592
AAR_2025,Anti-Aging Routine,Product Education,Young Adults,facebook,2025-02-25,4353.26,29749.0,683.0,146.0,14427.64,False,True,False,0,False,False,False,21.123923865300146
NF_2025,Nature First,Brand Image,Young Adults,linkedin,2025-03-10,7050.42,46588.0,1842.0,51.0,3967.62,False,False,False,0,False,False,False,2.1539739413680783
NF_2025,Nature First,Brand Image,Parents,facebook,2025-04-07,2842.97,25532.0,406.0,7.0,664.94,False,False,False,0,False,False,False,1.6377832512315271
HP_2025,Holiday Prep,Seasonal Education,Parents,email,2025-10-27,3433.08,7965.0,614.0,154.0,15232.0,False,False,False,0,False,False,False,24.807817589576548
TSF_2025,TikTok Skin Fails,Trend Counter,Young Adults,youtube,2025-04-19,11119.58,1192878.0,0.0,0.0,0.0,False,False,False,0,False,False,False,1.2136772700374119
NF_2025,Nature First,Brand Image,Young Adults,youtube,2025-05-09,3672.1,40226.0,4738.0,309.0,23114.02,False,False,False,0,False,False,False,4.878433938370621
AAR_2025,Anti-Aging Routine,Product Education,Adults,linkedin,2025-02-11,3201.77,7656.0,200.0,22.0,2544.17,False,False,False,0,False,False,False,12.72085
NF_2025,Nature First,Brand Image,Young Adults,linkedin,2025-02-23,4753.08,35654.0,785.0,8.0,1390.0,False,False,False,0,False,False,True,1.770717523568567
SCA_2025,Skin Cancer Awareness,Educational Awareness,Adults,facebook,2025-05-14,15860.68,655302.0,15441.0,338.0,10158.97,False,False,False,0,False,False,False,0.657921766724953
DBB_2025,Don't Burn for Beauty,Social Impact,Gen Z,tiktok,2025-07-03,4409.62,281293.0,30268.0,1464.0,52909.37,False,False,False,0,False,False,False,1.748029932602088
NF_2025,Nature First,Brand Image,Parents,instagram,2025-05-29,4610.19,49090.0,2302.0,66.0,4990.18,False,False,False,0,False,False,False,2.1677584708948743
TSF_2025,TikTok Skin Fails,Trend Counter,Young Adults,youtube,2025-03-17,64238.45,3679281.0,135351.0,3014.0,165282.53,False,False,False,0,False,False,False,1.2211400728476332
HP_2025,Holiday Prep,Seasonal Education,Seniors,email,2025-11-10,2447.77,11010.0,1211.0,371.0,42560.55,False,False,False,0,False,False,False,35.144962840627585
SS_2025,Summer Sale,Seasonal Sale,Gen Z,youtube,2025-05-31,5371.6,198601.0,5642.0,585.0,23081.88,False,False,False,0,False,False,False,4.091081176887629
SS_2025,Summer Sale,Seasonal Sale,Parents,email,2025-06-30,7041.38,43794.0,2906.0,483.0,20863.79,False,False,False,0,False,False,False,7.179556090846525
HP_2025,Holiday Prep,Seasonal Education,Parents,email,2025-11-26,4482.38,22791.0,2054.0,793.0,82914.22,False,False,False,0,False,False,False,40.36719571567673
AAR_2025,Anti-Aging Routine,Product Education,Adults,linkedin,2025-03-19,3403.8,8138.0,376.0,32.0,2794.74,False,False,False,0,False,False,False,7.4328191489361695
AAR_2025,Anti-Aging Routine,Product Education,Adults,facebook,2025-03-27,3212.98,11207.0,513.0,124.0,12058.07,False,False,False,0,False,False,False,23.505009746588694
DBB_2025,Don't Burn for Beauty,Social Impact,Adults,youtube,2025-07-17,4775.26,210566.0,12703.0,478.0,15397.63,False,False,False,0,False,False,False,1.2121254821695662
AAR_2025,Anti-Aging Routine,Product Education,Adults,youtube,2025-05-25,5615.8,33359.0,1048.0,130.0,9251.58,False,False,False,0,False,False,False,8.827843511450382
AAR_2025,Anti-Aging Routine,Product Education,Seniors,facebook,2025-02-19,3940.7,29459.0,553.0,161.0,5413.28,False,False,True,0,False,False,False,9.78893309222423
AAR_2025,Anti-Aging Routine,Product Education,Adults,linkedin,2025-04-25,3753.02,23086.0,1271.0,422.0,50595.88,False,False,False,0,False,False,False,39.8079307631786
AAR_2025,Anti-Aging Routine,Product Education,Seniors,linkedin,2025-03-20,3384.64,13378.0,236.0,60.0,5502.6,False,False,False,0,False,False,False,23.316101694915258
AAR_2025,Anti-Aging Routine,Product Education,Adults,youtube,2025-04-22,6918.69,65569.0,3085.0,526.0,42677.95,False,False,False,0,False,False,False,13.834019448946515
BF_2025,Black Friday,Seasonal Sale,Adults,facebook,2025-11-22,20111.57,278222.0,20733.0,2873.0,231280.02,False,False,False,0,False,False,False,11.155164230936188
DBB_2025,Don't Burn for Beauty,Social Impact,Gen Z,youtube,2025-07-25,5955.22,227471.0,19238.5,771.0,28758.05,False,False,False,1,True,True,False,1.494817683291317
AAR_2025,Anti-Aging Routine,Product Education,Adults,email,2025-03-25,5286.95,19038.0,650.0,545.0,38711.38,False,False,False,0,False,False,False,59.55596923076923
AAR_2025,Anti-Aging Routine,Product Education,Young Adults,youtube,2025-05-31,3739.74,65764.0,3953.0,715.0,63830.23,False,False,False,0,False,False,False,16.14728813559322
NF_2025,Nature First,Brand Image,Gen Z,youtube,2025-03-08,9131.44,201243.0,11755.0,206.0,16814.43,False,False,False,0,False,False,False,1.4304066354742664
AAR_2025,Anti-Aging Routine,Product Education,Young Adults,facebook,2025-05-30,4195.77,44714.0,0.0,0.0,0.0,False,False,False,0,False,False,False,18.332014213994107
TSF_2025,TikTok Skin Fails,Trend Counter,Gen Z,youtube,2025-05-17,7072.93,925058.0,21669.0,1308.0,50479.32,False,False,False,0,False,False,False,2.3295638931192024
AAR_2025,Anti-Aging Routine,Product Education,Adults,youtube,2025-05-31,4245.88,92045.0,1824.5,1375.0,126350.38,False,False,False,1,True,True,False,69.25205809810907
AAR_2025,Anti-Aging Routine,Product Education,Young Adults,facebook,2025-03-18,4201.32,30622.0,842.0,152.0,8837.63,False,False,False,0,False,False,False,10.495997624703087
HP_2025,Holiday Prep,Seasonal Education,Parents,instagram,2025-11-10,3281.92,24455.0,1890.0,292.0,28559.99,False,False,False,0,False,False,False,15.111105820105822
AAR_2025,Anti-Aging Routine,Product Education,Seniors,email,2025-04-11,4581.72,9769.0,182.0,77.0,6732.29,False,False,False,0,False,False,False,36.99060439560439
AAR_2025,Anti-Aging Routine,Product Education,Adults,email,2025-05-28,2681.19,7811.0,629.0,480.0,61368.5,False,False,False,0,False,False,False,97.56518282988871
NF_2025,Nature First,Brand Image,Young Adults,youtube,2025-05-02,6108.15,114151.0,6451.0,165.0,8988.0,False,True,False,0,False,False,True,1.393211034107895
TSF_2025,TikTok Skin Fails,Trend Counter,Young Adults,tiktok,2025-03-26,18779.97,3208296.0,286297.0,7390.0,179031.77,False,False,False,0,False,False,False,0.625335822589828
NF_2025,Nature First,Brand Image,Parents,facebook,2025-05-02,3197.01,32795.0,1563.0,60.0,5423.96,False,False,False,0,False,False,False,3.4702239283429304
TSF_2025,TikTok Skin Fails,Trend Counter,Young Adults,facebook,2025-06-12,17950.51,671843.0,140219.0,2053.0,61370.0,False,False,False,0,False,False,False,0.4376724980209529
PL_2025,Product Launch,Product Launch,Young Adults,facebook,2025-03-15,9481.32,234071.0,6872.0,426.0,39977.33,False,False,False,0,False,False,False,5.817422875436554
AAR_2025,Anti-Aging Routine,Product Education,Seniors,facebook,2025-06-04,5319.37,34197.0,2156.0,358.0,29795.25,False,False,False,0,False,False,False,13.819689239332096
AAR_2025,Anti-Aging Routine,Product Education,Young Adults,youtube,2025-03-30,4045.62,56996.0,2948.0,294.0,20840.96,False,False,False,0,False,False,False,7.069525101763907
AAR_2025,Anti-Aging Routine,Product Education,Young Adults,facebook,2025-05-08,4305.75,73285.0,2140.0,351.0,21360.21,False,False,False,0,False,False,False,9.981406542056074
PL_2025,Product Launch,Product Launch,Adults,instagram,2025-02-24,43346.44,692530.0,12659.0,387.0,30367.04,False,False,False,0,False,False,False,2.3988498301603602
DBB_2025,Don't Burn for Beauty,Social Impact,Young Adults,tiktok,2025-08-04,7000.92,283473.0,31334.0,841.0,30117.93,False,False,False,0,False,False,False,0.961190081062105
AAR_2025,Anti-Aging Routine,Product Education,Young Adults,email,2025-02-08,3830.66,24706.0,2363.0,1828.0,146571.39,False,False,False,0,False,False,False,62.02767245027508
TSF_2025,TikTok Skin Fails,Trend Counter,Gen Z,youtube,2025-04-01,15785.13,2166399.0,390801.0,19077.0,474306.0,False,False,False,0,False,False,True,1.2136772700374119
SS_2025,Summer Sale,Seasonal Sale,Young Adults,facebook,2025-05-27,9464.04,239038.0,0.0,0.0,0.0,False,False,False,0,False,False,False,6.446572695278251
NF_2025,Nature First,Brand Image,Parents,instagram,2025-03-22,3471.75,62141.0,4462.0,167.0,14252.61,False,False,False,0,False,False,False,3.194220080681309
PL_2025,Product Launch,Product Launch,Seniors,email,2025-03-16,12515.92,57864.0,4279.0,698.0,55920.89,False,True,False,0,False,False,False,13.068681935031549
AAR_2025,Anti-Aging Routine,Product Education,Young Adults,youtube,2025-04-23,6337.51,183910.0,6462.0,782.0,43627.37,False,False,False,0,False,False,False,6.751372640049521
SS_2025,Summer Sale,Seasonal Sale,Parents,email,2025-06-03,8583.92,37732.0,2660.0,411.0,26847.15,False,False,False,0,False,False,False,10.092913533834587
TSF_2025,TikTok Skin Fails,Trend Counter,Gen Z,tiktok,2025-04-07,6487.94,1424341.0,293198.0,5918.0,322359.99,False,False,False,0,False,False,False,1.0994617630406756
AAR_2025,Anti-Aging Routine,Product Education,Adults,email,2025-06-06,7026.7,38299.0,2986.0,879.0,109424.0,False,False,False,0,False,False,True,36.645781081712364
HP_2025,Holiday Prep,Seasonal Education,Adults,email,2025-11-07,4952.75,22935.0,658.0,247.0,13892.44,False,False,False,0,False,False,False,21.113130699088146
NF_2025,Nature First,Brand Image,Young Adults,linkedin,2025-04-26,8794.06,100048.0,2128.0,32.0,2519.14,False,False,False,0,False,False,False,1.1838063909774434
NF_2025,Nature First,Brand Image,Gen Z,instagram,2025-05-27,5012.09,95244.0,7160.0,82.0,6594.88,False,False,False,0,False,False,False,0.921072625698324
AAR_2025,Anti-Aging Routine,Product Education,Adults,email,2025-03-08,3911.33,5851.0,354.0,66.0,8122.32,False,False,False,0,False,False,False,22.944406779661016
HP_2025,Holiday Prep,Seasonal Education,Parents,facebook,2025-11-25,3538.89,18342.0,1742.0,206.0,12475.29,False,False,False,0,False,False,False,7.161475315729048
SS_2025,Summer Sale,Seasonal Sale,Gen Z,youtube,2025-06-04,12902.83,306960.0,14594.0,1489.0,85161.4,False,False,False,0,False,False,False,5.835370700287789
SS_2025,Summer Sale,Seasonal Sale,Parents,instagram,2025-07-25,4900.44,49864.0,3328.0,238.0,11337.57,False,False,False,0,False,False,False,3.406721754807692
AAR_2025,Anti-Aging Routine,Product Education,Young Adults,instagram,2025-03-18,5616.77,32459.0,1737.0,209.0,17941.35,False,False,False,0,False,False,False,10.328929188255612
AAR_2025,Anti-Aging Routine,Product Education,Adults,email,2025-03-13,2628.1,5789.0,355.0,226.0,22942.32,False,False,False,0,False,False,False,64.62625352112676
PL_2025,Product Launch,Product Launch,Seniors,email,2025-03-07,15194.64,163503.0,6286.0,767.0,74238.7,False,False,False,0,False,False,False,11.810165447025135
NF_2025,Nature First,Brand Image,Parents,facebook,2025-06-04,3297.55,43787.0,3396.0,137.0,11369.14,False,False,False,0,False,False,False,3.347803297997644
DBB_2025,Don't Burn for Beauty,Social Impact,Young Adults,facebook,2025-06-26,2090.95,149557.0,6723.0,270.0,10319.74,False,False,False,0,False,False,False,1.534990331697159
SS_2025,Summer Sale,Seasonal Sale,Young Adults,email,2025-07-17,1392.61,12139.0,1057.0,197.0,9391.03,False,False,False,0,False,False,False,8.884607379375591
HP_2025,Holiday Prep,Seasonal Education,Parents,instagram,2025-10-31,4843.36,13722.0,624.0,71.0,4655.4,False,False,False,0,False,False,False,7.460576923076922
SS_2025,Summer Sale,Seasonal Sale,Parents,instagram,2025-06-17,4012.83,41504.0,1154.0,238.0,10411.97,False,False,False,0,False,False,False,9.022504332755632
SS_2025,Summer Sale, Seasonal Sale,Young Adults,youtube,2025-06-03,8199.62,260862.0,11870.0,1956.0,103817.87,False,False,False,0,False,False,False,8.746240101095198
AAR_2025,Anti-Aging Routine,Product Education,Adults,linkedin,2025-04-26,2974.56,10236.0,304.0,45.0,5614.21,False,False,False,0,False,False,False,18.46779605263158
SCA_2025,Skin Cancer Awareness,Educational Awareness,Adults,youtube,2025-05-03,8097.43,574441.0,10421.0,168.0,6383.16,False,False,False,0,False,False,False,0.6125285481239804
SS_2025,Summer Sale,Seasonal Sale,Gen Z,tiktok,2025-06-25,9283.98,367692.0,21761.0,624.0,29343.39,False,False,False,0,False,False,False,1.3484394099535866
AAR_2025,Anti-Aging Routine,Product Education,Young Adults,youtube,2025-04-28,3292.79,45500.0,1054.0,104.0,7064.54,False,False,False,0,False,False,False,6.702599620493358
PL_2025,Product Launch,Product Launch,Young Adults,instagram,2025-02-20,16174.05,293752.0,20513.0,322.0,31791.66,False,False,True,0,False,False,False,1.54982986398869
PL_2025,Product Launch,Product Launch,Young Adults,youtube,2025-03-14,42105.95,1458619.0,49173.0,1714.0,135257.44,False,False,False,0,False,False,False,2.750644459357778
AAR_2025,Anti-Aging Routine,Product Education,Seniors,linkedin,2025-04-05,5514.4,17347.0,516.0,103.0,13409.24,False,False,False,0,False,False,False,25.9868992248062
DBB_2025,Don't Burn for Beauty,Social Impact,Gen Z,instagram,2025-07-27,7235.95,879008.0,38848.0,601.0,18278.81,False,False,False,0,False,False,False,0.47052126235584846
DBB_2025,Don't Burn for Beauty,Social Impact,Gen Z,instagram,2025-08-01,14269.86,1014631.0,84427.0,3738.0,139176.96,False,False,False,0,False,False,False,1.6484887535977826
DBB_2025,Don't Burn for Beauty,Social Impact,Adults,facebook,2025-08-03,4242.88,70638.0,4913.0,189.0,8462.57,False,False,False,0,False,False,False,1.7224852432322408
AAR_2025,Anti-Aging Routine,Product Education,Adults,email,2025-04-21,6208.99,19554.0,679.0,323.0,33323.93,False,False,False,0,False,False,False,49.0779528718704
AAR_2025,Anti-Aging Routine,Product Education,Adults,email,2025-05-18,5522.59,14444.0,849.0,555.0,51640.31,False,False,False,0,False,False,False,60.82486454652532
SS_2025,Summer Sale,Seasonal Sale,Young Adults,instagram,2025-05-15,5936.04,105557.0,3016.0,396.0,26381.37,False,False,False,0,False,False,False,8.747138594164456
AAR_2025,Anti-Aging Routine,Product Education,Seniors,email,2025-03-08,5276.84,14665.0,1419.0,690.0,94924.49,False,False,False,0,False,False,False,66.89534178999295
NF_2025,Nature First,Brand Image,Young Adults,instagram,2025-05-21,5154.63,54358.0,2265.0,31.0,2308.81,False,False,False,0,False,False,False,1.0193421633554083
NF_2025,Nature First,Brand Image,Young Adults,youtube,2025-03-16,7093.51,138998.5,1925.0,56.0,3716.76,True,False,False,0,False,False,False,1.9307844155844156
NF_2025,Nature First,Brand Image,Young Adults,instagram,2025-02-19,3220.61,35915.0,1465.0,20.0,1469.96,False,False,False,0,False,False,False,1.0033856655290103
PL_2025,Product Launch,Product Launch,Young Adults,facebook,2025-01-22,10841.65,396361.0,36397.0,1598.0,127463.11,False,False,False,0,False,False,False,3.502022419430173
AAR_2025,Anti-Aging Routine,Product Education,Seniors,facebook,2025-01-19,5061.65,48686.0,2557.0,289.0,29848.87,False,False,False,0,False,False,False,11.673394603050449
AAR_2025,Anti-Aging Routine,Product Education,Young Adults,facebook,2025-02-11,6691.59,91535.0,2935.0,472.0,51344.98,False,False,False,0,False,False,False,17.494030664395233
AAR_2025,Anti-Aging Routine,Product Education,Adults,email,2025-03-06,3841.47,16933.0,2247.0,1215.0,82343.0,False,False,False,0,False,False,True,36.645781081712364
NF_2025,Nature First,Brand Image,Gen Z,tiktok,2025-04-13,5815.1,213160.0,5739.0,40.0,2686.44,False,False,False,0,False,False,False,0.46810245687401986
HP_2025,Holiday Prep,Seasonal Education,Parents,facebook,2025-11-14,3695.44,15544.0,1529.0,359.0,25380.13,False,False,False,0,False,False,False,16.59916939175932
BF_2025,Black Friday,Seasonal Sale,Young Adults,facebook,2025-11-25,14010.97,242454.0,7311.0,1271.0,96393.5,False,False,False,0,False,False,False,13.184721652304747
BF_2025,Black Friday,Seasonal Sale,Gen Z,instagram,2025-11-21,5456.7,125661.0,3973.0,2015.0,137551.0,False,False,False,0,False,False,False,34.62144475207651
AAR_2025,Anti-Aging Routine,Product Education,Seniors,linkedin,2025-02-08,4642.81,26071.0,891.0,176.0,19101.87,False,False,False,0,False,False,False,21.43868686868687
SCA_2025,Skin Cancer Awareness,Educational Awareness,Young Adults,instagram,2025-05-12,12015.19,257333.0,8167.0,150.0,2018.64,False,False,True,0,False,False,False,0.2471703195787927
DBB_2025,Don't Burn for Beauty,Social Impact,Gen Z,tiktok,2025-07-07,5878.28,409279.0,28620.0,369.0,7566.9,False,False,False,0,False,False,False,0.2643920335429769
NF_2025,Nature First,Brand Image,Gen Z,instagram,2025-03-18,5672.95,39376.0,1514.0,36.0,2747.16,False,True,False,0,False,False,False,1.8145046235138704
AAR_2025,Anti-Aging Routine,Product Education,Young Adults,instagram,2025-04-06,4968.09,19319.0,918.0,179.0,16844.47,False,False,False,0,False,False,False,18.34909586056645
DBB_2025,Don't Burn for Beauty,Social Impact,Adults,facebook,2025-07-16,3694.81,88768.0,5543.0,286.0,12009.87,False,False,False,0,False,False,False,2.166673281616453
HP_2025,Holiday Prep,Seasonal Education,Seniors,facebook,2025-11-08,5075.58,33524.0,2759.0,391.0,26950.04,False,False,False,0,False,False,False,9.768046393620878
AAR_2025,Anti-Aging Routine,Product Education,Seniors,linkedin,2025-04-01,4557.83,16729.5,873.0,94.0,9949.69,True,False,False,0,False,False,False,11.397124856815578
AAR_2025,Anti-Aging Routine,Product Education,Young Adults,instagram,2025-03-29,2256.77,29211.0,465.0,44.0,2833.3,False,False,False,0,False,False,False,6.093118279569893
HP_2025,Holiday Prep,Seasonal Education,Parents,instagram,2025-11-27,3257.01,35158.0,1361.0,440.0,28077.18,False,False,True,0,False,False,False,20.629816311535635
DBB_2025,Don't Burn for Beauty,Social Impact,Gen Z,tiktok,2025-07-22,3806.61,169948.0,12187.0,148.0,6272.0,False,False,False,0,False,False,True,0.514658463901895
SS_2025,Summer Sale,Seasonal Sale,Young Adults,youtube,2025-07-12,4628.79,108940.0,4648.0,898.0,33234.81,False,False,False,0,False,False,False,7.150346385542168
SS_2025,Summer Sale, Seasonal Sale,Young Adults,instagram,2025-05-12,15048.04,233659.0,9770.0,1227.0,62511.47,False,False,False,0,False,False,False,6.398308085977482
DBB_2025,Don't Burn for Beauty,Social Impact,Gen Z,youtube,2025-07-10,11337.54,703149.0,53784.0,3356.0,82151.02,False,False,False,0,False,False,False,1.5274248847240817
AAR_2025,Anti-Aging Routine,Product Education,Seniors,linkedin,2025-03-25,5717.83,27075.0,1078.0,101.0,8968.38,False,False,False,0,False,False,False,8.319461966604823
SS_2025,Summer Sale,Seasonal Sale,Adults,email,2025-07-03,3595.24,9510.0,1059.0,310.0,22719.34,False,False,False,0,False,False,False,21.453578847969784
SCA_2025,Skin Cancer Awareness,Educational Awareness,Young Adults,youtube,2025-06-01,11271.12,671793.0,15754.0,273.0,9838.68,False,False,False,0,False,False,False,0.6245194871143837
AAR_2025,Anti-Aging Routine,Product Education,Young Adults,youtube,2025-01-25,5143.73,121949.0,2925.0,325.0,30049.18,False,False,False,0,False,False,False,10.273223931623932
NF_2025,Nature First,Brand Image,Young Adults,instagram,2025-04-02,4623.92,57850.0,3122.0,103.0,6898.21,False,False,False,0,False,False,False,2.2095483664317745
AAR_2025,Anti-Aging Routine,Product Education,Adults,email,2025-03-29,2203.06,4260.0,306.0,259.0,12631.2,False,False,True,0,False,False,False,41.27843137254902
TSF_2025,TikTok Skin Fails,Trend Counter,Gen Z,tiktok,2025-04-04,44080.47,3432203.0,106695.0,666.0,26537.39,False,False,False,0,False,False,False,0.24872196447818548
SS_2025,Summer Sale,Seasonal Sale,Adults,facebook,2025-06-03,4745.34,61173.0,2689.0,250.0,16585.88,False,False,False,0,False,False,False,6.168047601338788
AAR_2025,Anti-Aging Routine,Product Education,Seniors,linkedin,2025-03-13,1524.48,4057.0,243.0,35.0,3448.14,False,False,False,0,False,False,False,14.189876543209875
AAR_2025,Anti-Aging Routine,Product Education,Seniors,email,2025-05-14,2598.39,2555.0,107.0,91.0,9725.13,False,False,False,0,False,False,False,90.88906542056074
AAR_2025,Anti-Aging Routine,Product Education,Young Adults,youtube,2025-05-05,4495.46,30207.0,799.0,163.0,11295.0,False,False,False,0,False,False,True,14.135952140908914
NF_2025,Nature First,Brand Image,Gen Z,instagram,2025-03-09,6021.39,56530.0,1654.0,14.0,699.94,False,False,False,0,False,False,False,0.42318016928657803
DBB_2025,Don't Burn for Beauty,Social Impact,Gen Z,tiktok,2025-07-23,5230.25,584020.0,73596.0,1041.0,32536.15,False,False,False,0,False,False,False,0.4420912821348987
SS_2025,Summer Sale,Seasonal Sale,Parents,facebook,2025-06-17,3182.12,53083.0,2863.0,166.0,10620.85,False,False,False,0,False,False,False,3.709692630108278
SS_2025,Summer Sale,Seasonal Sale,Young Adults,youtube,2025-05-22,21452.77,723235.0,11397.0,1147.0,50509.38,False,False,False,0,False,False,False,4.431813635167149
NF_2025,Nature First,Brand Image,Parents,email,2025-05-22,3086.52,10044.0,365.0,20.0,1510.59,False,False,False,0,False,False,False,4.138602739726027
PL_2025,Product Launch,Product Launch,Young Adults,youtube,2025-01-24,9325.46,329221.0,23355.0,323.0,21220.08,False,False,False,0,False,False,False,0.9085883108542069
SS_2025,Summer Sale,Seasonal Sale,Young Adults,email,2025-05-23,18373.07,83205.0,3222.0,639.0,27529.4,False,False,False,0,False,False,False,8.544196151458722
AAR_2025,Anti-Aging Routine,Product Education,Adults,youtube,2025-02-28,4446.75,91169.0,2519.0,236.0,28008.92,False,False,False,0,False,False,False,11.119063120285826
PL_2025,Product Launch,Product Launch,Adults,facebook,2025-01-27,9322.48,201724.0,8299.0,408.0,42606.03,False,False,False,0,False,False,False,5.133875165682612
NF_2025,Nature First,Brand Image,Parents,instagram,2025-03-02,6407.32,75690.0,2322.5,31.0,1751.28,False,False,False,1,True,True,False,0.7540495156081808
PL_2025,Product Launch,Product Launch,Young Adults,facebook,2025-03-13,10103.07,177630.0,13676.0,301.0,16600.17,False,False,False,0,False,False,False,1.2138176367358875
SS_2025,Summer Sale,Seasonal Sale,Young Adults,youtube,2025-06-28,4752.9,75947.0,3858.0,372.0,26502.58,False,False,False,0,False,False,False,6.869512700881286
SCA_2025,Skin Cancer Awareness,Educational Awareness,Young Adults,youtube,2025-02-05,14190.54,944316.0,15275.0,249.0,6886.19,False,False,False,0,False,False,False,0.4508144026186579
PL_2025,Product Launch,Product Launch,Adults,youtube,2025-03-25,16261.43,432277.0,14526.0,1376.0,82919.08,False,False,False,0,False,False,False,5.708321630180366
AAR_2025,Anti-Aging Routine, Product Education,Adults,email,2025-01-30,2852.57,10150.0,459.0,425.0,45382.38,False,False,False,0,False,False,False,98.87228758169934
AAR_2025,Anti-Aging Routine,Product Education,Adults,linkedin,2025-02-25,3918.36,27347.0,1094.0,237.0,19326.38,False,False,False,0,False,False,False,17.665795246800734
SS_2025,Summer Sale,Seasonal Sale,Young Adults,instagram,2025-05-26,4967.04,90573.0,4436.0,326.0,17995.4,False,False,False,0,False,False,False,4.056672678088368
AAR_2025,Anti-Aging Routine,Product Education,Young Adults,facebook,2025-03-21,5885.06,36184.0,1167.0,161.0,13689.53,False,False,True,0,False,False,False,11.730531276778065
NF_2025,Nature First,Brand Image,Young Adults,linkedin,2025-03-13,6061.65,47383.0,768.0,8.0,404.68,False,False,False,0,False,False,False,0.5269270833333334
PL_2025,Product Launch,Product Launch,Adults,facebook,2025-03-17,17323.79,229559.0,12544.0,178.0,17567.87,False,False,False,0,False,False,False,1.4004998405612243
NF_2025,Nature First,Brand Image,Young Adults,linkedin,2025-03-05,4264.17,63464.0,3452.0,83.0,6812.33,False,False,False,0,False,False,False,1.973444380069525
SS_2025,Summer Sale,Seasonal Sale,Gen Z,instagram,2025-06-13,10968.05,279645.0,19466.0,2838.0,181728.64,False,False,False,0,False,False,False,9.335695058049934
SS_2025,Summer Sale,Seasonal Sale,Parents,email,2025-07-28,4416.82,25159.0,2995.0,1474.0,74101.08,False,False,False,0,False,False,False,24.741595993322203
NF_2025,Nature First,Brand Image,Parents,email,2025-05-13,3370.79,11236.0,653.0,49.0,3786.44,False,False,False,0,False,False,False,5.798529862174579
SCA_2025,Skin Cancer Awareness,Educational Awareness,Adults,youtube,2025-05-23,11089.03,723342.0,44317.0,511.0,18106.8,False,False,False,0,False,False,False,0.4085745876300291
AAR_2025,Anti-Aging Routine,Product Education,Seniors,email,2025-04-23,2721.56,6978.0,459.0,526.0,66890.89,False,False,False,0,False,False,False,145.73178649237474
AAR_2025,Anti-Aging Routine,Product Education,Young Adults,email,2025-04-02,4725.71,12343.0,199.0,68.0,5300.36,False,False,False,0,False,False,False,26.634974874371856
PL_2025,Product Launch,Product Launch,Seniors,linkedin,2025-02-05,5150.01,68702.0,3225.0,306.0,40849.4,False,False,False,0,False,False,False,12.666480620155038
AAR_2025,Anti-Aging Routine,Product Education,Seniors,facebook,2025-06-05,4966.45,25255.0,2004.0,474.0,53499.97,False,False,False,0,False,False,False,26.696591816367267
SS_2025,Summer Sale,Seasonal Sale,Adults,email,2025-07-14,4411.01,19212.0,721.0,117.0,8380.16,False,False,False,0,False,False,False,11.622968099861303
SS_2025,Summer Sale,Seasonal Sale,Parents,email,2025-05-25,3408.94,15409.0,1097.0,238.0,15563.0,False,False,False,0,False,False,True,14.187154185022026
TSF_2025,TikTok Skin Fails,Trend Counter,Gen Z,youtube,2025-05-10,23804.87,1392642.0,107670.0,2719.0,9908.43,False,False,True,0,False,False,False,0.0920259125104486
AAR_2025,Anti-Aging Routine,Product Education,Adults,youtube,2025-01-21,2383.09,7113.0,209.0,30.0,3630.52,False,False,False,0,False,False,False,17.37090909090909
PL_2025,Product Launch,Product Launch,Adults,email,2025-02-21,28486.55,173124.0,8980.0,1017.0,95405.76,False,False,False,0,False,False,False,10.624249443207127
SS_2025,Summer Sale,Seasonal Sale,Adults,facebook,2025-05-15,7727.39,104898.0,3137.5,492.0,36431.61,False,False,False,1,True,True,False,11.611668525896414
PL_2025,Product Launch,Product Launch,Seniors,email,2025-03-09,22562.17,67136.0,4950.0,490.0,43114.0,False,False,False,0,False,False,True,8.709877626083228
SS_2025,Summer Sale,Seasonal Sale,Adults,email,2025-06-29,9259.73,56063.0,4532.0,792.0,41032.63,False,False,False,0,False,False,False,9.053978375992939
PL_2025,Product Launch, Product Launch,Seniors,facebook,2025-02-24,6403.4,38427.0,877.0,45.0,3806.4,False,False,False,0,False,False,False,4.340250855188142
NF_2025,Nature First,Brand Image,Young Adults,linkedin,2025-05-12,4580.07,24886.0,435.0,14.0,1307.8,False,False,False,0,False,False,False,3.0064367816091955
AAR_2025,Anti-Aging Routine,Product Education,Young Adults,facebook,2025-01-23,6534.61,37784.0,0.0,0.0,0.0,False,False,False,0,False,False,False,18.332014213994107
SS_2025,Summer Sale,Seasonal Sale,Gen Z,instagram,2025-06-27,6540.88,129218.0,6212.0,525.0,34416.03,False,False,False,0,False,False,False,5.540249517063748
DBB_2025,Don't Burn for Beauty,Social Impact,Young Adults,instagram,2025-07-04,12329.03,465000.0,22392.0,359.0,14428.48,False,False,False,0,False,False,False,0.6443586995355484
BF_2025,Black Friday,Seasonal Sale,Adults,facebook,2025-12-04,11767.02,129808.0,3859.0,324.0,24211.88,False,False,False,0,False,False,False,6.274133195128272
NF_2025,Nature First,Brand Image,Parents,facebook,2025-03-26,4748.08,31496.0,1210.0,53.0,4699.55,False,False,False,0,False,False,False,3.8839256198347107
AAR_2025,Anti-Aging Routine,Product Education,Seniors,facebook,2025-01-27,6648.17,28948.0,587.0,103.0,10412.26,False,False,False,0,False,False,False,17.73809199318569
NF_2025,Nature First,Brand Image,Parents,facebook,2025-05-03,4289.51,58506.0,2515.0,39.0,3102.23,False,False,False,0,False,False,False,1.2334910536779324
PL_2025,Product Launch,Product Launch,Adults,facebook,2025-03-02,15621.71,392011.0,12013.0,108.0,8921.26,False,False,False,0,False,False,False,0.7426338133688505
DBB_2025,Don't Burn for Beauty,Social Impact,Adults,linkedin,2025-07-07,3975.2,41971.0,3609.0,130.0,3922.01,False,False,False,0,False,False,False,1.0867303962316432
BF_2025,Black Friday,Seasonal Sale,Young Adults,tiktok,2025-12-02,7297.89,213241.0,6206.0,274.0,17433.73,False,False,False,0,False,False,False,2.80917338059942
TSF_2025,TikTok Skin Fails,Trend Counter,Young Adults,instagram,2025-05-24,8283.57,969103.0,0.0,0.0,0.0,False,False,False,0,False,False,False,1.4698740423386454
AAR_2025,Anti-Aging Routine,Product Education,Adults,facebook,2025-03-12,5541.1,68545.0,5466.0,2210.0,166262.77,False,False,False,0,False,False,False,30.4176308086352
PL_2025,Product Launch,Product Launch,Young Adults,instagram,2025-01-21,6502.56,208754.0,7278.0,51.0,4935.42,False,False,False,0,False,False,False,0.6781286067600989
BF_2025,Black Friday,Seasonal Sale,Adults,linkedin,2025-11-29,6200.65,46117.0,2258.0,569.0,29807.75,False,False,False,0,False,False,False,13.200952170062001
AAR_2025,Anti-Aging Routine,Product Education,Adults,linkedin,2025-04-12,5251.39,34644.0,0.0,96.0,0.0,False,False,True,0,False,False,False,22.099723046488624
TSF_2025,TikTok Skin Fails,Trend Counter,Gen Z,youtube,2025-04-07,11627.84,788332.0,51758.0,2537.0,535400.85,False,False,False,0,False,False,False,10.344311024382703
SS_2025,Summer Sale,Seasonal Sale,Young Adults,youtube,2025-07-09,11539.7,259522.0,15529.0,804.0,40410.92,False,False,False,0,False,False,False,2.6022873333762635
NF_2025,Nature First,Brand Image,Young Adults,linkedin,2025-04-17,3739.92,38235.0,3991.0,55.0,2710.28,False,False,False,0,False,False,False,0.6790979704334754
AAR_2025,Anti-Aging Routine,Product Education,Seniors,email,2025-04-05,3986.45,7919.0,521.0,209.0,20623.67,False,False,False,0,False,False,False,39.58477927063339
BF_2025,Black Friday,Seasonal Sale,Adults,facebook,2025-11-21,4576.12,71055.0,3345.0,1953.0,111538.56,False,False,False,0,False,False,False,33.34486098654708
PL_2025,Product Launch,Product Launch,Adults,instagram,2025-03-01,5006.77,137048.0,5940.0,216.0,76191.07,False,False,False,0,False,False,False,12.826779461279463
TSF_2025,TikTok Skin Fails,Trend Counter,Young Adults,facebook,2025-06-11,4039.99,213697.0,10518.0,285.0,6876.37,False,False,False,0,False,False,False,0.653771629587374
TSF_2025,TikTok Skin Fails,Trend Counter,Young Adults,tiktok,2025-04-21,34556.2,8586529.0,334495.0,12028.0,677354.76,False,False,False,0,False,False,False,2.0250071301514225
BF_2025,Black Friday,Seasonal Sale,Seniors,facebook,2025-11-28,6927.12,54713.0,3640.0,859.0,66561.08,False,False,False,0,False,False,False,18.28601098901099
PL_2025,Product Launch,Product Launch,Seniors,linkedin,2025-03-08,16158.46,141182.0,4040.0,267.0,25169.29,False,False,False,0,False,False,False,6.230022277227723
BF_2025,Black Friday,Seasonal Sale,Parents,instagram,2025-11-29,4394.78,49621.0,3154.0,282.0,15063.17,False,False,False,0,False,False,False,4.775894102726697
NF_2025,Nature First,Brand Image,Gen Z,instagram,2025-03-03,8169.51,136743.0,4222.0,112.0,5774.86,False,False,False,0,False,False,False,1.3678019895783988
NF_2025,Nature First,Brand Image,Gen Z,tiktok,2025-05-31,8996.89,551167.0,54985.0,879.0,49956.39,False,False,False,0,False,False,False,0.9085457852141493
PL_2025,Product Launch,Product Launch,Young Adults,facebook,2025-02-02,3559.49,81356.0,7672.0,220.0,20709.8,False,False,False,0,False,False,False,2.6994004171011468
SS_2025,Summer Sale,Seasonal Sale,Young Adults,email,2025-07-27,6403.62,70693.0,4605.0,1435.0,52592.9,False,False,False,0,False,False,False,11.420825190010857
AAR_2025,Anti-Aging Routine,Product Education,Young Adults,youtube,2025-02-25,3887.96,99397.0,1917.0,543.0,44765.01,False,False,False,0,False,False,False,23.351596244131457
AAR_2025,Anti-Aging Routine,Product Education,Young Adults,instagram,2025-02-03,5392.89,50015.0,1523.5,639.0,64068.69,False,False,False,1,True,True,False,42.05361995405317
HP_2025,Holiday Prep,Seasonal Education,Adults,instagram,2025-11-23,5201.45,24986.0,1654.0,254.0,18486.59,False,False,False,1,True,True,False,11.176898428053205
SS_2025,Summer Sale,Seasonal Sale,Adults,linkedin,2025-05-21,7238.64,59530.0,2093.0,282.0,18252.29,False,False,False,0,False,False,False,8.720635451505018
AAR_2025,Anti-Aging Routine,Product Education,Adults,email,2025-02-27,4098.11,11731.0,907.0,257.0,16444.12,False,False,False,0,False,False,False,18.130231532524807
BF_2025,Black Friday,Seasonal Sale,Young Adults,instagram,2025-11-21,15104.99,160872.0,5222.0,1012.0,78282.9,False,True,False,0,False,False,False,14.990980467253925
HP_2025,Holiday Prep,Seasonal Education,Adults,facebook,2025-10-25,3809.59,36275.0,2386.0,1139.0,96440.2,False,False,False,0,False,False,False,40.41919530595138
PL_2025,Product Launch,Product Launch,Adults,youtube,2025-02-04,8575.1,318641.0,12196.0,296.0,32255.45,False,False,False,0,False,False,False,2.6447564775336176
TSF_2025,TikTok Skin Fails,Trend Counter,Gen Z,instagram,2025-04-06,35532.75,1529229.0,80639.0,3249.0,179979.17,False,False,False,0,False,False,False,2.2319122260940736
AAR_2025,Anti-Aging Routine,Product Education,Young Adults,youtube,2025-04-15,3349.2,33066.0,1371.0,378.0,35630.91,False,False,False,0,False,False,False,25.98899343544858
PL_2025,Product Launch,Product Launch,Seniors,email,2025-01-25,10779.56,38792.0,2687.0,203.0,24384.56,False,False,False,0,False,False,False,9.075013025679196
SS_2025,Summer Sale,Seasonal Sale,Adults,facebook,2025-05-24,1609.27,28732.0,0.0,0.0,0.0,False,False,False,0,False,False,False,6.446572695278251
HP_2025,Holiday Prep,Seasonal Education,Parents,email,2025-11-17,3631.52,19366.0,2079.0,1219.0,129948.18,False,False,False,0,False,False,False,62.50513708513708
SS_2025,Summer Sale,Seasonal Sale,Young Adults,youtube,2025-03-07,3446.52,114860.0,3172.0,382.0,25676.34,False,False,False,0,False,False,False,8.09468474148802
AAR_2025,Anti-Aging Routine,Product Education,Seniors,linkedin,2025-05-08,3359.2,12840.0,235.0,34.0,4905.47,False,False,False,0,False,False,False,20.874340425531916
NF_2025,Nature First,Brand Image,Young Adults,instagram,2025-05-12,4351.26,75537.0,2543.0,16.0,993.99,False,False,False,0,False,False,False,0.39087298466378295
AAR_2025,Anti-Aging Routine,Product Education,Seniors,email,2025-02-03,3258.15,4976.0,155.0,62.0,6895.46,False,False,False,0,False,False,False,44.48683870967742
AAR_2025,Anti-Aging Routine,Product Education,Young Adults,instagram,2025-04-01,5571.07,44824.0,0.0,0.0,0.0,False,False,False,0,False,False,False,10.850630763068924
NF_2025,Nature First,Brand Image,Parents,instagram,2025-03-08,5156.67,47925.0,1633.0,21.0,1388.62,False,False,False,0,False,False,False,0.8503490508266992
SS_2025,Summer Sale,Seasonal Sale,Parents,facebook,2025-06-21,6081.08,212664.0,4022.0,500.0,36576.04,False,False,False,0,False,False,False,9.093993038289408
TSF_2025,TikTok Skin Fails,Trend Counter,Gen Z,instagram,2025-04-27,20481.12,953735.0,50438.0,2871.0,55783.08,False,False,False,0,False,False,False,1.10597327411872
NF_2025,Nature First,Brand Image,Parents,instagram,2025-04-13,2602.6,18237.0,974.0,14.0,1208.75,False,False,False,0,False,False,False,1.2410164271047228
AAR_2025,Anti-Aging Routine,Product Education,Seniors,facebook,2025-05-26,4823.7,16467.0,442.0,115.0,16515.8,False,False,False,0,False,False,False,37.36606334841629
AAR_2025,Anti-Aging Routine,Product Education,Adults,linkedin,2025-05-20,3505.38,13174.0,715.0,75.0,5997.36,False,False,False,0,False,False,False,8.387916083916084
NF_2025,Nature First,Brand Image,Young Adults,youtube,2025-04-23,7360.61,215852.0,11041.0,184.0,14384.88,False,False,False,0,False,False,False,1.3028602481659268
NF_2025,Nature First,Brand Image,Gen Z,youtube,2025-05-08,5681.9,133337.0,5028.0,174.0,9702.51,False,False,False,0,False,False,False,1.9296957040572793
BF_2025,Black Friday,Seasonal Sale,Parents,email,2025-11-24,9104.03,33110.0,1863.0,1055.0,67625.32,False,False,False,0,False,False,False,36.299151905528724
AAR_2025,Anti-Aging Routine,Product Education,Seniors,facebook,2025-01-25,4159.0,21294.0,605.0,63.0,6739.46,False,False,False,0,False,False,False,11.139603305785124
NF_2025,Nature First,Brand Image,Gen Z,youtube,2025-04-13,5102.65,141274.0,4977.0,112.0,5700.58,False,False,False,0,False,False,False,1.1453847699417319
AAR_2025,Anti-Aging Routine, Product Education,Adults,facebook,2025-01-03,3537.39,27580.0,782.0,418.0,31722.69,False,False,False,0,False,False,False,40.56609974424552
DBB_2025,Don't Burn for Beauty,Social Impact,Young Adults,tiktok,2025-07-04,2240.22,128666.0,6445.0,78.0,2151.93,False,False,False,0,False,False,False,0.3338913886733902
PL_2025,Product Launch,Product Launch,Young Adults,youtube,2025-02-05,22638.87,974137.0,39966.0,491.0,40566.46,False,False,False,0,False,False,False,1.0150242706300354
AAR_2025,Anti-Aging Routine,Product Education,Young Adults,instagram,2025-05-15,2878.5,21538.0,682.0,74.0,5931.91,False,False,False,0,False,False,False,8.697815249266862
AAR_2025,Anti-Aging Routine,Product Education,Young Adults,youtube,2025-03-22,5182.6,97804.0,4045.0,1857.0,57180.0,False,False,False,0,False,False,True,14.135952140908914
TSF_2025,TikTok Skin Fails,Trend Counter,Young Adults,youtube,2025-03-27,9559.89,1047732.0,46276.0,3016.0,123133.01,False,False,False,0,False,False,False,2.6608395280490966
AAR_2025,Anti-Aging Routine,Product Education,Adults,email,2025-05-25,6510.88,22051.0,0.0,0.0,0.0,False,False,False,0,False,False,False,36.645781081712364
AAR_2025,Anti-Aging Routine,Product Education,Young Adults,instagram,2025-05-17,2951.33,31659.0,1616.0,365.0,36120.02,False,False,False,0,False,False,False,22.351497524752475
AAR_2025,Anti-Aging Routine,Product Education,Adults,youtube,2025-04-17,5845.6,50671.0,924.0,157.0,17187.15,False,False,False,0,False,False,False,18.60081168831169
SS_2025,Summer Sale,Seasonal Sale,Young Adults,facebook,2025-05-23,5270.97,40573.0,3001.0,608.0,23278.31,False,False,False,0,False,False,False,7.756851049650117
AAR_2025,Anti-Aging Routine,Product Education,Adults,linkedin,2025-04-30,5421.48,16729.5,620.0,146.0,9645.42,True,False,False,0,False,False,False,15.557129032258064
AAR_2025,Anti-Aging Routine,Product Education,Adults,facebook,2025-02-27,5916.91,26091.0,995.0,111.0,9322.18,False,False,False,0,False,False,False,9.369025125628141
PL_2025,Product Launch,Product Launch,Seniors,facebook,2025-03-02,16010.84,138412.0,4470.0,136.0,18108.05,False,False,False,0,False,False,False,4.0510178970917226
SS_2025,Summer Sale,Seasonal Sale,Young Adults,youtube,2025-06-01,7061.01,145813.0,14416.0,1326.0,94407.65,False,False,False,0,False,False,False,6.548810349611542
BF_2025,Black Friday,Seasonal Sale,Gen Z,youtube,2025-11-18,20476.25,921463.0,53150.0,9661.0,368810.56,False,False,False,0,False,False,False,6.939050987770461
DBB_2025,Don't Burn for Beauty,Social Impact,Adults,facebook,2025-06-26,9366.36,312381.0,27387.0,484.0,22376.8,False,False,False,0,False,False,False,0.8170591886661555
NF_2025,Nature First,Brand Image,Gen Z,youtube,2025-06-02,7071.19,100272.0,4614.0,88.0,3780.62,False,False,False,0,False,False,False,0.8193801473775466
DBB_2025,Don't Burn for Beauty,Social Impact,Young Adults,youtube,2025-07-25,4258.29,208911.0,19806.0,1357.0,58418.53,False,False,False,0,False,False,False,2.9495370089871757
SS_2025,Summer Sale,Seasonal Sale,Adults,linkedin,2025-07-20,2617.06,19824.0,1570.0,66.0,5034.52,False,False,False,0,False,False,False,3.2067006369426756
DBB_2025,Don't Burn for Beauty,Social Impact,Gen Z,tiktok,2025-06-30,9413.23,702148.0,50426.0,1049.0,32043.35,False,False,False,0,False,False,False,0.6354529409431642
NF_2025,Nature First,Brand Image,Parents,instagram,2025-02-28,7377.01,72725.0,2657.0,100.0,7808.72,False,False,False,0,False,False,False,2.938923598042906
TSF_2025,TikTok Skin Fails,Trend Counter,Young Adults,instagram,2025-06-05,4613.88,170083.0,8320.0,193.0,9856.36,False,False,False,0,False,False,False,1.1846586538461539
BF_2025,Black Friday,Seasonal Sale,Young Adults,tiktok,2025-11-28,1686.78,117517.0,0.0,0.0,0.0,False,False,False,0,False,False,False,6.540883296957248
DBB_2025,Don't Burn for Beauty,Social Impact,Adults,youtube,2025-07-14,4031.91,318292.0,9691.0,447.0,12034.62,False,False,False,0,False,False,False,1.2418346919822516
AAR_2025,Anti-Aging Routine,Product Education,Adults,facebook,2025-01-24,4247.29,49339.0,4326.0,1101.0,134865.65,False,False,False,0,False,False,False,31.17560101710587
SS_2025,Summer Sale,Seasonal Sale,Parents,email,2025-07-14,10656.49,43614.0,1370.0,164.0,9757.6,False,False,False,0,False,False,False,7.122335766423358
AAR_2025,Anti-Aging Routine,Product Education,Seniors,email,2025-01-21,3529.97,8306.0,506.0,113.0,13587.85,False,False,False,0,False,False,False,26.853458498023716
SS_2025,Summer Sale,Seasonal Sale,Young Adults,youtube,2025-07-08,11022.0,738068.0,37872.0,3728.0,196973.61,False,False,False,0,False,False,False,5.201035329531051
AAR_2025,Anti-Aging Routine,Product Education,Seniors,facebook,2025-03-05,3843.37,18691.0,804.0,142.0,13332.1,False,False,False,0,False,False,False,16.58221393034826
PL_2025,Product Launch,Product Launch,Young Adults,facebook,2025-02-12,13041.77,319337.0,15774.0,319.0,20223.56,False,False,False,0,False,False,False,1.2820819069354634
NF_2025,Nature First,Brand Image,Young Adults,youtube,2025-05-29,8121.34,113743.0,9129.0,307.0,16992.91,False,False,False,0,False,False,False,1.8614207470697777
NF_2025,Nature First,Brand Image,Gen Z,tiktok,2025-03-29,5083.58,222039.0,17315.0,186.0,10480.15,False,False,False,0,False,False,False,0.6052642217730292
AAR_2025,Anti-Aging Routine,Product Education,Adults,email,2025-02-28,6002.4,23430.0,1145.0,442.0,30513.32,False,False,False,0,False,False,False,26.649187772925764
SS_2025,Summer Sale,Seasonal Sale,Young Adults,youtube,2025-06-20,6196.59,149974.0,4908.0,483.0,20353.53,False,False,False,0,False,False,False,4.147011002444987
SS_2025,Summer Sale,Seasonal Sale,Gen Z,youtube,2025-05-29,7653.16,742277.0,64918.0,11162.0,657908.75,False,False,False,0,False,False,False,10.134458085584892
HP_2025,Holiday Prep,Seasonal Education,Seniors,facebook,2025-11-05,4589.24,26977.0,1464.0,910.0,78951.98,False,False,False,0,False,False,False,53.92894808743169
AAR_2025,Anti-Aging Routine,Product Education,Young Adults,instagram,2025-05-08,5267.13,40344.0,2935.0,398.0,35408.99,False,False,False,0,False,False,False,12.064391822827938
BF_2025,Black Friday,Seasonal Sale,Young Adults,tiktok,2025-11-29,29160.73,647910.0,48883.0,7142.0,500686.01,False,False,False,0,False,False,False,10.242538510320562
NF_2025,Nature First,Brand Image,Parents,instagram,2025-04-07,4494.3,44440.0,1323.0,33.0,1948.52,False,False,False,0,False,False,False,1.4728042328042328
NF_2025,Nature First,Brand Image,Young Adults,instagram,2025-05-16,3384.31,41135.0,1536.0,44.0,3931.42,False,False,False,0,False,False,False,2.5595182291666667
AAR_2025,Anti-Aging Routine,Product Education,Seniors,email,2025-03-11,2678.77,6535.0,146.0,55.0,5426.06,False,False,False,0,False,False,False,37.16479452054795
AAR_2025,Anti-Aging Routine,Product Education,Young Adults,facebook,2025-05-11,5727.79,44470.0,1426.0,807.0,50738.67,False,False,False,0,False,False,False,35.58111500701262
NF_2025,Nature First,Brand Image,Young Adults,linkedin,2025-04-20,10179.02,104447.0,3736.0,126.0,9105.64,False,False,False,0,False,False,False,2.4372698072805137
AAR_2025,Anti-Aging Routine,Product Education,Young Adults,facebook,2025-05-05,4006.33,30658.0,685.0,154.0,11264.15,False,False,False,0,False,False,False,16.444014598540146
PL_2025,Product Launch,Product Launch,Young Adults,instagram,2025-03-24,23052.47,581402.0,18567.0,916.0,91449.27,False,False,False,0,False,False,False,4.925365971885603
PL_2025,Product Launch,Product Launch,Seniors,facebook,2025-02-02,16484.66,118960.0,6976.0,193.0,17161.65,False,False,False,0,False,False,False,2.460098910550459
NF_2025,Nature First,Brand Image,Young Adults,linkedin,2025-05-22,4114.01,29191.0,835.0,20.0,1853.37,False,False,False,0,False,False,False,2.2196047904191616
PL_2025,Product Launch,Product Launch,Seniors,email,2025-02-08,28145.88,99423.0,6050.0,635.0,77547.1,False,False,False,0,False,False,False,12.817702479338845
BF_2025,Black Friday,Seasonal Sale,Gen Z,youtube,2025-11-25,17925.5,670151.0,64066.0,12029.0,735712.09,False,False,False,0,False,False,False,11.483658883026878
HP_2025,Holiday Prep,Seasonal Education,Adults,facebook,2025-11-02,2865.84,48895.0,1162.0,153.0,13792.18,False,False,False,0,False,False,False,11.86934595524957
DBB_2025,Don't Burn for Beauty,Social Impact,Young Adults,facebook,2025-07-27,3614.55,172222.0,9534.0,316.0,8000.68,False,False,False,0,False,False,False,0.8391734843717222
NF_2025,Nature First,Brand Image,Young Adults,youtube,2025-04-02,7945.56,154808.0,5586.0,169.0,15575.65,False,False,False,0,False,False,False,2.7883369137128535
AAR_2025,Anti-Aging Routine,Product Education,Adults,email,2025-05-02,3047.54,12125.0,538.0,254.0,20596.86,False,False,False,0,False,False,False,38.284126394052045
TSF_2025,TikTok Skin Fails,Trend Counter,Gen Z,instagram,2025-04-21,2703.59,92309.0,5073.0,849.0,35195.35,False,False,False,0,False,False,False,6.937778434851173
DBB_2025,Don't Burn for Beauty,Social Impact,Young Adults,instagram,2025-07-23,16520.64,305360.0,19919.0,526.0,19387.0,False,False,False,0,False,False,True,0.9732815906556541
PL_2025,Product Launch,Product Launch,Adults,email,2025-01-23,16417.46,222266.0,15818.0,674.0,59089.44,False,False,False,0,False,False,False,3.7355822480718173
PL_2025,Product Launch,Product Launch,Adults,youtube,2025-03-06,15944.47,387571.0,26059.0,663.0,64439.75,False,False,False,0,False,False,False,2.472840477378257
SS_2025,Summer Sale,Seasonal Sale,Young Adults,youtube,2025-07-11,4842.19,61653.0,2730.0,757.0,51872.03,False,False,False,0,False,False,False,19.00074358974359
TSF_2025,TikTok Skin Fails,Trend Counter,Gen Z,tiktok,2025-05-11,17111.21,1364315.0,106899.0,508.0,6537.78,False,False,False,0,False,False,False,0.061158476692953156
SS_2025,Summer Sale,Seasonal Sale,Adults,email,2025-07-26,4440.33,22335.0,2112.0,1556.0,99831.85,False,False,False,0,False,False,False,47.26886837121212
SCA_2025,Skin Cancer Awareness,Educational Awareness,Adults,linkedin,2025-05-20,11347.86,399784.0,10484.0,178.0,6927.93,False,False,False,0,False,False,False,0.6608098054177795
AAR_2025,Anti-Aging Routine,Product Education,Adults,linkedin,2025-05-13,3377.29,7974.0,339.0,146.0,11679.37,False,False,False,0,False,False,False,34.45241887905605
DBB_2025,Don't Burn for Beauty,Social Impact,Gen Z,youtube,2025-06-30,5337.4,288653.0,11570.0,425.0,14513.0,False,False,False,0,False,False,True,1.2543555413413905
AAR_2025,Anti-Aging Routine,Product Education,Adults,facebook,2025-05-07,4805.13,58095.0,2003.0,367.0,43978.55,False,False,False,0,False,False,False,21.956340489266104
SCA_2025,Skin Cancer Awareness,Educational Awareness,Young Adults,youtube,2025-05-07,21859.4,2772463.0,66775.0,246.5,18206.92,False,False,True,0,False,False,False,0.27266072631973043
NF_2025,Nature First,Brand Image,Parents,instagram,2025-04-21,7052.57,49615.0,1022.0,32.0,1803.22,False,False,False,0,False,False,False,1.76440313111546
SCA_2025,Skin Cancer Awareness,Educational Awareness,Young Adults,tiktok,2025-05-19,11500.4,1229056.0,26796.0,59.0,1750.49,False,False,False,0,False,False,False,0.06532654127481714
NF_2025,Nature First,Brand Image,Gen Z,youtube,2025-04-26,4039.39,111783.0,3955.0,57.0,2684.45,False,False,False,0,False,False,False,0.678748419721871
DBB_2025,Don't Burn for Beauty,Social Impact,Gen Z,youtube,2025-07-20,1365.17,328464.0,8342.0,208.0,4992.36,True,False,False,0,False,False,False,0.5984608007672021
AAR_2025,Anti-Aging Routine,Product Education,Young Adults,instagram,2025-03-27,6018.75,42048.0,1369.0,209.0,20234.11,False,False,True,0,False,False,False,14.780211833455077
DBB_2025,Don't Burn for Beauty,Social Impact,Young Adults,instagram,2025-01-07,11500.67,568577.0,21751.0,632.0,27887.52,False,False,False,0,False,False,False,1.2821258792699186
TSF_2025,TikTok Skin Fails,Trend Counter,Young Adults,youtube,2025-05-04,2987.52,130452.0,4845.0,46.0,2653.6,False,False,False,0,False,False,False,0.5476986584107327
NF_2025,Nature First,Brand Image,Parents,facebook,2025-03-29,4576.57,38186.0,2727.0,46.0,2830.48,False,False,False,0,False,False,False,1.037946461312798
PL_2025,Product Launch,Product Launch,Seniors,linkedin,2025-03-10,10955.51,85477.0,3092.5,230.0,16569.8,False,False,False,1,True,True,False,5.358059822150364
TSF_2025,TikTok Skin Fails,Trend Counter,Gen Z,instagram,2025-06-07,108085.34,12524842.0,900486.0,4737.0,273018.99,False,False,False,0,False,False,False,0.3031907103497445
NF_2025,Nature First,Brand Image,Parents,email,2025-05-12,5874.32,18625.0,1839.0,62.0,4837.65,False,False,False,0,False,False,False,2.6305872756933115
AAR_2025,Anti-Aging Routine,Product Education,Seniors,facebook,2025-02-14,4357.31,16204.0,431.0,79.0,10950.34,False,False,False,0,False,False,False,25.406821345707655
SS_2025,Summer Sale,Seasonal Sale,Young Adults,email,2025-06-04,5251.11,65953.0,2742.0,1249.0,72133.21,False,False,False,0,False,False,False,26.306787016776077
PL_2025,Product Launch,Product Launch,Adults,youtube,2025-01-25,2438.57,92021.0,4638.0,78.0,6233.02,False,False,False,0,False,False,False,1.3439025442000863
NF_2025,Nature First,Brand Image,Parents,instagram,2025-04-28,6159.33,34068.0,1345.0,13.0,1171.66,False,False,False,0,False,False,False,0.8711226765799257
PL_2025,Product Launch,Product Launch,Seniors,email,2025-02-09,5382.67,28592.0,645.0,18.0,1991.55,False,False,False,0,False,False,False,3.087674418604651
SCA_2025,Skin Cancer Awareness,Educational Awareness,Young Adults,tiktok,2025-05-06,16912.78,1232796.0,31343.0,716.0,28323.94,False,False,False,0,False,False,False,0.9036767380276297
PL_2025,Product Launch,Product Launch,Seniors,linkedin,2025-02-13,8881.86,65365.0,1828.0,45.0,4933.9,False,False,False,0,False,False,False,2.699070021881838
AAR_2025,Anti-Aging Routine,Product Education,Young Adults,instagram,2025-05-16,2764.21,37059.0,1020.0,210.0,20492.28,False,False,False,0,False,False,False,20.09047058823529
BF_2025,Black Friday,Seasonal Sale,Parents,facebook,2025-11-18,12228.93,89424.0,4272.0,853.0,71998.65,False,True,False,0,False,False,False,16.853616573033708
AAR_2025,Anti-Aging Routine,Product Education,Seniors,email,2025-03-19,3590.67,8668.0,857.0,621.0,81550.76,False,False,False,0,False,False,False,95.15841306884481
SS_2025,Summer Sale,Seasonal Sale,Young Adults,youtube,2025-06-04,6293.45,139266.0,6652.0,1654.0,63051.03,False,False,False,0,False,False,False,9.478507215874926
BF_2025,Black Friday,Seasonal Sale,Gen Z,tiktok,2025-11-30,30787.89,1667708.0,39800.0,2631.0,107900.7,False,False,False,0,False,False,False,2.7110728643216078
NF_2025,Nature First,Brand Image,Young Adults,youtube,2025-02-22,5898.13,128204.0,5232.0,94.0,8240.78,False,False,False,0,False,False,False,1.575072629969419
SS_2025,Summer Sale,Seasonal Sale,Gen Z,tiktok,2025-07-21,42741.68,3641343.0,0.0,0.0,0.0,False,False,False,0,False,False,False,2.80956829827236
DBB_2025,Don't Burn for Beauty,Social Impact,Adults,facebook,2025-07-07,4830.44,86321.0,9911.0,131.0,4659.74,False,False,False,0,False,False,False,0.470158409847644
SS_2025,Summer Sale,Seasonal Sale,Gen Z,tiktok,2025-06-27,1443.16,56483.0,2003.0,71.0,3138.66,False,False,False,0,False,False,False,1.566979530703944
SCA_2025,Skin Cancer Awareness,Educational Awareness,Seniors,youtube,2025-05-09,15691.33,393491.0,13468.0,157.0,4245.35,False,False,False,0,False,False,False,0.31521755271755275
AAR_2025,Anti-Aging Routine,Product Education,Young Adults,youtube,2025-05-23,6098.99,81356.0,2271.0,411.0,38004.25,False,False,False,0,False,False,False,16.734588287098195
TSF_2025,TikTok Skin Fails,Trend Counter,Young Adults,youtube,2025-05-17,2685.85,145526.0,78489.5,290.0,8810.45,False,False,False,1,True,True,False,0.1122500461845215
DBB_2025,Don't Burn for Beauty,Social Impact,Adults,facebook,2025-08-02,3246.78,60137.0,4601.0,257.0,9912.28,False,False,False,0,False,False,False,2.1543751358400347
AAR_2025,Anti-Aging Routine,Product Education,Young Adults,email,2025-04-19,3911.0,24217.0,1708.0,463.0,44500.09,False,False,False,0,False,False,False,26.053916861826696
NF_2025,Nature First,Brand Image,Gen Z,youtube,2025-05-16,11482.74,310574.0,6877.0,164.0,9042.24,False,False,False,0,False,False,False,1.3148524065726335
SCA_2025,Skin Cancer Awareness,Educational Awareness,Seniors,linkedin,2025-06-02,5849.2,110004.0,5633.0,134.0,5257.09,False,False,False,0,False,False,False,0.9332664654713297
AAR_2025,Anti-Aging Routine,Product Education,Adults,email,2025-03-05,4793.2,24263.0,1241.0,629.0,54688.51,False,False,False,0,False,False,False,44.06809830781628
TSF_2025,TikTok Skin Fails,Trend Counter,Gen Z,instagram,2025-05-19,11521.32,1649543.0,62233.0,3268.0,82124.86,False,False,False,0,False,False,False,1.319635241752768
HP_2025,Holiday Prep,Seasonal Education,Parents,facebook,2025-10-30,3145.12,21618.0,891.0,307.0,19523.26,False,False,False,0,False,False,False,21.911627384960717
DBB_2025,Don't Burn for Beauty,Social Impact,Young Adults,instagram,2025-07-12,15066.57,367311.0,32364.0,1322.0,49121.35,True,False,False,0,False,False,False,1.5177774687924854
TSF_2025,TikTok Skin Fails,Trend Counter ,Young Adults,instagram,2025-05-28,40636.33,2242205.0,48387.0,1973.0,89435.36,False,False,False,0,False,False,False,1.8483344700022732
SS_2025,Summer Sale,Seasonal Sale,Parents,facebook,2025-06-11,6021.77,59584.0,2110.0,158.0,10603.21,False,False,False,0,False,False,False,5.025218009478673
SCA_2025,Skin Cancer Awareness,Educational Awareness,Young Adults,youtube,2025-05-18,8249.46,270064.0,6619.0,131.0,4817.8,False,False,False,0,False,False,False,0.7278743012539659
PL_2025,Product Launch,Product Launch,Adults,email,2025-02-09,9714.26,89581.0,10463.0,524.0,33152.31,False,False,False,0,False,False,False,3.1685281468030198
NF_2025,Nature First,Brand Image,Parents,email,2025-03-27,5934.73,38440.0,2574.0,179.0,14667.2,False,False,False,0,False,False,False,5.698212898212899
DBB_2025,Don't Burn for Beauty,Social Impact,Gen Z,instagram,2025-07-07,26153.7,859021.0,57983.0,1440.0,41511.14,False,False,False,0,False,False,False,0.7159191487160029
PL_2025,Product Launch,Product Launch,Young Adults,tiktok,2025-03-11,9540.5,310553.0,0.0,0.0,0.0,False,False,False,0,False,False,False,1.2061881078691423
PL_2025,Product Launch,Product Launch,Seniors,linkedin,2025-03-01,4498.03,28171.0,2236.0,150.0,15455.52,False,False,True,0,False,False,False,6.912128801431127
NF_2025,Nature First,Brand Image,Parents,email,2025-05-02,2743.09,6941.0,608.0,39.0,3001.03,False,False,False,0,False,False,False,4.9359046052631586
DBB_2025,Don't Burn for Beauty,Social Impact,Gen Z,tiktok,2025-08-03,4283.44,269691.0,27312.0,79.0,1510.21,False,False,False,0,False,False,False,0.055294742237844176
NF_2025,Nature First,Brand Image,Gen Z,youtube,2025-05-20,6358.07,110372.0,1721.0,62.0,3173.68,False,False,False,0,False,False,False,1.8440906449738523
PL_2025,Product Launch,Product Launch,Seniors,email,2025-03-30,6009.5,38599.0,2677.0,258.0,23571.34,False,False,False,0,False,False,False,8.805132611131864
HP_2025,Holiday Prep,Seasonal Education,Parents,facebook,2025-11-24,5793.25,76058.0,5542.0,1629.0,146322.56,False,False,False,0,False,False,False,26.402482858173943
TSF_2025,TikTok Skin Fails,Trend Counter,Young Adults,tiktok,2025-04-11,10184.01,1171571.0,109013.0,1330.0,57201.8,False,False,False,0,False,False,False,0.5247245741333603
DBB_2025,Don't Burn for Beauty,Social Impact,Adults,linkedin,2025-07-17,8684.75,156537.0,6688.0,118.0,2955.72,False,False,False,0,False,False,False,0.44194377990430617
NF_2025,Nature First,Brand Image,Gen Z,tiktok,2025-04-10,8376.22,421645.0,10882.0,391.0,26808.21,False,False,False,0,False,False,False,2.463537033633523
DBB_2025,Don't Burn for Beauty,Social Impact,Young Adults,facebook,2025-08-02,4780.47,76798.0,6347.0,541.0,12115.06,False,False,False,0,False,False,False,1.9087852528753741
BF_2025,Black Friday,Seasonal Sale,Adults,linkedin,2025-11-17,21763.91,197599.0,0.0,0.0,0.0,False,False,False,0,False,False,False,17.28137931034483
AAR_2025,Anti-Aging Routine,Product Education,Adults,linkedin,2025-01-16,3950.48,10695.0,144.0,16.0,1804.16,False,False,False,0,False,False,False,12.52888888888889
SS_2025,Summer Sale,Seasonal Sale,Young Adults,youtube,2025-07-13,2086.59,154240.0,3520.0,1385.0,51967.72,False,False,False,0,False,False,False,14.763556818181819
AAR_2025,Anti-Aging Routine,Product Education,Young Adults,facebook,2025-02-07,5325.63,35900.0,2137.0,268.0,15339.11,False,False,False,0,False,False,False,7.17787084698175
DBB_2025,Don't Burn for Beauty,Social Impact,Young Adults,facebook,2025-06-25,4068.65,143775.0,9647.0,151.0,4803.86,False,False,False,0,False,False,False,0.4979641339276459
SS_2025,Summer Sale,Seasonal Sale,Young Adults,youtube,2025-07-06,5141.11,260080.0,8940.0,1371.0,49029.66,False,False,False,0,False,False,False,5.484302013422819
SS_2025,Summer Sale,Seasonal Sale,Young Adults,facebook,2025-05-18,4959.67,183314.0,10196.0,274.0,16606.55,False,False,False,0,False,False,False,1.6287318556296586
HP_2025,Holiday Prep,Seasonal Education,Parents,instagram,2025-11-20,7652.97,28362.0,1191.0,294.0,22607.57,False,False,False,0,False,False,False,18.9820067170445
AAR_2025,Anti-Aging Routine,Product Education,Seniors,facebook,2025-04-09,2432.13,14455.0,249.0,161.0,2137.64,False,False,True,0,False,False,False,8.584899598393573
AAR_2025,Anti-Aging Routine,Product Education,Young Adults,email,2025-03-21,3538.83,9173.0,586.0,190.0,15043.1,False,False,False,0,False,False,False,25.67081911262799
NF_2025,Nature First,Brand Image,Gen Z,instagram,2025-05-01,6647.91,117574.0,4473.0,77.0,4767.14,False,False,False,0,False,False,False,1.0657589984350548
SS_2025,Summer Sale,Seasonal Sale ,Adults,facebook,2025-06-19,4601.2,88517.0,7043.0,1707.0,69047.32,False,False,False,0,False,False,False,9.803680249893512
TSF_2025,TikTok Skin Fails,Trend Counter,Young Adults,instagram,2025-04-18,8225.1,212318.0,15015.0,1061.0,43209.99,False,False,False,0,False,False,False,2.8777882117882116
SS_2025,Summer Sale,Seasonal Sale,Young Adults,youtube,2025-07-24,11380.83,521351.0,25114.0,1831.0,112106.27,False,False,False,0,False,False,False,4.463895436808155
SS_2025,Summer Sale,Seasonal Sale,Parents,facebook,2025-07-05,5104.36,41794.0,3137.5,367.0,20226.0,False,False,False,1,True,True,True,6.446572695278251
AAR_2025,Anti-Aging Routine,Product Education,Adults,youtube,2025-02-20,4207.39,47651.0,1244.0,76.0,6289.03,False,False,False,0,False,False,False,5.055490353697749
NF_2025,Nature First,Brand Image,Parents,facebook,2025-05-07,5858.85,57438.0,1692.0,61.0,3768.4,False,False,False,0,False,False,False,2.2271867612293144
PL_2025,Product Launch, Product Launch,Adults,facebook,2025-02-21,13199.68,398574.0,12163.0,824.0,52108.41,False,False,False,0,False,False,False,4.284174134670723
PL_2025,Product Launch,Product Launch,Young Adults,tiktok,2025-03-09,12769.84,1121476.0,124647.0,1214.0,73897.43,False,False,False,0,False,False,False,0.5928536587322598
SS_2025,Summer Sale,Seasonal Sale,Young Adults,facebook,2025-05-19,4791.1,78146.0,0.0,0.0,0.0,False,False,False,0,False,False,False,6.446572695278251
NF_2025,Nature First,Brand Image,Gen Z,youtube,2025-04-02,4062.92,65539.0,3513.0,39.0,2216.92,False,False,False,0,False,False,False,0.6310617705664674
SS_2025,Summer Sale,Seasonal Sale,Adults,facebook,2025-06-09,4987.29,59553.0,1311.0,160.0,9646.19,False,False,False,0,False,False,False,7.357887109077041
TSF_2025,TikTok Skin Fails,Trend Counter,Gen Z,instagram,2025-05-23,6543.17,375699.0,19851.0,446.0,23159.89,False,False,False,0,False,False,False,1.166686313032089
PL_2025,Product Launch,Product Launch,Adults,youtube,2025-02-01,16369.65,656605.0,29865.0,1864.0,161044.4,False,False,False,0,False,False,False,5.3924125230202575
AAR_2025,Anti-Aging Routine,Product Education,Adults,facebook,2025-05-05,4353.26,19272.0,1137.0,237.0,25806.27,False,True,False,0,False,False,False,22.696807387862798
NF_2025,Nature First,Brand Image,Gen Z,tiktok,2025-03-23,8936.85,234534.0,8127.0,227.0,9934.01,False,False,False,0,False,False,False,1.2223464993232436
SS_2025,Summer Sale,Seasonal Sale,Young Adults,instagram,2025-06-22,9414.61,203175.0,11772.0,1175.0,83816.89,False,False,False,0,False,False,False,7.120021236833163
TSF_2025,TikTok Skin Fails,Trend Counter,Gen Z,instagram,2025-04-20,6265.69,219178.0,9885.0,336.0,15581.61,False,False,False,0,False,False,False,1.576288315629742
SS_2025,Summer Sale,Seasonal Sale,Adults,linkedin,2025-06-05,4536.68,19521.0,900.0,72.0,4762.13,False,False,False,0,False,False,False,5.291255555555556
AAR_2025,Anti-Aging Routine,Product Education,Young Adults,instagram,2025-04-13,6596.25,30195.0,1146.0,221.0,14619.56,False,False,False,0,False,False,False,12.757033158813263
DBB_2025,Don't Burn for Beauty,Social Impact,Young Adults,youtube,2025-07-09,7102.29,516322.0,49190.0,2050.0,51079.34,False,False,False,0,False,False,False,1.0384090262248424
AAR_2025,Anti-Aging Routine, Product Education,Adults,email,2025-02-23,4594.75,17351.0,430.0,259.0,8061.44,False,False,True,0,False,False,False,18.74753488372093
SS_2025,Summer Sale,Seasonal Sale,Adults,linkedin,2025-06-18,5711.28,39256.0,1574.0,172.0,19622.55,False,False,False,0,False,False,False,12.466677255400255
NF_2025,Nature First,Brand Image,Young Adults,youtube,2025-05-26,2926.98,34629.0,1198.0,33.0,1606.83,False,False,False,0,False,False,False,1.341260434056761
AAR_2025,Anti-Aging Routine,Product Education,Young Adults,email,2025-06-07,3487.12,29918.0,2378.0,808.0,57860.69,False,False,False,0,False,False,False,24.331661059714047
AAR_2025,Anti-Aging Routine,Product Education,Adults,facebook,2025-01-20,4982.65,43179.0,1225.0,171.0,20381.02,False,False,False,0,False,False,False,16.637567346938777
NF_2025,Nature First,Brand Image,Parents,instagram,2025-05-13,5672.95,46973.0,1116.0,50.0,4054.75,False,True,False,0,False,False,False,3.6332885304659497
PL_2025,Product Launch,Product Launch,Seniors,linkedin,2025-03-27,9854.85,55437.0,1626.0,56.0,6337.44,False,False,False,0,False,False,False,3.8975645756457564
PL_2025,Product Launch,Product Launch,Young Adults,instagram,2025-03-06,21296.63,275961.0,7363.0,295.0,21125.02,False,False,False,0,False,False,False,2.869077821540133
TSF_2025,TikTok Skin Fails,Trend Counter,Young Adults,facebook,2025-05-05,50051.64,5048386.0,0.0,0.0,0.0,False,False,False,0,False,False,False,1.1829255617409198
BF_2025,Black Friday,Seasonal Sale,Parents,instagram,2025-11-27,23208.57,409689.0,29565.0,8559.0,577810.06,False,False,False,0,False,False,False,19.543719262641638
NF_2025,Nature First,Brand Image,Gen Z,tiktok,2025-03-09,4495.11,190313.0,10272.0,78.0,6142.91,False,False,False,0,False,False,False,0.5980247274143302
NF_2025,Nature First,Brand Image,Parents,instagram,2025-04-03,2611.95,55774.0,2577.0,26.0,1477.76,False,False,False,0,False,False,False,0.5734419868063639
AAR_2025,Anti-Aging Routine,Product Education,Young Adults,instagram,2025-03-28,4647.59,49628.0,2111.0,284.0,29601.45,False,False,False,0,False,False,False,14.022477498815727
BF_2025,Black Friday,Seasonal Sale,Seniors,email,2025-12-03,15757.66,89837.0,9164.0,5430.0,325723.63,False,False,False,0,False,False,False,35.543826931470974
AAR_2025,Anti-Aging Routine,Product Education,Adults,facebook,2025-02-20,5289.33,31300.0,1141.0,173.0,20363.43,False,False,False,0,False,False,False,17.84700262927257
PL_2025,Product Launch,Product Launch,Young Adults,instagram,2025-01-20,18561.82,386825.0,14907.0,470.0,29170.66,False,False,False,0,False,False,False,1.9568430938485275
TSF_2025,TikTok Skin Fails,Trend Counter,Young Adults,tiktok,2025-04-27,34978.17,3380874.0,273920.0,7257.0,342371.69,False,False,False,0,False,False,False,1.2498966486565422
NF_2025,Nature First,Brand Image,Gen Z,instagram,2025-04-20,6440.76,75684.0,3137.0,42.0,3571.96,False,False,False,0,False,False,False,1.138654765699713
AAR_2025,Anti-Aging Routine,Product Education,Adults,linkedin,2025-04-16,5494.28,19407.0,828.0,98.0,9281.5,False,False,False,0,False,False,False,11.209541062801932
TSF_2025,TikTok Skin Fails,Trend Counter,Gen Z,youtube,2025-04-21,17106.79,1086450.0,65253.0,5998.0,165938.82,False,False,False,0,False,False,False,2.543006758309963
AAR_2025,Anti-Aging Routine,Product Education,Seniors,linkedin,2025-04-06,5748.73,41669.0,1739.0,450.0,47973.0,False,False,False,0,False,False,False,27.58654399079931
PL_2025,Product Launch,Product Launch,Seniors,email,2025-02-01,7888.41,49082.0,4437.0,957.0,116335.79,False,False,False,0,False,False,False,26.219470362857784
AAR_2025,Anti-Aging Routine,Product Education,Young Adults,youtube,2025-02-27,6773.45,110950.0,5250.0,470.0,38780.6,False,False,False,0,False,False,False,7.386780952380952
AAR_2025,Anti-Aging Routine,Product Education,Young Adults,email,2025-04-18,3459.48,19530.0,1207.0,397.0,27422.09,False,False,False,0,False,False,False,22.719212924606463
AAR_2025,Anti-Aging Routine,Product Education,Seniors,facebook,2025-03-24,2635.94,14342.0,373.0,139.0,19726.45,False,False,False,0,False,False,False,52.885924932975875
NF_2025,Nature First,Brand Image,Gen Z,youtube,2025-04-19,4874.64,172108.0,5751.0,98.0,5420.18,False,False,False,0,False,False,False,0.9424760911145889
AAR_2025,Anti-Aging Routine,Product Education,Adults,facebook,2025-06-07,4678.47,15734.0,615.0,41.0,5204.7,False,False,False,0,False,False,False,8.462926829268293
TSF_2025,TikTok Skin Fails,Trend Counter,Young Adults,instagram,2025-06-12,4241.17,182596.0,16534.0,341.0,15445.31,False,False,False,0,False,False,False,0.9341544695778395
PL_2025,Product Launch,Product Launch,Young Adults,youtube,2025-02-28,19360.91,688377.0,53266.0,2015.0,170308.24,False,False,False,0,False,False,False,3.1973161115908835
AAR_2025,Anti-Aging Routine,Product Education,Young Adults,instagram,2025-02-08,4060.82,30473.0,682.0,67.0,3805.82,False,False,False,0,False,False,False,5.580381231671555
HP_2025,Holiday Prep,Seasonal Education,Adults,facebook,2025-11-13,3125.64,23546.0,1191.0,234.0,14064.83,False,False,False,0,False,False,False,11.809261125104953
TSF_2025,TikTok Skin Fails,Trend Counter,Young Adults,facebook,2025-04-11,17695.01,845835.0,26435.0,959.0,23344.06,False,False,False,0,False,False,False,0.8830739549839228
NF_2025,Nature First,Brand Image,Young Adults,instagram,2025-03-11,6978.65,154755.0,3845.0,88.0,7058.59,False,False,False,0,False,False,False,1.8357841352405722
AAR_2025,Anti-Aging Routine,Product Education,Young Adults,instagram,2025-04-18,5111.63,57116.0,0.0,0.0,0.0,False,False,False,0,False,False,False,10.850630763068924
DBB_2025,Don't Burn for Beauty,Social Impact,Young Adults,instagram,2025-08-12,4566.78,168275.0,16647.0,394.0,13520.65,False,False,False,0,False,False,False,0.8121973929236499
HP_2025,Holiday Prep,Seasonal Education,Adults,instagram,2025-11-18,6666.69,62918.0,0.0,0.0,0.0,False,False,False,0,False,False,False,22.127674886763966
PL_2025,Product Launch,Product Launch,Adults,email,2025-02-04,15886.31,169654.0,4110.0,404.0,41969.6,False,False,False,0,False,False,False,10.211581508515815
PL_2025,Product Launch,Product Launch,Adults,facebook,2025-01-31,15621.95,121911.0,4382.0,382.0,43505.86,False,False,False,0,False,False,False,9.928311273391145
PL_2025,Product Launch,Product Launch,Adults,instagram,2025-01-21,8738.11,289666.0,9154.0,292.0,28988.17,False,False,False,0,False,False,False,3.166721651736945
BF_2025,Black Friday,Seasonal Sale,Gen Z,tiktok,2025-12-03,40926.16,579108.0,49691.0,3010.0,150434.15,False,False,False,0,False,False,False,3.0273922843170795
PL_2025,Product Launch,Product Launch,Adults,facebook,2025-01-28,6501.96,152108.0,0.0,0.0,0.0,False,False,False,0,False,False,False,3.2963992219790907
AAR_2025,Anti-Aging Routine,Product Education,Adults,facebook,2025-04-30,3963.24,41282.0,1257.0,283.0,20289.2,False,False,False,0,False,False,False,16.140970564836913
DBB_2025,Don't Burn for Beauty,Social Impact,Adults,youtube,2025-07-23,4461.34,219492.0,12439.0,745.0,29551.87,False,False,False,0,False,False,False,2.375743226947504
NF_2025,Nature First,Brand Image,Young Adults,instagram,2025-05-15,5819.3,26679.0,391.0,23.0,2063.57,False,False,False,0,False,False,False,5.2776726342711004
PL_2025,Product Launch,Product Launch,Seniors,facebook,2025-01-21,9809.84,58206.0,3050.0,152.0,17673.62,False,False,False,0,False,False,False,5.794629508196721
DBB_2025,Don't Burn for Beauty,Social Impact,Adults,youtube,2025-07-22,5058.17,142606.0,4287.0,58.0,2251.15,False,False,False,0,False,False,False,0.5251108000933054
DBB_2025,Don't Burn for Beauty,Social Impact,Young Adults,facebook,2025-07-22,5249.13,87931.0,6236.0,322.0,14985.76,False,False,True,0,False,False,False,2.4031045542014113
NF_2025,Nature First,Brand Image,Gen Z,tiktok,2025-05-10,4084.67,190313.0,12746.0,56.0,2766.56,True,False,False,0,False,False,False,0.217053193158638
NF_2025,Nature First,Brand Image,Parents,instagram,2025-03-19,5487.78,51990.0,2322.5,36.0,2545.96,False,False,False,1,True,True,False,1.09621528525296
SS_2025,Summer Sale,Seasonal Sale,Gen Z,youtube,2025-06-17,4462.92,278624.0,20730.0,2272.0,95779.87,False,False,False,0,False,False,False,4.620350699469368
AAR_2025,Anti-Aging Routine,Product Education,Young Adults,instagram,2025-06-08,5578.94,51982.0,0.0,0.0,0.0,False,False,False,0,False,False,False,10.850630763068924
SS_2025,Summer Sale,Seasonal Sale,Young Adults,instagram,2025-05-11,5343.49,187198.0,6986.0,1139.0,77742.5,False,False,False,0,False,False,False,11.128328084740911
DBB_2025,Don't Burn for Beauty,Social Impact,Young Adults,facebook,2025-07-01,5729.94,167526.0,14463.0,532.0,20867.53,False,False,False,0,False,False,False,1.4428216829150244
SCA_2025,Skin Cancer Awareness,Educational Awareness,Young Adults,youtube,2025-05-04,14382.86,1298051.0,52591.0,1148.0,23398.62,False,False,False,0,False,False,False,0.44491681086117396
SS_2025,Summer Sale,Seasonal Sale,Young Adults,instagram,2025-06-04,3520.58,62500.0,3167.0,306.0,21511.22,False,False,False,0,False,False,False,6.792301862961794
AAR_2025,Anti-Aging Routine, Product Education,Young Adults,email,2025-02-07,3241.71,16205.0,786.0,282.0,26171.08,False,False,False,0,False,False,False,33.29653944020357
AAR_2025,Anti-Aging Routine,Product Education,Adults,youtube,2025-02-04,6303.12,64879.0,2236.0,996.0,77214.78,False,False,False,0,False,False,False,34.532549194991056
DBB_2025,Don't Burn for Beauty,Social Impact,Young Adults,youtube,2025-07-21,5482.6,453365.0,33921.0,481.0,17651.56,False,False,False,0,False,False,False,0.5203726305238643
SCA_2025,Skin Cancer Awareness,Educational Awareness,Adults,facebook,2025-05-24,10987.52,300392.0,10078.0,127.5,5784.02,True,False,True,0,False,False,False,0.5739253820202421
SS_2025,Summer Sale,Seasonal Sale,Gen Z,instagram,2025-06-24,7390.12,86543.0,5537.0,802.0,37344.72,False,False,False,0,False,False,False,6.744576485461441
HP_2025,Holiday Prep,Seasonal Education,Adults,facebook,2025-11-24,3696.48,30809.5,648.0,254.0,13845.88,True,False,False,0,False,False,False,21.367098765432097
NF_2025,Nature First,Brand Image,Young Adults,youtube,2025-02-28,8269.31,100627.0,1989.0,35.0,2933.88,False,False,False,0,False,False,False,1.475052790346908
AAR_2025,Anti-Aging Routine,Product Education,Adults,youtube,2025-01-16,3767.25,72447.0,1584.0,293.0,21069.82,False,False,False,0,False,False,False,13.30165404040404
PL_2025,Product Launch,Product Launch,Seniors,facebook,2025-01-18,8895.28,97375.0,5113.0,174.0,16390.02,False,False,False,0,False,False,False,3.2055583805984744
SS_2025,Summer Sale,Seasonal Sale,Young Adults,instagram,2025-05-31,7184.43,296579.0,22279.0,4369.0,159231.25,False,False,False,0,False,False,False,7.147145293774407
NF_2025,Nature First,Brand Image,Young Adults,youtube,2025-04-06,8675.76,103819.0,4324.0,131.0,8433.78,False,False,False,0,False,False,False,1.9504579093432008
HP_2025,Holiday Prep, Seasonal Education,Parents,instagram,2025-11-24,2841.2,13923.0,1651.0,585.0,47205.77,False,False,False,0,False,False,False,28.59222895215021
SCA_2025,Skin Cancer Awareness,Educational Awareness,Young Adults,youtube,2025-05-05,9317.13,1031385.0,17201.0,165.0,3340.69,False,False,False,0,False,False,False,0.19421487122841696
TSF_2025,TikTok Skin Fails,Trend Counter,Gen Z,youtube,2025-05-30,12659.16,527172.0,57173.0,1844.0,25665.66,False,False,False,0,False,False,False,0.4489122487887639
NF_2025,Nature First,Brand Image,Parents,email,2025-03-19,5300.78,25616.0,981.0,25.0,1747.48,False,False,False,0,False,False,False,1.7813251783893986
SS_2025,Summer Sale,Seasonal Sale,Adults,email,2025-07-10,5285.72,30762.0,3016.0,520.0,33098.9,False,False,False,0,False,False,False,10.974436339522548
AAR_2025,Anti-Aging Routine,Product Education,Adults,youtube,2025-03-05,4694.34,30937.0,1155.0,372.0,31131.15,False,False,False,0,False,False,False,26.953376623376624
TSF_2025,TikTok Skin Fails,Trend Counter,Gen Z,instagram,2025-05-03,30146.77,1402405.0,115183.0,3785.0,74132.85,False,False,False,0,False,False,False,0.6436092999835046
AAR_2025,Anti-Aging Routine,Product Education,Seniors,linkedin,2025-03-15,2376.0,12676.0,297.0,117.0,15080.24,False,False,False,0,False,False,False,50.77521885521885
HP_2025,Holiday Prep,Seasonal Education,Adults,instagram,2025-11-02,4693.88,17727.0,1142.0,221.0,20596.55,False,False,False,0,False,False,False,18.035507880910682
NF_2025,Nature First,Brand Image,Parents,instagram,2025-05-06,4338.86,47295.0,1951.0,50.0,1064.72,False,False,True,0,False,False,False,0.5457303946694003
NF_2025,Nature First,Brand Image,Gen Z,tiktok,2025-05-08,7250.82,119076.0,3445.0,72.0,5767.6,False,False,False,0,False,False,False,1.6741944847605226
SCA_2025,Skin Cancer Awareness,Educational Awareness,Seniors,linkedin,2025-05-28,3864.21,107854.0,3856.0,81.0,2842.46,False,False,False,0,False,False,False,0.737152489626556
AAR_2025,Anti-Aging Routine,Product Education,Young Adults,youtube,2025-04-18,4492.09,68993.0,2980.0,159.0,8943.27,False,False,False,0,False,False,False,3.0010973154362417
DBB_2025,Don't Burn for Beauty,Social Impact,Young Adults,instagram,2025-06-28,952.34,98464.0,0.0,0.0,0.0,False,False,False,0,False,False,False,0.9732815906556541
PL_2025,Product Launch,Product Launch,Seniors,linkedin,2025-01-17,8452.43,128158.0,3300.0,103.0,12152.85,False,False,False,0,False,False,False,3.6826818181818184
SS_2025,Summer Sale,Seasonal Sale,Young Adults,facebook,2025-05-12,5499.31,206486.0,8604.0,604.0,28356.46,False,False,False,0,False,False,False,3.295729893072989
SS_2025,Summer Sale,Seasonal Sale,Young Adults,instagram,2025-07-20,12735.43,268251.0,12655.0,1941.0,81727.46,False,False,False,0,False,False,False,6.458116159620704
AAR_2025,Anti-Aging Routine,Product Education,Adults,email,2025-04-19,3533.42,8701.0,0.0,0.0,0.0,False,False,False,0,False,False,False,36.645781081712364
SS_2025,Summer Sale,Seasonal Sale,Young Adults,youtube,2025-06-22,7961.48,219723.0,28580.0,1689.0,109455.52,False,False,False,0,False,False,False,3.8297942617214837
TSF_2025,TikTok Skin Fails,Trend Counter,Gen Z,youtube,2025-05-11,45489.03,9508916.0,1588189.0,35930.0,513634.1,False,False,False,0,False,False,False,0.3234086749121169
TSF_2025,TikTok Skin Fails,Trend Counter,Young Adults,tiktok,2025-05-30,89475.43,9968948.0,318222.0,1902.0,794627.44,False,False,True,0,False,False,False,2.4970851795287565
DBB_2025,Don't Burn for Beauty,Social Impact,Young Adults,instagram,2025-07-30,9619.46,355358.0,14379.0,348.0,11673.6,False,False,False,0,False,False,False,0.8118506154809096
AAR_2025,Anti-Aging Routine,Product Education,Young Adults,email,2025-03-06,5087.83,26291.0,2695.0,541.0,50034.55,False,False,False,0,False,False,False,18.56569573283859
NF_2025,Nature First,Brand Image,Gen Z,instagram,2025-04-24,3775.6,55449.0,1128.0,34.0,2204.38,False,False,False,0,False,False,False,1.9542375886524823
NF_2025,Nature First,Brand Image,Young Adults,instagram,2025-05-29,5113.59,62819.0,1651.0,22.0,1421.01,False,False,False,0,False,False,False,0.8606965475469412
NF_2025,Nature First,Brand Image,Parents,email,2025-03-07,5633.37,24602.0,1848.0,121.0,8714.8,False,False,False,0,False,False,False,4.715800865800865
AAR_2025,Anti-Aging Routine,Product Education,Seniors,linkedin,2025-03-18,2327.19,5983.0,487.0,66.0,6324.71,False,False,False,1,True,True,False,12.987084188911705
SCA_2025,Skin Cancer Awareness, Educational Awareness,Seniors,linkedin,2025-05-18,8711.13,110480.0,2148.0,61.0,3014.36,False,False,False,0,False,False,False,1.4033333333333333
TSF_2025,TikTok Skin Fails,Trend Counter,Young Adults,youtube,2025-05-05,18974.05,2986827.0,218318.0,5231.0,134321.33,False,False,False,0,False,False,False,0.6152554072499747
SCA_2025,Skin Cancer Awareness,Educational Awareness,Young Adults,instagram,2025-05-01,13062.99,829042.0,36723.0,945.0,23216.93,False,False,False,0,False,False,False,0.6322176837404352
TSF_2025,TikTok Skin Fails,Trend Counter,Gen Z,tiktok,2025-03-20,3619.36,249267.0,6560.0,442.0,6525.72,False,False,False,0,False,False,False,0.9947743902439025
TSF_2025,TikTok Skin Fails,Trend Counter,Gen Z,instagram,2025-04-08,13171.79,933828.0,72199.0,3445.0,94532.87,False,False,False,0,False,False,False,1.3093376639565644
SS_2025,Summer Sale,Seasonal Sale,Gen Z,instagram,2025-07-13,11270.91,521311.0,51681.0,2601.0,102922.03,False,False,False,0,False,False,False,1.9914868133356551
AAR_2025,Anti-Aging Routine,Product Education,Young Adults,email,2025-04-23,3673.52,17691.0,1161.0,336.0,42546.0,False,False,False,0,False,False,True,36.645781081712364
HP_2025,Holiday Prep,Seasonal Education,Parents,email,2025-11-08,4571.6,9481.0,984.0,753.0,47025.92,False,False,False,0,False,False,False,47.790569105691056
AAR_2025,Anti-Aging Routine,Product Education,Young Adults,instagram,2025-06-03,5230.52,72958.0,1736.0,246.0,24714.54,False,False,False,0,False,False,False,14.236486175115209
AAR_2025,Anti-Aging Routine,Product Education,Young Adults,instagram,2025-05-22,4705.28,26704.0,940.0,122.0,9508.68,False,False,False,0,False,False,False,10.115617021276597
SS_2025,Summer Sale,Seasonal Sale,Adults,email,2025-07-17,6865.91,46148.0,2750.0,1263.0,72840.85,False,False,False,0,False,False,False,26.48758181818182
TSF_2025,TikTok Skin Fails,Trend Counter,Young Adults,facebook,2025-04-02,11937.49,412119.0,30037.0,2325.0,100123.56,False,True,False,1,True,True,False,3.333340879581849
SS_2025,Summer Sale,Seasonal Sale,Young Adults,instagram,2025-06-26,4969.23,44851.0,3146.0,290.0,18283.66,False,False,False,0,False,False,False,5.811716465352829
AAR_2025,Anti-Aging Routine,Product Education,Adults,linkedin,2025-01-18,4575.33,10933.0,216.0,83.0,8984.83,False,False,False,0,False,False,False,41.596435185185186
TSF_2025,TikTok Skin Fails,Trend Counter,Young Adults,instagram,2025-04-09,14271.64,1056018.0,68012.0,5389.0,151674.43,False,False,False,0,False,False,False,2.2301127742163147
PL_2025,Product Launch,Product Launch,Adults,facebook,2025-02-01,9074.63,106381.0,3558.0,90.0,7814.02,False,False,False,0,False,False,False,2.1961832490163014
PL_2025,Product Launch,Product Launch,Young Adults,tiktok,2025-02-05,11969.49,349211.0,26136.0,289.0,16750.12,False,False,False,0,False,False,False,0.6408830731558004
SS_2025,Summer Sale,Seasonal Sale,Adults,email,2025-07-06,5122.1,27135.0,1895.0,1673.0,124728.61,False,False,False,0,False,False,False,65.81984696569921
PL_2025,Product Launch,Product Launch,Seniors,facebook,2025-03-15,13010.24,105959.0,3701.0,136.0,14836.75,False,False,False,0,False,False,False,4.008848959740611
DBB_2025,Don't Burn for Beauty, Social Impact,Adults,facebook,2025-08-11,9059.86,403444.0,24251.0,520.0,25909.21,False,False,False,0,False,False,False,1.0683769741453961
TSF_2025,TikTok Skin Fails,Trend Counter,Gen Z,tiktok,2025-05-29,36990.16,4898782.0,470666.0,9559.0,308545.9,False,False,False,0,False,False,False,0.6555517075803224
TSF_2025,TikTok Skin Fails,Trend Counter,Gen Z,instagram,2025-05-15,4819.04,180239.0,17045.0,611.0,15831.4,False,False,False,0,False,False,False,0.9288002346729246
AAR_2025,Anti-Aging Routine,Product Education,Adults,email,2025-05-21,2801.39,19563.0,1522.0,565.0,43527.44,False,False,False,0,False,False,False,28.598843626806836
NF_2025,Nature First,Brand Image,Young Adults,linkedin,2025-03-14,4250.74,39523.0,1108.0,30.0,1924.39,False,False,True,0,False,False,False,1.7368140794223828
DBB_2025,Don't Burn for Beauty,Social Impact,Adults,facebook,2025-07-02,6085.98,147083.0,6556.0,237.0,7203.32,False,False,False,0,False,False,False,1.0987370347773031
AAR_2025,Anti-Aging Routine,Product Education,Young Adults,youtube,2025-05-29,5948.19,80888.0,3728.0,278.0,23346.13,False,False,False,0,False,False,False,6.2623739270386265
SS_2025,Summer Sale,Seasonal Sale,Adults,facebook,2025-06-20,4663.09,31872.0,626.0,142.0,8338.12,False,False,False,0,False,False,False,13.31968051118211
HP_2025,Holiday Prep,Seasonal Education,Adults,email,2025-10-26,5060.82,15923.0,1485.0,1357.0,128743.62,False,False,False,0,False,False,False,86.6960404040404
PL_2025,Product Launch,Product Launch,Seniors,email,2025-02-04,12526.81,62414.0,5322.0,761.0,73418.4,False,False,False,0,False,False,False,13.795264937993235
HP_2025,Holiday Prep,Seasonal Education,Adults,facebook,2025-11-14,5266.41,43212.0,4182.0,718.0,38143.32,False,False,False,0,False,False,False,9.120832137733142
NF_2025,Nature First,Brand Image,Gen Z,tiktok,2025-04-06,6646.0,185764.0,5762.0,119.0,9560.13,False,False,False,0,False,False,False,1.659168691426588
BF_2025,Black Friday,Seasonal Sale,Young Adults,tiktok,2025-11-25,16936.03,535016.0,78674.0,2348.0,847740.18,False,False,True,0,False,False,False,10.775353738210846
NF_2025,Nature First,Brand Image,Gen Z,tiktok,2025-05-11,8588.73,133417.0,3078.0,43.0,3428.84,False,False,False,0,False,False,False,1.1139831059129306
NF_2025,Nature First,Brand Image,Young Adults,youtube,2025-05-27,7288.39,169607.0,4126.0,95.0,3086.56,False,False,True,0,False,False,False,0.7480756180319922
SS_2025,Summer Sale,Seasonal Sale,Young Adults,instagram,2025-07-01,8740.51,113676.0,3083.0,278.0,19625.27,False,False,False,0,False,False,False,6.365640609795654
TSF_2025,TikTok Skin Fails,Trend Counter,Young Adults,facebook,2025-05-19,5168.9,215345.0,18691.0,689.0,28953.68,False,False,False,0,False,False,False,1.5490706757262853
PL_2025,Product Launch,Product Launch,Young Adults,tiktok,2025-02-21,15370.38,369413.0,8809.0,124.0,8700.26,False,False,False,0,False,False,False,0.9876558065614712
SS_2025,Summer Sale,Seasonal Sale,Young Adults,instagram,2025-07-13,5288.52,58129.0,1819.0,198.0,43792.43,False,False,False,0,False,False,False,24.07500274876306
TSF_2025,TikTok Skin Fails,Trend Counter,Gen Z,youtube,2025-04-30,93236.57,4860257.0,84767.0,6083.0,266439.25,False,False,False,0,False,False,False,3.143195465216417
SS_2025,Summer Sale,Seasonal Sale,Young Adults,instagram,2025-06-18,20276.26,489430.0,12983.0,1493.0,103156.81,False,False,False,0,False,False,False,7.945529538627436
TSF_2025,TikTok Skin Fails,Trend Counter,Young Adults,youtube,2025-03-20,23881.26,1433891.0,93115.0,2377.0,73833.76,False,False,False,0,False,False,False,0.7929308919078558
DBB_2025,Don't Burn for Beauty,Social Impact,Young Adults,youtube,2025-08-10,2544.9,197238.0,20299.0,646.0,26225.66,False,False,False,0,False,False,False,1.2919680772451845
NF_2025,Nature First,Brand Image,Young Adults,linkedin,2025-03-16,7618.69,35730.0,349.0,9.0,715.54,False,False,False,0,False,False,False,2.0502578796561606
NF_2025,Nature First,Brand Image,Parents,email,2025-04-15,3790.93,24175.0,1215.0,70.0,6001.9,False,False,False,0,False,False,False,4.939835390946501
AAR_2025,Anti-Aging Routine,Product Education,Adults,facebook,2025-01-28,3923.84,30285.0,1995.0,649.0,72846.96,False,False,False,0,False,False,False,36.51476691729324
NF_2025,Nature First,Brand Image,Young Adults,youtube,2025-05-16,7660.56,249742.0,10405.0,191.0,16635.37,False,False,False,0,False,False,False,1.5987861604997595
SS_2025,Summer Sale,Seasonal Sale,Gen Z,youtube,2025-06-19,10251.68,374832.0,36256.0,1872.0,72777.14,False,False,False,0,False,False,False,2.0073129964695497
SS_2025,Summer Sale,Seasonal Sale,Young Adults,facebook,2025-07-27,3703.42,70196.0,5025.0,247.0,9614.64,False,False,False,0,False,False,False,1.9133611940298507
SS_2025,Summer Sale,Seasonal Sale,Parents,facebook,2025-07-10,10916.25,176127.0,3137.5,807.0,57765.89,False,False,False,1,True,True,False,18.4114390438247
NF_2025,Nature First,Brand Image,Parents,facebook,2025-04-23,3866.88,26966.0,556.0,12.0,683.23,False,False,False,0,False,False,False,1.2288309352517985
AAR_2025,Anti-Aging Routine,Product Education,Seniors,email,2025-05-28,4784.34,11988.0,489.0,394.0,43723.64,False,False,False,0,False,False,False,89.41439672801636
NF_2025,Nature First,Brand Image,Young Adults,linkedin,2025-03-18,7097.24,85192.0,3222.0,40.0,2678.74,False,False,False,0,False,False,False,0.8313904407200496
AAR_2025,Anti-Aging Routine,Product Education,Adults,facebook,2025-08-03,3668.31,43821.0,944.0,197.0,13017.03,False,False,False,0,False,False,False,13.789226694915255
PL_2025,Product Launch,Product Launch,Adults,facebook,2025-02-06,28010.77,594298.0,30927.0,899.0,53495.58,False,False,False,0,False,False,False,1.7297371229023184
BF_2025,Black Friday,Seasonal Sale,Seniors,facebook,2025-11-19,5395.03,54617.0,3020.0,1173.0,83282.41,False,False,False,0,False,False,False,27.576956953642384
TSF_2025,TikTok Skin Fails,Trend Counter,Gen Z,youtube,2025-05-21,46980.34,1099290.0,0.0,0.0,0.0,True,False,False,0,False,False,False,1.2136772700374119
SCA_2025,Skin Cancer Awareness,Educational Awareness,Adults,facebook,2025-05-04,6713.49,224087.0,5041.0,105.0,4234.55,False,False,False,0,False,False,False,0.8400218210672487
DBB_2025,Don't Burn for Beauty,Social Impact,Adults,linkedin,2025-08-04,5491.39,188727.0,12609.0,265.0,7819.42,False,False,False,0,False,False,False,0.6201459275120945
AAR_2025,Anti-Aging Routine,Product Education,Seniors,facebook,2025-04-12,3282.12,20032.0,1144.0,182.0,17699.43,False,False,False,0,False,False,False,15.47152972027972
SS_2025,Summer Sale,Seasonal Sale,Young Adults,facebook,2025-05-20,8135.2,212974.0,4439.0,546.0,37228.48,False,False,False,0,False,False,False,8.386681685064204
SS_2025,Summer Sale,Seasonal Sale,Adults,facebook,2025-05-26,6476.31,153427.0,5524.0,664.0,51192.47,False,False,False,0,False,False,False,9.267282766111514
PL_2025,Product Launch,Product Launch,Adults,email,2025-03-25,26198.52,217371.0,20579.0,2421.0,237880.91,False,False,False,0,False,False,False,11.559400845522134
BF_2025,Black Friday,Seasonal Sale,Parents,instagram,2025-11-23,4344.85,37709.0,5232.0,782.0,52746.5,False,False,False,0,False,False,False,10.08151758409786
SS_2025,Summer Sale,Seasonal Sale,Gen Z,instagram,2025-05-22,10696.21,239105.0,18027.0,1704.0,78890.65,False,False,False,0,False,False,False,4.376249514616963
NF_2025,Nature First,Brand Image,Young Adults,linkedin,2025-03-28,5005.49,32820.0,0.0,0.0,0.0,False,False,False,0,False,False,False,1.770717523568567
AAR_2025,Anti-Aging Routine,Product Education,Seniors,email,2025-04-19,5068.51,15125.0,690.0,153.0,25286.0,False,False,False,0,False,False,True,36.645781081712364
NF_2025,Nature First,Brand Image,Gen Z,tiktok,2025-02-23,8370.04,285400.0,12296.0,123.0,6082.76,False,False,False,0,False,False,False,0.4946942094990241
SS_2025,Summer Sale,Seasonal Sale,Parents,instagram,2025-07-09,4567.72,40328.0,1677.0,177.0,9255.61,False,False,False,0,False,False,False,5.519147286821706
AAR_2025,Anti-Aging Routine,Product Education,Young Adults,facebook,2025-03-13,4544.54,62519.0,1855.0,513.0,33456.23,False,False,False,0,False,False,False,18.035703504043127
SS_2025,Summer Sale,Seasonal Sale,Gen Z,tiktok,2025-07-02,6552.71,291396.0,10555.0,630.0,25941.67,False,False,False,0,False,False,False,2.4577612505921365
PL_2025,Product Launch,Product Launch,Seniors,email,2025-03-10,5848.33,22146.0,1616.0,554.0,14075.0,False,False,False,0,False,False,True,8.709877626083228
BF_2025,Black Friday,Seasonal Sale,Young Adults,facebook,2025-11-29,24763.31,505606.0,30826.0,6595.0,679461.74,False,False,False,0,False,False,False,22.041839356387463
TSF_2025,TikTok Skin Fails,Trend Counter,Young Adults,facebook,2025-06-10,96065.06,5509413.0,535239.0,3116.0,161553.7,False,False,False,0,False,False,False,0.30183469440754507
PL_2025,Product Launch,Product Launch,Young Adults,instagram,2025-03-29,13545.79,535278.0,21900.0,664.0,62355.68,False,False,False,0,False,False,False,2.8472913242009135
AAR_2025,Anti-Aging Routine,Product Education,Seniors,linkedin,2025-04-17,2574.01,5484.0,133.0,30.0,2939.0,False,False,False,0,False,False,True,22.099723046488624
AAR_2025,Anti-Aging Routine,Product Education,Adults,youtube,2025-02-21,4693.34,37988.0,897.0,109.0,10455.37,False,False,False,0,False,False,False,11.655930880713491
BF_2025,Black Friday,Seasonal Sale,Parents,email,2025-11-22,1958.98,16535.0,1083.0,796.0,32241.0,False,False,False,0,False,False,True,29.77045716723938
AAR_2025,Anti-Aging Routine,Product Education,Seniors,facebook,2025-03-12,3067.12,27586.5,866.5,122.0,14610.96,True,False,False,1,True,True,False,16.86204270051933
SS_2025,Summer Sale,Seasonal Sale ,Young Adults,facebook,2025-06-29,10342.6,214573.0,8618.0,1257.0,58750.18,False,False,False,0,False,False,False,6.817147830122998
NF_2025,Nature First,Brand Image,Parents,email,2025-04-28,4968.68,43426.0,0.0,0.0,0.0,False,False,False,0,False,False,False,4.32284649122807
DBB_2025,Don't Burn for Beauty,Social Impact,Gen Z,instagram,2025-07-10,8750.26,544812.0,29492.0,613.0,23234.0,False,False,False,0,False,False,False,0.7878068628780687
PL_2025,Product Launch,Product Launch,Adults,facebook,2025-03-21,15636.85,359669.0,18452.0,304.0,40004.66,False,False,True,0,False,False,False,2.1680392369390855
SS_2025,Summer Sale,Seasonal Sale,Adults,email,2025-05-17,4557.77,17595.0,1116.0,768.0,41357.85,False,False,False,0,False,False,False,37.05900537634408
AAR_2025,Anti-Aging Routine,Product Education,Seniors,email,2025-02-04,3514.83,6983.0,252.0,132.0,11581.67,False,False,False,0,False,False,False,45.95900793650794
AAR_2025,Anti-Aging Routine,Product Education,Adults,youtube,2025-05-18,3972.57,16046.0,536.0,162.0,16882.31,False,False,False,0,False,False,False,31.496847014925375
PL_2025,Product Launch,Product Launch,Adults,instagram,2025-01-25,6587.55,67262.0,1734.0,31.0,3062.23,False,False,False,0,False,False,False,1.7659919261822377
SS_2025,Summer Sale,Seasonal Sale,Young Adults,facebook,2025-05-16,4268.33,66482.0,6588.0,248.0,9025.27,False,False,False,0,False,False,False,1.3699559805707346
SS_2025,Summer Sale,Seasonal Sale,Adults,linkedin,2025-07-07,3183.22,19633.0,397.0,40.0,2315.13,False,False,False,0,False,False,False,5.831561712846348
AAR_2025,Anti-Aging Routine,Product Education,Adults,facebook,2025-04-10,4602.6,40853.0,1100.0,330.0,34998.34,False,False,False,0,False,False,False,31.816672727272724
NF_2025,Nature First,Brand Image,Young Adults,youtube,2025-05-14,6056.03,145740.0,3216.0,104.0,6583.09,False,False,False,0,False,False,False,2.0469807213930347
SCA_2025,Skin Cancer Awareness,Educational Awareness,Young Adults,youtube,2025-05-15,12413.92,568332.0,10486.0,67.0,2342.04,False,False,False,0,False,False,False,0.22334922754148387
SS_2025,Summer Sale,Seasonal Sale,Gen Z,instagram,2025-06-11,4987.26,117978.0,4333.0,470.0,29696.16,False,False,False,0,False,False,False,6.85348719132241
PL_2025,Product Launch,Product Launch,Seniors,linkedin,2025-01-31,11395.56,157340.0,7862.0,321.0,24037.98,False,False,False,0,False,False,False,3.0574891885016533
AAR_2025,Anti-Aging Routine,Product Education,Young Adults,email,2025-02-26,4086.38,16774.0,416.0,75.0,5776.06,False,False,False,0,False,False,False,13.884759615384617
SS_2025,Summer Sale,Seasonal Sale,Adults,linkedin,2025-05-30,2054.02,18087.0,825.0,34.0,1444.63,False,False,False,0,False,False,False,1.7510666666666668
AAR_2025,Anti-Aging Routine,Product Education,Adults,email,2025-05-14,2832.21,6793.0,521.0,199.0,23476.83,False,False,False,0,False,False,False,45.061094049904035
SCA_2025,Skin Cancer Awareness,Educational Awareness,Adults,youtube,2025-05-06,4373.9,338221.0,11234.0,311.0,5549.0,False,False,False,0,False,False,True,0.4939690590920619
TSF_2025,TikTok Skin Fails,Trend Counter,Young Adults,youtube,2025-05-30,2166.42,247883.0,23514.0,712.0,18271.61,False,False,False,0,False,False,False,0.7770523943182785
AAR_2025,Anti-Aging Routine,Product Education,Adults,facebook,2025-05-10,4307.27,24811.0,0.0,0.0,0.0,False,False,False,0,False,False,False,18.332014213994107
NF_2025,Nature First,Brand Image,Gen Z,youtube,2025-04-21,8412.32,208476.0,4455.0,266.0,20062.26,False,False,False,0,False,False,False,4.503313131313131
DBB_2025,Don't Burn for Beauty,Social Impact,Young Adults,instagram,2025-07-29,12816.38,419477.0,0.0,0.0,0.0,False,False,False,0,False,False,False,0.9732815906556541
PL_2025,Product Launch,Product Launch,Young Adults,instagram,2025-03-10,13074.57,238100.0,0.0,0.0,0.0,False,False,False,0,False,False,False,2.7758289348474485
BF_2025,Black Friday,Seasonal Sale,Gen Z,youtube,2025-12-05,18339.6,334542.0,42404.0,8825.0,518096.09,False,False,False,0,False,False,False,12.218094755211773
PL_2025,Product Launch,Product Launch,Seniors,email,2025-03-13,15063.56,51411.0,3113.0,296.0,32057.68,False,False,False,0,False,False,False,10.29800192740122
TSF_2025,TikTok Skin Fails,Trend Counter,Young Adults,youtube,2025-04-28,83676.15,6040817.0,127484.0,7327.0,127266.46,False,False,False,0,False,False,False,0.9982935897838161
NF_2025,Nature First,Brand Image,Gen Z,tiktok,2025-04-16,3426.69,136543.0,5703.0,36.0,1703.62,False,False,False,0,False,False,False,0.2987234788707698
NF_2025,Nature First,Brand Image,Young Adults,instagram,2025-06-03,6491.62,123296.0,0.0,0.0,0.0,False,False,False,0,False,False,False,1.5345451262600327
NF_2025,Nature First,Brand Image,Young Adults,instagram,2025-04-11,5970.57,147120.0,3336.0,46.0,4183.22,False,False,False,0,False,False,False,1.253962829736211
SS_2025,Summer Sale,Seasonal Sale,Parents,facebook,2025-07-04,5454.64,54950.0,2282.0,424.0,23447.1,False,False,False,0,False,False,False,10.274802804557405
PL_2025,Product Launch,Product Launch,Adults,facebook,2025-02-23,15429.06,396321.0,9350.0,313.0,32610.0,False,False,False,0,False,False,False,3.4877005347593584
AAR_2025,Anti-Aging Routine,Product Education,Young Adults,email,2025-02-24,4005.07,22218.0,1550.0,1021.0,54787.12,False,False,False,0,False,False,False,35.34652903225807
AAR_2025,Anti-Aging Routine,Product Education,Adults,facebook,2025-05-16,5162.54,29272.0,1437.0,221.0,21724.28,False,False,False,0,False,False,False,15.117800974251914
PL_2025,Product Launch,Product Launch,Adults,instagram,2025-03-30,20883.53,401369.0,6653.0,356.0,22472.91,False,False,False,0,False,False,False,3.377861115286337
AAR_2025,Anti-Aging Routine,Product Education,Adults,youtube,2025-05-14,4227.65,28902.0,0.0,0.0,0.0,False,False,False,0,False,False,False,14.135952140908914
AAR_2025,Anti-Aging Routine,Product Education,Seniors,facebook,2025-03-26,3660.89,21328.0,564.0,148.0,20339.12,False,False,False,0,False,False,False,36.0622695035461
AAR_2025,Anti-Aging Routine,Product Education,Seniors,facebook,2025-02-16,4230.11,25391.0,496.0,61.0,9581.75,False,False,False,0,False,False,False,19.318044354838708
NF_2025,Nature First,Brand Image,Gen Z,youtube,2025-04-07,4440.24,160312.0,7500.0,123.0,5548.84,False,False,False,0,False,False,False,0.7398453333333334
SS_2025,Summer Sale,Seasonal Sale,Young Adults,email,2025-07-22,4441.68,43778.0,2809.0,1027.0,51695.51,False,False,False,0,False,False,False,18.403527945888218
NF_2025,Nature First,Brand Image,Parents,email,2025-03-29,3098.07,13408.0,1370.0,90.0,6615.68,False,False,False,0,False,False,False,4.828963503649636
NF_2025,Nature First,Brand Image,Gen Z,tiktok,2025-05-15,6999.3,152893.0,3826.0,34.0,2334.74,False,False,False,0,False,False,False,0.6102300052273915
AAR_2025,Anti-Aging Routine,Product Education,Seniors,facebook,2025-01-28,3312.8,23869.0,540.0,112.0,11929.59,False,False,False,0,False,False,False,22.091833333333334
DBB_2025,Don't Burn for Beauty,Social Impact,Young Adults,youtube,2025-07-01,7149.31,617924.0,49986.0,1994.0,75565.74,False,False,False,0,False,False,False,1.511738086664266
NF_2025,Nature First,Brand Image,Young Adults,instagram,2025-05-03,6192.2,134658.0,3904.0,198.0,16788.37,False,False,False,0,False,False,False,4.300299692622951
AAR_2025,Anti-Aging Routine,Product Education,Young Adults,instagram,2025-06-02,3711.8,21148.0,644.0,70.0,3721.44,False,False,False,0,False,False,False,5.778633540372671
PL_2025,Product Launch,Product Launch,Young Adults,youtube,2025-01-31,14046.44,279258.0,10652.0,115.0,6550.02,False,False,False,0,False,False,False,0.6149098760796095
AAR_2025,Anti-Aging Routine,Product Education,Adults,linkedin,2025-02-05,2752.84,15200.0,630.0,56.0,7203.15,False,False,False,0,False,False,False,11.433571428571428
PL_2025,Product Launch,Product Launch,Young Adults,instagram,2025-02-27,8557.38,160483.0,12146.0,541.0,38636.8,False,False,False,0,False,False,False,3.1810307920302985
NF_2025,Nature First,Brand Image ,Young Adults,instagram,2025-04-23,5346.22,114719.0,2470.0,42.0,3060.08,False,False,False,0,False,False,False,1.2388987854251012
NF_2025,Nature First,Brand Image,Young Adults,linkedin,2025-04-29,5809.96,34774.0,1723.0,54.0,4217.74,False,False,False,0,False,False,False,2.4479048171793383
NF_2025,Nature First,Brand Image,Gen Z,instagram,2025-03-05,5281.0,79220.0,2103.0,80.0,5115.46,False,False,False,0,False,False,False,2.4324583927722303
DBB_2025,Don't Burn for Beauty,Social Impact,Young Adults,facebook,2025-08-10,3310.72,83408.0,3147.0,285.0,12221.88,False,False,False,0,False,False,False,3.8836606291706386
AAR_2025,Anti-Aging Routine,Product Education,Adults,email,2025-05-30,5099.72,41068.0,2591.0,1180.0,132094.3,False,False,False,0,False,False,False,50.98197607101505
NF_2025,Nature First,Brand Image,Gen Z,tiktok,2025-06-02,5476.84,237017.0,9112.0,132.0,5597.01,False,False,False,0,False,False,False,0.6142460491659351
NF_2025,Nature First,Brand Image,Gen Z,tiktok,2025-03-06,6074.09,164887.0,9112.0,53.0,3936.17,False,False,False,0,False,False,False,0.43197651448639157
HP_2025,Holiday Prep,Seasonal Education,Seniors,email,2025-11-18,3998.38,23443.0,4564.0,1844.0,155872.79,False,False,False,0,False,False,False,34.15267090271691
BF_2025,Black Friday,Seasonal Sale,Adults,facebook,2025-11-24,13364.65,199923.0,12649.0,1540.0,136348.48,False,False,False,0,False,False,False,10.779388093920469
PL_2025,Product Launch,Product Launch,Adults,youtube,2025-02-05,37631.49,1270084.0,33683.0,630.0,50229.42,False,False,False,0,False,False,False,1.4912394976694474
PL_2025,Product Launch,Product Launch,Seniors,facebook,2025-01-19,18382.56,91791.0,6426.0,166.0,15044.6,False,False,False,0,False,False,False,2.341207594148771
HP_2025,Holiday Prep,Seasonal Education,Seniors,email,2025-10-30,2100.82,9988.0,803.0,470.0,47586.57,False,False,False,0,False,False,False,59.26098381070984
NF_2025,Nature First,Brand Image,Gen Z,youtube,2025-05-22,6473.62,100973.0,3105.0,23.0,4326.0,False,False,False,0,False,False,True,1.393211034107895
HP_2025,Holiday Prep,Seasonal Education,Adults,instagram,2025-10-31,3314.39,33424.0,1013.0,99.0,8530.84,False,False,False,0,False,False,False,8.421362290227048
SCA_2025,Skin Cancer Awareness,Educational Awareness,Seniors,facebook,2025-05-10,12306.0,350871.0,12231.0,127.5,6331.82,False,False,True,0,False,False,False,0.5176862071784809
PL_2025,Product Launch,Product Launch,Young Adults,instagram,2025-03-05,19298.38,216268.0,4728.0,96.0,5654.33,False,False,False,0,False,False,False,1.1959242808798647
PL_2025,Product Launch,Product Launch,Adults,email,2025-03-01,8756.4,81627.0,8282.0,694.0,47029.65,False,False,False,0,False,False,False,5.678537792803671
NF_2025,Nature First,Brand Image,Young Adults,instagram,2025-03-26,5012.53,55721.0,5697.0,51.0,4270.11,False,False,False,0,False,False,False,0.749536598209584
TSF_2025,TikTok Skin Fails,Trend Counter,Gen Z,tiktok,2025-04-28,31147.03,2634471.0,128806.0,4529.0,154343.97,False,False,False,0,False,False,False,1.1982669285592287
DBB_2025,Don't Burn for Beauty,Social Impact,Adults,facebook,2025-08-12,5073.59,81205.0,2827.0,63.0,2575.28,False,False,False,0,False,False,False,0.9109586133710648
AAR_2025,Anti-Aging Routine,Product Education,Seniors,email,2025-05-22,3100.44,4964.0,169.0,79.0,8800.91,False,False,False,0,False,False,False,52.07639053254438
DBB_2025,Don't Burn for Beauty,Social Impact,Gen Z,youtube,2025-07-30,3262.74,239218.0,23219.0,1646.0,52486.05,False,False,False,0,False,False,False,2.2604784874456265
AAR_2025,Anti-Aging Routine,Product Education,Adults,facebook,2025-02-17,3228.12,24800.0,1422.0,539.0,26068.0,False,False,False,0,False,False,True,18.332014213994107
DBB_2025,Don't Burn for Beauty, Social Impact,Young Adults,instagram,2025-08-08,5163.94,209797.0,9349.0,323.0,12023.09,False,False,False,0,False,False,False,1.2860295218739972
NF_2025,Nature First,Brand Image,Parents,email,2025-03-08,3706.09,12649.0,504.0,15.0,1026.89,False,False,False,0,False,False,False,2.0374801587301588
TSF_2025,TikTok Skin Fails,Trend Counter,Young Adults,facebook,2025-05-13,2552.58,183193.0,3899.0,1152.0,2272.32,False,False,True,0,False,False,False,0.5827955886124647
DBB_2025,Don't Burn for Beauty,Social Impact,Young Adults,tiktok,2025-07-03,6302.08,585477.0,35753.0,1378.0,55477.85,False,False,False,0,False,False,False,1.5516977596285626
AAR_2025,Anti-Aging Routine,Product Education,Adults,youtube,2025-05-10,3103.83,58845.0,2269.0,829.0,61827.91,False,False,False,0,False,False,False,27.24896870868224
SS_2025,Summer Sale,Seasonal Sale,Young Adults,instagram,2025-05-18,5424.9,64421.0,4585.0,344.0,13989.79,False,False,False,1,True,True,False,3.051208287895311
NF_2025,Nature First,Brand Image,Young Adults,youtube,2025-03-04,7208.31,99508.0,4443.5,182.0,9149.7,False,False,False,1,True,True,False,2.0591200630133906
SS_2025,Summer Sale, Seasonal Sale,Adults,email,2025-06-16,2368.38,9619.0,535.0,253.0,15981.82,False,False,False,0,False,False,False,29.872560747663552
SCA_2025,Skin Cancer Awareness,Educational Awareness,Adults,facebook,2025-05-23,6410.5,260665.0,4429.0,39.0,1043.18,False,False,False,0,False,False,False,0.23553398058252428
SS_2025,Summer Sale,Seasonal Sale,Young Adults,email,2025-05-30,7730.95,41355.0,1451.0,474.0,31012.8,False,False,False,0,False,False,False,21.37339765678842
TSF_2025,TikTok Skin Fails,Trend Counter,Gen Z,instagram,2025-04-23,10183.68,645259.0,13849.0,400.0,8952.41,False,False,False,0,False,False,False,0.646430067152863
HP_2025,Holiday Prep,Seasonal Education,Seniors,email,2025-11-28,5171.91,9658.0,685.0,252.0,25314.23,False,False,False,0,False,False,False,36.9550802919708
SS_2025,Summer Sale,Seasonal Sale,Young Adults,facebook,2025-06-20,3788.76,44465.0,1836.0,168.0,11919.89,False,False,False,0,False,False,False,6.492314814814814
SS_2025,Summer Sale,Seasonal Sale,Gen Z,tiktok,2025-06-01,20891.16,1408482.0,128116.0,9994.0,439864.31,False,False,False,0,False,False,False,3.4333284679509193
AAR_2025,Anti-Aging Routine,Product Education,Adults,linkedin,2025-05-15,6457.5,35466.0,1181.0,661.0,43141.12,False,False,False,0,False,False,False,36.52931414055885
AAR_2025,Anti-Aging Routine,Product Education,Seniors,facebook,2025-01-14,4906.53,35789.0,1868.0,232.0,21314.17,False,False,False,0,False,False,False,11.410155246252677
HP_2025,Holiday Prep,Seasonal Education,Seniors,email,2025-10-31,4618.87,12141.0,1407.0,902.0,82377.08,False,False,False,0,False,False,False,58.54803127221038
AAR_2025,Anti-Aging Routine,Product Education,Adults,facebook,2025-02-19,2856.02,20043.0,503.0,75.0,5941.82,False,False,False,0,False,False,False,11.812763419483101
AAR_2025,Anti-Aging Routine,Product Education,Adults,linkedin,2025-03-18,3910.5,22329.0,588.0,66.0,7658.28,False,False,False,0,False,False,False,13.024285714285714
PL_2025,Product Launch,Product Launch,Young Adults,youtube,2025-02-08,12094.63,303027.0,5884.0,113.0,9479.59,False,False,False,0,False,False,False,1.611079197824609
PL_2025,Product Launch,Product Launch,Young Adults,tiktok,2025-02-16,17509.11,623421.0,9476.0,132.0,7312.5,False,False,False,0,False,False,False,0.7716863655550865
AAR_2025,Anti-Aging Routine,Product Education,Young Adults,email,2025-03-12,3263.64,9169.0,948.0,304.0,30368.74,False,False,False,0,False,False,False,32.034535864978906
NF_2025,Nature First,Brand Image,Gen Z,youtube,2025-04-27,8199.55,378611.0,9642.0,112.0,6318.35,False,False,False,0,False,False,False,0.6552945447002697
DBB_2025,Don't Burn for Beauty,Social Impact,Gen Z,tiktok,2025-07-12,13907.09,1108083.0,28014.0,489.0,14289.16,False,False,False,0,False,False,False,0.5100721068037409
SCA_2025,Skin Cancer Awareness,Educational Awareness,Young Adults,youtube,2025-05-13,14791.33,812964.0,14078.0,129.0,5317.09,False,False,False,0,False,False,False,0.37768788180139223
BF_2025,Black Friday,Seasonal Sale,Gen Z,youtube,2025-11-30,21080.59,1101571.0,108560.0,40238.0,2820319.79,False,False,False,0,False,False,False,25.979364314664704
PL_2025,Product Launch,Product Launch,Adults,instagram,2025-02-22,13042.55,134290.0,5740.0,423.0,26715.73,False,False,False,0,False,False,False,4.6543083623693375
AAR_2025,Anti-Aging Routine,Product Education,Adults,email,2025-02-12,4267.23,9263.0,231.0,29.0,2222.74,False,False,False,0,False,False,False,9.622251082251081
AAR_2025,Anti-Aging Routine,Product Education,Young Adults,instagram,2025-05-03,7480.89,66848.0,1622.0,172.0,12290.07,False,False,False,0,False,False,False,7.577108508014796
TSF_2025,TikTok Skin Fails,Trend Counter,Young Adults,youtube,2025-05-08,4401.87,220608.0,26148.0,2220.0,111341.5,False,False,False,0,False,False,False,4.25812681658253
DBB_2025,Don't Burn for Beauty,Social Impact,Adults,linkedin,2025-07-05,4877.32,110056.0,2374.0,33.0,977.92,False,False,False,0,False,False,False,0.4119292333614153
AAR_2025,Anti-Aging Routine,Product Education,Adults,linkedin,2025-03-13,5888.48,20655.0,677.0,108.0,11105.16,False,False,False,0,False,False,False,16.40348596750369
BF_2025,Black Friday,Seasonal Sale,Gen Z,tiktok,2025-12-02,28321.07,905167.0,0.0,0.0,0.0,False,False,False,0,False,False,False,6.540883296957248
DBB_2025,Don't Burn for Beauty,Social Impact,Gen Z,tiktok,2025-07-28,5278.7,391785.0,22414.0,393.0,8627.71,False,False,False,0,False,False,False,0.3849250468457214
TSF_2025,TikTok Skin Fails,Trend Counter,Gen Z,tiktok,2025-03-11,8076.02,1318895.0,104262.0,3148.0,112855.63,False,False,False,0,False,False,False,1.0824234140914235
AAR_2025,Anti-Aging Routine,Product Education,Young Adults,instagram,2025-05-29,3137.71,21439.0,653.0,138.0,10002.45,False,False,False,0,False,False,False,15.3176875957121
AAR_2025,Anti-Aging Routine,Product Education,Adults,youtube,2025-04-12,4810.72,65766.0,3442.0,638.0,57982.25,False,False,False,0,False,False,False,16.845511330621733
DBB_2025,Don't Burn for Beauty,Social Impact,Gen Z,tiktok,2025-07-20,1270.33,105672.0,10908.0,249.0,6980.77,False,False,False,0,False,False,False,0.6399679134580125
PL_2025,Product Launch,Product Launch,Young Adults,facebook,2025-01-21,25397.66,538477.0,18630.0,645.0,58171.06,False,False,False,0,False,False,False,3.1224401502952226
NF_2025,Nature First,Brand Image,Young Adults,youtube,2025-04-29,7823.96,173175.0,5624.0,96.0,6666.8,False,False,False,0,False,False,False,1.1854196301564723
AAR_2025,Anti-Aging Routine,Product Education,Seniors,linkedin,2025-03-24,4877.51,31967.0,1540.0,290.0,34897.92,False,False,False,0,False,False,False,22.66098701298701
AAR_2025,Anti-Aging Routine,Product Education,Seniors,linkedin,2025-05-27,2758.01,12208.0,213.0,42.0,5334.32,False,False,False,0,False,False,False,25.0437558685446
PL_2025,Product Launch,Product Launch,Young Adults,facebook,2025-03-23,19163.34,389580.0,23118.0,279.0,19426.84,False,False,False,0,False,False,False,0.8403339389220521
AAR_2025,Anti-Aging Routine,Product Education,Young Adults,youtube,2025-03-17,4682.85,52012.0,2615.0,282.0,15805.3,False,False,False,0,False,False,False,6.044091778202676
AAR_2025,Anti-Aging Routine,Product Education,Adults,email,2025-06-05,5603.78,24417.0,926.0,410.0,31015.41,False,False,False,0,False,False,False,33.493963282937365
BF_2025,Black Friday,Seasonal Sale,Parents,facebook,2025-11-27,3320.98,51459.0,2487.0,765.0,41130.91,False,False,False,0,False,False,False,16.538363490148775
SS_2025,Summer Sale,Seasonal Sale,Young Adults,youtube,2025-06-08,5344.26,159365.0,8414.0,1041.0,55980.85,False,False,False,0,False,False,False,6.653298074637509
AAR_2025,Anti-Aging Routine,Product Education,Adults,email,2025-04-09,3153.28,6808.0,345.0,100.0,9895.91,False,False,False,0,False,False,False,28.683797101449276
DBB_2025,Don't Burn for Beauty,Social Impact,Adults,youtube,2025-08-08,8775.42,336975.0,23071.0,1679.0,60817.77,False,False,False,0,False,False,False,2.636113302414286
SS_2025,Summer Sale,Seasonal Sale,Gen Z,tiktok,2025-06-15,4471.0,123360.0,4791.0,79.0,3759.34,False,False,False,0,False,False,False,0.7846670841160509
PL_2025,Product Launch,Product Launch,Seniors,linkedin,2025-01-26,10537.89,109420.0,1620.0,42.0,3347.49,False,False,False,0,False,False,False,2.0663518518518518
SCA_2025,Skin Cancer Awareness,Educational Awareness,Adults,youtube,2025-06-02,4936.54,286480.0,11494.0,186.0,5251.27,False,False,False,0,False,False,False,0.4568705411519054
SS_2025,Summer Sale,Seasonal Sale,Adults,linkedin,2025-07-22,1880.52,10136.0,134.0,18.0,1241.56,False,False,False,0,False,False,False,9.265373134328359
DBB_2025,Don't Burn for Beauty,Social Impact,Gen Z,tiktok,2025-08-11,15104.46,1625837.0,97388.0,587.0,89698.51,False,False,True,0,False,False,False,0.9210427362714092
AAR_2025,Anti-Aging Routine,Product Education,Young Adults,instagram,2025-05-10,4046.79,79895.0,1911.0,69.0,20736.0,False,False,False,0,False,False,True,10.850630763068924
SS_2025,Summer Sale,Seasonal Sale,Parents,facebook,2025-07-22,4585.37,104933.0,3508.0,246.0,16877.81,False,False,False,0,False,False,False,4.811234321550741
DBB_2025,Don't Burn for Beauty,Social Impact,Young Adults,youtube,2025-07-28,6655.96,782947.0,50442.0,4774.0,158382.36,False,False,False,0,False,False,False,3.1398905673843225
NF_2025,Nature First,Brand Image,Parents,email,2025-03-10,3326.98,8614.0,1307.0,37.0,3347.9,False,False,False,0,False,False,False,2.561514919663351
TSF_2025,TikTok Skin Fails,Trend Counter,Gen Z,instagram,2025-04-07,39246.37,2151721.0,271360.0,13496.0,673872.85,False,False,False,0,False,False,False,2.483316811615566
AAR_2025,Anti-Aging Routine,Product Education,Seniors,email,2025-05-26,3939.32,5218.0,442.0,354.0,29173.45,False,False,False,0,False,False,False,66.00328054298643
AAR_2025,Anti-Aging Routine,Product Education,Adults,linkedin,2025-02-07,6007.82,37234.0,881.0,235.0,28650.32,False,False,False,0,False,False,False,32.52022701475596
PL_2025,Product Launch,Product Launch,Seniors,linkedin,2025-03-06,23201.88,223022.0,16189.0,350.0,36713.97,False,False,False,0,False,False,False,2.2678343319537957
DBB_2025,Don't Burn for Beauty,Social Impact,Gen Z,tiktok,2025-06-29,54688.9,4800395.0,680679.0,587.0,744575.45,False,False,True,0,False,False,False,1.0938716340595198
TSF_2025,TikTok Skin Fails,Trend Counter,Gen Z,instagram,2025-03-30,43454.99,2543577.0,110034.0,2989.0,171243.24,False,False,False,0,False,False,False,1.5562756966028681
SS_2025,Summer Sale,Seasonal Sale,Young Adults,facebook,2025-06-03,4777.04,171517.0,11709.0,1114.0,47700.64,False,False,False,0,False,False,False,4.073844051584252
AAR_2025,Anti-Aging Routine,Product Education,Adults,facebook,2025-01-17,3377.78,21065.0,1409.0,597.0,39419.53,False,False,False,0,False,False,False,27.9769552874379
TSF_2025,TikTok Skin Fails,Trend Counter,Young Adults,facebook,2025-03-19,15326.65,579515.0,30037.0,544.0,26996.05,False,False,False,1,True,True,False,0.8987598628358358
AAR_2025,Anti-Aging Routine,Product Education,Young Adults,facebook,2025-03-11,5149.72,36193.0,1757.0,258.0,26930.55,False,False,False,0,False,False,False,15.327575412635174
PL_2025,Product Launch,Product Launch,Young Adults,youtube,2025-02-11,12111.3,502673.0,22375.0,738.0,65563.99,False,False,False,0,False,False,False,2.930234189944134
NF_2025,Nature First,Brand Image,Gen Z,youtube,2025-05-27,7173.94,153443.0,5962.0,106.0,7681.48,False,False,False,0,False,False,False,1.2884065749748406
TSF_2025,TikTok Skin Fails,Trend Counter,Young Adults,instagram,2025-05-13,10889.4,630614.0,50038.0,2145.0,79735.44,False,False,False,0,False,False,False,1.5934977417162957
NF_2025,Nature First,Brand Image,Gen Z,youtube,2025-04-11,5878.05,73728.0,1377.0,18.0,839.55,False,False,False,0,False,False,False,0.6096949891067538
NF_2025,Nature First,Brand Image,Gen Z,tiktok,2025-04-29,4645.51,119168.0,4158.0,54.0,4421.74,False,False,False,0,False,False,False,1.0634295334295334
SS_2025,Summer Sale,Seasonal Sale,Young Adults,facebook,2025-05-10,10163.15,165332.0,10339.0,1576.0,80496.23,False,False,False,0,False,False,False,7.785688171002998
AAR_2025,Anti-Aging Routine,Product Education ,Seniors,email,2025-05-09,4041.34,10533.0,287.0,64.0,7273.03,False,False,False,0,False,False,False,25.34156794425087
AAR_2025,Anti-Aging Routine, Product Education,Young Adults,facebook,2025-05-25,4949.46,43025.0,627.0,110.0,11494.0,False,False,False,0,False,False,True,18.332014213994107
AAR_2025,Anti-Aging Routine,Product Education,Adults,linkedin,2025-05-18,2469.33,14349.0,330.0,52.0,4077.06,False,False,False,0,False,False,False,12.354727272727272
BF_2025,Black Friday,Seasonal Sale,Adults,email,2025-11-23,12872.1,104460.0,5300.0,2705.0,166129.65,False,False,False,0,False,False,False,31.345216981132076
NF_2025,Nature First,Brand Image,Parents,facebook,2025-02-28,5552.35,48379.0,1430.0,38.0,3405.63,False,False,False,0,False,False,False,2.3815594405594407
AAR_2025,Anti-Aging Routine,Product Education,Young Adults,facebook,2025-03-02,4192.47,37430.0,1175.0,245.0,17934.93,False,False,False,0,False,False,False,15.263770212765957
NF_2025,Nature First,Brand Image,Young Adults,instagram,2025-03-05,8268.34,111637.0,2137.0,17.0,1126.8,False,False,False,0,False,False,False,0.5272812353766962
AAR_2025,Anti-Aging Routine,Product Education,Young Adults,instagram,2025-02-19,7281.47,95720.0,7289.0,579.0,32042.24,False,False,False,0,False,False,False,4.395972012621759
AAR_2025,Anti-Aging Routine,Product Education,Young Adults,instagram,2025-05-01,5837.56,39121.0,1031.0,94.0,6782.56,False,False,False,0,False,False,False,6.5786226964112515
PL_2025,Product Launch,Product Launch,Adults,instagram,2025-03-20,22859.21,635463.0,14674.0,441.0,30255.76,False,False,False,0,False,False,False,2.06186179637454
BF_2025,Black Friday,Seasonal Sale,Young Adults,instagram,2025-11-25,174896.06,3404313.0,139018.0,25971.0,1206048.86,False,False,False,0,False,False,False,8.675487059229742
SS_2025,Summer Sale,Seasonal Sale,Young Adults,instagram,2025-06-07,7722.94,94614.0,3893.0,542.0,38305.75,False,False,False,0,False,False,False,9.83964808630876
AAR_2025,Anti-Aging Routine,Product Education,Seniors,facebook,2025-01-23,5260.04,26151.0,1123.0,189.0,18652.82,False,False,False,0,False,False,False,16.609813000890473
SS_2025,Summer Sale, Seasonal Sale,Young Adults,email,2025-06-05,6766.39,116986.0,9703.0,4826.0,336159.94,False,False,False,0,False,False,False,34.644948984850046
AAR_2025,Anti-Aging Routine,Product Education,Seniors,linkedin,2025-02-17,4026.9849999999997,17175.0,388.0,177.0,25354.32,False,True,False,0,False,False,False,65.34618556701031
NF_2025,Nature First,Brand Image,Young Adults,linkedin,2025-03-27,8381.6,165176.0,10218.0,170.0,11136.85,False,False,False,0,False,False,False,1.0899246427872382
TSF_2025,TikTok Skin Fails,Trend Counter,Young Adults,facebook,2025-03-30,13893.1,659756.0,22531.0,1499.0,36515.2,False,False,False,0,False,False,False,1.6206648617460386
NF_2025,Nature First,Brand Image,Parents,email,2025-03-14,4499.97,37233.0,2260.0,175.0,9549.41,False,False,False,0,False,False,False,4.225402654867256
NF_2025,Nature First,Brand Image,Gen Z,tiktok,2025-04-09,5130.34,137380.0,6878.0,133.0,6422.17,False,False,False,1,True,True,False,0.9337263739459145
PL_2025,Product Launch,Product Launch,Seniors,linkedin,2025-01-29,8803.51,72931.0,2169.0,90.0,11724.71,False,False,False,0,False,False,False,5.405583218072844
SS_2025,Summer Sale,Seasonal Sale,Parents,email,2025-06-02,5021.83,55409.0,5769.0,298.0,17456.42,False,False,False,0,False,False,False,3.025900502686774
PL_2025,Product Launch,Product Launch,Adults,email,2025-02-07,9451.41,135018.0,9689.0,861.0,82812.32,False,False,False,0,False,False,False,8.547045102693778
SS_2025,Summer Sale,Seasonal Sale,Young Adults,instagram,2025-05-29,8634.29,183678.0,7486.0,835.0,54346.33,False,False,False,0,False,False,False,7.259728827144002
DBB_2025,Don't Burn for Beauty,Social Impact,Adults,facebook,2025-07-29,8044.99,106078.0,9486.0,471.0,18339.51,False,False,False,1,True,True,False,1.933323845667299
SS_2025,Summer Sale,Seasonal Sale,Parents,email,2025-07-17,2838.67,14171.0,971.0,154.0,9418.29,False,False,False,0,False,False,False,9.699577754891864
SS_2025,Summer Sale,Seasonal Sale,Gen Z,instagram,2025-06-29,5804.82,199518.0,9346.0,1199.0,65143.07,False,False,False,0,False,False,False,6.970155146586775
TSF_2025,TikTok Skin Fails,Trend Counter,Gen Z,tiktok,2025-03-18,6757.66,766545.0,73183.0,1902.0,58990.07,False,False,False,0,False,False,False,0.8060624735252723
SS_2025,Summer Sale,Seasonal Sale,Adults,facebook,2025-05-18,16671.97,161912.0,6737.0,1814.0,127803.8,False,False,False,0,False,False,False,18.970431943001337
TSF_2025,TikTok Skin Fails,Trend Counter,Gen Z,tiktok,2025-06-02,5481.98,479434.0,28784.0,2315.0,96845.37,False,False,False,0,False,False,False,3.3645556559199554
TSF_2025,TikTok Skin Fails,Trend Counter,Gen Z,tiktok,2025-04-21,9000.39,3477853.0,416730.0,17164.0,625366.71,False,False,False,0,False,False,False,1.5006520048952559
PL_2025,Product Launch,Product Launch,Young Adults,youtube,2025-02-23,6685.78,321007.0,20752.0,492.0,36026.21,False,False,False,0,False,False,False,1.7360355628373167
HP_2025,Holiday Prep,Seasonal Education,Seniors,facebook,2025-11-09,5201.78,29752.0,1308.0,346.0,25870.0,False,False,False,0,False,False,True,19.778427752554908
SS_2025,Summer Sale,Seasonal Sale,Gen Z,tiktok,2025-06-28,10126.15,448972.0,15235.0,581.0,32709.75,False,False,False,0,False,False,False,2.1470134558582212
AAR_2025,Anti-Aging Routine,Product Education,Adults,facebook,2025-02-07,3886.06,57528.0,1917.0,395.0,46116.24,False,False,False,0,False,False,False,24.056463223787166
NF_2025,Nature First,Brand Image,Young Adults,linkedin,2025-04-28,5057.12,65450.0,2719.0,74.0,6032.63,False,False,False,0,False,False,False,2.2186943729312247
SS_2025,Summer Sale,Seasonal Sale,Young Adults,instagram,2025-05-21,3874.92,62907.0,3418.0,229.0,8083.04,False,False,False,0,False,False,False,2.364844938560562
AAR_2025,Anti-Aging Routine,Product Education,Adults,youtube,2025-02-02,5555.03,34766.0,1466.0,583.0,67427.3,False,False,False,0,False,False,False,45.99406548431105
SS_2025,Summer Sale,Seasonal Sale,Parents,instagram,2025-07-17,2035.05,37057.0,3841.0,374.0,19931.08,False,False,False,0,False,False,False,5.189034105701641
TSF_2025,TikTok Skin Fails,Trend Counter,Gen Z,tiktok,2025-03-28,25306.25,4097245.0,58896.0,1695.0,45123.0,False,False,False,0,False,False,True,0.7661460982148245
AAR_2025,Anti-Aging Routine,Product Education,Adults,facebook,2025-04-28,4509.51,37761.0,1006.0,278.0,34409.66,False,False,False,0,False,False,False,34.20443339960239
TSF_2025,TikTok Skin Fails,Trend Counter,Gen Z,instagram,2025-04-18,86478.01,7081385.0,174450.0,13134.0,358870.21,False,False,False,0,False,False,False,2.0571522499283463
AAR_2025,Anti-Aging Routine,Product Education,Young Adults,youtube,2025-03-27,5626.73,43847.0,1032.0,102.0,7954.26,False,False,False,0,False,False,False,7.707616279069768
NF_2025,Nature First,Brand Image,Gen Z,tiktok,2025-03-11,5355.8,200446.0,10693.0,70.0,6568.0,False,False,False,0,False,False,True,0.6142460491659351
NF_2025,Nature First,Brand Image,Parents,facebook,2025-04-28,5922.11,54934.0,1383.0,48.0,3965.11,False,False,False,0,False,False,False,2.8670354302241505
AAR_2025,Anti-Aging Routine,Product Education,Young Adults,facebook,2025-02-03,2547.05,18262.0,954.0,193.0,17482.48,False,False,False,0,False,False,False,18.32545073375262
NF_2025,Nature First,Brand Image,Parents,facebook,2025-04-11,5451.64,62229.0,3713.0,199.0,19506.81,False,True,False,0,False,False,False,5.253652033396176
NF_2025,Nature First,Brand Image,Parents,email,2025-05-23,3793.07,13664.0,0.0,0.0,0.0,False,False,False,0,False,False,False,4.32284649122807
NF_2025,Nature First,Brand Image,Gen Z,youtube,2025-03-28,4122.2,187622.0,5175.0,71.0,4713.82,False,False,False,0,False,False,False,0.9108830917874395
NF_2025,Nature First,Brand Image,Gen Z,instagram,2025-05-05,6240.64,167509.0,4916.0,52.0,4168.41,False,False,False,0,False,False,False,0.847927176566314
DBB_2025,Don't Burn for Beauty,Social Impact,Young Adults,youtube,2025-07-13,2721.02,117988.0,11563.0,516.0,23252.71,False,False,False,0,False,False,False,2.010958228833348
SCA_2025,Skin Cancer Awareness,Educational Awareness,Adults,facebook,2025-05-18,18137.56,819656.0,23677.0,423.0,17914.24,False,False,False,0,False,False,False,0.7566093677408456
PL_2025,Product Launch,Product Launch,Young Adults,youtube,2025-02-25,9831.43,721676.0,21453.0,440.0,39445.4,False,False,False,0,False,False,False,1.8386892276138536
NF_2025,Nature First,Brand Image,Parents,instagram,2025-03-23,4844.49,95013.0,3583.0,48.0,3956.76,False,False,False,0,False,False,False,1.1043148199832544
AAR_2025,Anti-Aging Routine,Product Education,Seniors,email,2025-06-04,4684.65,13398.0,515.0,156.0,22350.87,False,False,False,0,False,False,False,43.399747572815535
DBB_2025,Don't Burn for Beauty,Social Impact,Adults,facebook,2025-07-13,8402.88,157669.0,8621.0,238.0,7374.83,False,False,False,0,False,False,False,0.8554494838185825
TSF_2025,TikTok Skin Fails,Trend Counter,Young Adults,instagram,2025-06-04,9877.88,804051.0,17308.0,317.0,13073.03,False,False,False,0,False,False,False,0.7553171943609892
AAR_2025,Anti-Aging Routine,Product Education,Adults,youtube,2025-06-08,4465.66,51428.0,4013.0,504.0,62543.66,False,False,False,0,False,False,False,15.585262895589336
HP_2025,Holiday Prep,Seasonal Education,Parents,instagram,2025-11-18,5610.75,22253.0,910.0,178.0,17418.27,False,False,False,0,False,False,False,19.140956043956045
SCA_2025,Skin Cancer Awareness,Educational Awareness,Young Adults,youtube,2025-05-22,13070.54,1173024.0,16789.0,392.0,9805.01,False,False,False,0,False,False,False,0.5840139376973018
TSF_2025,TikTok Skin Fails,Trend Counter,Gen Z,tiktok,2025-03-19,10971.99,1603283.0,100274.0,1719.0,23827.47,False,False,False,0,False,False,False,0.23762361130502424
DBB_2025,Don't Burn for Beauty,Social Impact,Gen Z,youtube,2025-08-03,3250.97,330025.0,27816.0,1346.0,44455.14,False,False,False,0,False,False,False,1.5981859361518551
NF_2025,Nature First,Brand Image,Gen Z,tiktok,2025-05-26,9203.45,202154.0,5419.0,45.0,3025.99,False,False,False,0,False,False,False,0.5584037645322014
SCA_2025,Skin Cancer Awareness,Educational Awareness,Young Adults,instagram,2025-05-15,10534.43,601762.0,22623.0,210.0,8465.0,False,False,False,0,False,False,False,0.3741767228042258
TSF_2025,TikTok Skin Fails,Trend Counter,Young Adults,tiktok,2025-03-25,5753.84,393722.0,57252.0,1902.0,33102.71,False,False,True,0,False,False,False,0.5781930762244114
TSF_2025,TikTok Skin Fails,Trend Counter,Gen Z,tiktok,2025-05-20,10934.16,1692249.0,43166.0,986.0,18795.69,False,False,False,0,False,False,False,0.43542811471991844
SCA_2025,Skin Cancer Awareness,Educational Awareness,Adults,facebook,2025-05-03,10401.695,148185.0,2648.0,55.0,2094.77,False,True,False,0,False,False,False,0.7910762839879154
AAR_2025,Anti-Aging Routine,Product Education,Young Adults,facebook,2025-06-03,4353.26,34956.0,2227.0,501.0,49478.39,False,True,False,0,False,False,False,22.217507858105073
TSF_2025,TikTok Skin Fails,Trend Counter,Gen Z,youtube,2025-06-05,23859.41,985769.0,92319.0,2719.0,41398.47,False,False,False,0,False,False,False,0.4484284925096676
SS_2025,Summer Sale,Seasonal Sale,Young Adults,email,2025-07-20,3648.99,22636.0,2407.0,401.0,21681.23,False,False,False,0,False,False,False,9.007573743248857
NF_2025,Nature First,Brand Image,Gen Z,youtube,2025-04-05,9085.19,275717.0,13864.0,254.0,13857.26,False,False,False,0,False,False,False,0.9995138488170803
PL_2025,Product Launch,Product Launch,Adults,youtube,2025-03-29,12605.91,379103.0,13267.0,1272.0,130469.57,False,False,False,0,False,False,False,9.834142609482175
SS_2025,Summer Sale,Seasonal Sale,Parents,facebook,2025-06-20,10012.08,81374.0,5439.0,713.0,39222.22,False,False,False,0,False,False,False,7.211292517006803
NF_2025,Nature First,Brand Image,Parents,email,2025-05-10,7184.48,26011.0,2169.0,72.0,6965.98,False,False,False,0,False,False,False,3.211609036422314
NF_2025,Nature First,Brand Image,Gen Z,tiktok,2025-03-24,7009.18,81331.0,1124.0,10.0,464.43,False,False,False,0,False,False,False,0.413193950177936
NF_2025,Nature First,Brand Image,Gen Z,tiktok,2025-03-30,8882.32,358498.0,7854.0,85.0,6911.76,False,False,False,0,False,False,False,0.8800305576776165
TSF_2025,TikTok Skin Fails,Trend Counter,Gen Z,tiktok,2025-05-26,12407.99,1582784.0,83408.0,4172.0,164177.05,False,False,False,1,True,True,False,1.968360948590063
NF_2025,Nature First,Brand Image,Parents,facebook,2025-05-27,3487.93,30339.0,1016.0,24.0,2389.59,False,False,False,0,False,False,False,2.351958661417323
SS_2025,Summer Sale,Seasonal Sale,Gen Z,instagram,2025-06-15,7095.63,255216.0,14512.0,785.0,27776.77,False,False,False,0,False,False,False,1.9140552646085998
HP_2025,Holiday Prep,Seasonal Education,Parents,email,2025-11-10,6874.1,34562.0,2934.0,1604.0,142034.42,False,False,False,0,False,False,False,48.40982276755283
TSF_2025,TikTok Skin Fails,Trend Counter,Gen Z,youtube,2025-04-28,29314.63,4090358.0,0.0,0.0,0.0,False,False,False,0,False,False,False,1.2136772700374119
BF_2025,Black Friday,Seasonal Sale,Young Adults,instagram,2025-12-04,5047.21,43543.0,1467.0,557.0,38578.3,False,False,False,0,False,False,False,26.29740967961827
PL_2025,Product Launch,Product Launch,Adults,instagram,2025-03-02,17035.53,229672.0,9305.0,79.0,8116.91,False,False,False,0,False,False,False,0.8723170338527673
PL_2025,Product Launch,Product Launch,Adults,instagram,2025-02-28,9224.05,238195.0,5654.0,190.0,17332.26,False,False,False,0,False,False,False,3.0654863813229567
AAR_2025,Anti-Aging Routine,Product Education,Seniors,linkedin,2025-01-17,2107.52,8631.0,278.0,51.0,8097.4,False,False,False,0,False,False,False,29.1273381294964
SS_2025,Summer Sale,Seasonal Sale,Adults,facebook,2025-06-01,4779.11,118308.0,6959.0,891.0,39551.21,False,False,False,0,False,False,False,5.683461704267854
PL_2025,Product Launch,Product Launch,Young Adults,tiktok,2025-03-02,20610.81,1544060.0,222693.0,4521.0,239675.51,False,False,False,0,False,False,False,1.076259738743472
TSF_2025,TikTok Skin Fails,Trend Counter,Gen Z,tiktok,2025-03-10,18052.64,2626965.0,0.0,0.0,0.0,False,False,False,0,False,False,False,0.7661460982148245
SS_2025,Summer Sale,Seasonal Sale,Young Adults,youtube,2025-06-05,7844.57,228669.0,8950.0,998.0,48552.19,False,False,False,1,True,True,False,5.424825698324023
AAR_2025,Anti-Aging Routine,Product Education,Adults,youtube,2025-05-01,5338.3,69574.0,2563.0,885.0,87181.5,False,False,False,0,False,False,False,34.01541162699961
NF_2025,Nature First,Brand Image,Young Adults,linkedin,2025-03-25,3966.84,15803.0,952.0,19.0,1214.37,False,False,False,0,False,False,False,1.2755987394957982
NF_2025,Nature First,Brand Image,Parents,email,2025-05-05,4454.82,28926.0,3753.0,157.0,11444.79,False,False,False,0,False,False,False,3.049504396482814
AAR_2025,Anti-Aging Routine,Product Education,Young Adults,youtube,2025-02-19,6872.23,124811.0,3129.0,790.0,58794.73,False,False,False,0,False,False,False,18.790262064557368
SS_2025,Summer Sale,Seasonal Sale,Adults,email,2025-06-05,7423.48,36071.0,4283.0,1831.0,135865.17,False,False,False,0,False,False,False,31.72196357693206
AAR_2025,Anti-Aging Routine,Product Education,Young Adults,instagram,2025-04-05,3586.21,40021.0,3465.0,239.0,24297.85,False,False,False,0,False,False,False,7.012366522366522
AAR_2025,Anti-Aging Routine,Product Education,Seniors,linkedin,2025-02-23,2093.08,10880.0,284.0,94.0,12428.73,False,False,False,0,False,False,False,43.7631338028169
AAR_2025,Anti-Aging Routine,Product Education,Adults,email,2025-01-20,5647.49,40975.0,1085.0,731.0,83071.78,False,False,False,0,False,False,False,76.56385253456222
SCA_2025,Skin Cancer Awareness,Educational Awareness,Young Adults,youtube,2025-05-27,6701.8,1148433.0,22454.0,301.0,6126.28,False,False,False,0,False,False,False,0.2728369110180814
AAR_2025,Anti-Aging Routine,Product Education,Young Adults,youtube,2025-03-23,5800.5,73297.0,5090.0,1415.0,123382.5,False,False,False,0,False,False,False,24.240176817288802
AAR_2025,Anti-Aging Routine,Product Education,Adults,email,2025-05-06,5025.77,8036.0,300.0,125.0,15195.84,False,False,False,0,False,False,False,50.6528
DBB_2025,Don't Burn for Beauty,Social Impact,Gen Z,instagram,2025-07-03,7380.44,201255.0,12635.0,180.0,5393.72,False,False,False,0,False,False,False,0.4268872180451128
AAR_2025,Anti-Aging Routine,Product Education,Adults,linkedin,2025-03-20,4313.06,31437.0,826.0,112.0,10014.19,False,False,False,0,False,False,False,12.123716707021792
SS_2025,Summer Sale,Seasonal Sale,Parents,instagram,2025-05-29,3225.72,47227.0,1778.0,233.0,15900.66,False,False,False,0,False,False,False,8.943003374578177
AAR_2025,Anti-Aging Routine,Product Education,Adults,linkedin,2025-03-31,5920.78,12081.0,816.0,191.0,17151.68,False,False,False,0,False,False,False,21.01921568627451
SS_2025,Summer Sale,Seasonal Sale,Gen Z,tiktok,2025-06-04,16012.16,377749.0,13875.0,1231.0,49097.73,False,False,False,0,False,False,False,3.5385751351351353
SS_2025,Summer Sale,Seasonal Sale,Adults,linkedin,2025-07-13,5098.34,45274.0,2332.0,401.0,20074.1,False,True,False,0,False,False,False,8.608104631217838
PL_2025,Product Launch,Product Launch,Seniors,linkedin,2025-02-18,16479.34,176576.0,3092.5,225.0,27818.28,False,False,False,1,True,True,False,8.995401778496362
SS_2025,Summer Sale,Seasonal Sale,Gen Z,instagram,2025-07-17,14832.29,246567.0,10524.0,895.0,52188.46,False,False,False,0,False,False,False,4.958994678829343
DBB_2025,Don't Burn for Beauty,Social Impact,Young Adults,youtube,2025-07-05,3318.75,131412.0,8655.0,336.0,13636.55,False,False,False,0,False,False,False,1.5755690352397458
AAR_2025,Anti-Aging Routine,Product Education,Adults,facebook,2025-05-15,4226.63,42440.0,1032.0,326.0,31255.18,False,False,False,0,False,False,False,30.286027131782944
PL_2025,Product Launch,Product Launch,Seniors,email,2025-01-24,5267.33,22023.0,881.0,195.0,13559.86,False,False,False,0,False,False,False,15.391441543700342
SS_2025,Summer Sale,Seasonal Sale,Parents,email,2025-07-07,7138.09,36765.0,1855.0,554.0,34844.88,True,False,False,0,False,False,False,18.784301886792452
AAR_2025,Anti-Aging Routine,Product Education,Seniors,email,2025-04-01,3492.83,7437.0,503.0,184.0,14937.64,False,False,False,0,False,False,False,29.697097415506956
NF_2025,Nature First,Brand Image,Gen Z,youtube,2025-02-21,6108.15,185242.0,6488.0,163.0,9166.08,False,True,False,0,False,False,False,1.4127743526510481
AAR_2025,Anti-Aging Routine,Product Education,Adults,linkedin,2025-05-09,4613.48,23699.0,666.0,96.0,16600.54,False,False,True,0,False,False,False,24.92573573573574
NF_2025,Nature First,Brand Image,Parents,facebook,2025-04-12,4555.58,49219.0,694.0,12.0,1047.5,False,False,False,0,False,False,False,1.5093659942363113
SS_2025,Summer Sale,Seasonal Sale,Parents,email,2025-06-01,8832.17,37450.0,2331.0,466.0,30998.36,False,False,False,0,False,False,False,13.298309738309738
SS_2025,Summer Sale,Seasonal Sale,Young Adults,email,2025-05-25,6924.06,75403.0,6562.0,2507.0,147711.45,False,False,False,0,False,False,False,22.51012648582749
NF_2025,Nature First,Brand Image,Parents,email,2025-05-24,4507.45,10489.0,470.0,16.0,1104.89,False,False,False,0,False,False,False,2.350829787234043
BF_2025,Black Friday,Seasonal Sale,Parents,facebook,2025-12-04,6915.12,39422.0,1952.0,509.0,43655.54,False,False,False,0,False,False,False,22.364518442622952
AAR_2025,Anti-Aging Routine,Product Education,Adults,facebook,2025-04-15,5154.41,18424.0,0.0,0.0,0.0,False,False,False,0,False,False,False,18.332014213994107
AAR_2025,Anti-Aging Routine,Product Education,Adults,linkedin,2025-04-18,3202.44,18970.0,258.0,118.0,9068.16,False,False,False,0,False,False,False,35.14790697674419
NF_2025,Nature First,Brand Image,Young Adults,youtube,2025-03-31,3078.78,70708.0,3167.0,32.0,2143.35,False,False,False,0,False,False,False,0.6767761288285443
AAR_2025,Anti-Aging Routine,Product Education,Seniors,linkedin,2025-04-02,4242.7,10587.0,214.0,36.0,4561.6,False,False,False,0,False,False,False,21.31588785046729
AAR_2025,Anti-Aging Routine,Product Education,Young Adults,facebook,2025-02-21,6694.62,174017.0,9772.0,1446.0,116193.67,False,False,False,0,False,False,False,11.89046970937372
AAR_2025,Anti-Aging Routine,Product Education,Seniors,email,2025-01-22,5681.35,12080.0,362.0,134.0,19217.03,False,False,False,0,False,False,False,53.085718232044194
TSF_2025,TikTok Skin Fails,Trend Counter,Gen Z,youtube,2025-05-09,26185.3,2561363.0,663612.0,16524.0,399290.35,False,False,False,0,False,False,False,0.6016924799430993
AAR_2025,Anti-Aging Routine,Product Education,Seniors,facebook,2025-02-22,3330.07,27523.0,474.0,78.0,6395.86,False,False,False,0,False,False,False,13.49337552742616
DBB_2025,Don't Burn for Beauty,Social Impact,Adults,facebook,2025-07-26,9640.86,317527.0,0.0,0.0,0.0,False,False,False,0,False,False,False,1.356402540054723
SS_2025,Summer Sale,Seasonal Sale,Parents,instagram,2025-06-07,8453.83,57625.0,4149.0,424.0,17296.8,False,False,False,0,False,False,False,4.168908170643529
TSF_2025,TikTok Skin Fails,Trend Counter,Gen Z,instagram,2025-03-25,9915.97,651315.0,8397.0,523.0,7536.6,True,True,False,0,False,False,False,0.897534833869239
AAR_2025,Anti-Aging Routine,Product Education,Adults,linkedin,2025-04-01,3996.4,19241.0,434.0,34.0,3895.33,False,False,False,0,False,False,False,8.975414746543779
DBB_2025,Don't Burn for Beauty,Social Impact,Gen Z,instagram,2025-08-12,12400.42,486672.0,65268.0,1412.0,29381.04,False,False,False,0,False,False,False,0.4501599558742416
PL_2025,Product Launch,Product Launch,Adults,youtube,2025-03-26,9250.05,427928.0,25234.0,1001.0,62109.36,False,False,False,0,False,False,False,2.461336292304034
SCA_2025,Skin Cancer Awareness,Educational Awareness,Young Adults,tiktok,2025-05-20,13898.87,2980625.0,200051.0,3002.0,91494.96,False,False,False,0,False,False,False,0.4573581736657153
PL_2025,Product Launch,Product Launch,Adults,facebook,2025-01-26,35391.93,478081.0,12960.0,161.0,9797.37,False,False,False,0,False,False,False,0.7559699074074074
AAR_2025,Anti-Aging Routine,Product Education,Adults,facebook,2025-03-20,4313.39,36469.0,1511.0,139.0,27700.0,False,False,False,0,False,False,True,18.332014213994107
AAR_2025,Anti-Aging Routine,Product Education,Adults,youtube,2025-05-27,2904.47,44144.0,0.0,0.0,0.0,False,False,False,0,False,False,False,14.135952140908914
DBB_2025,Don't Burn for Beauty,Social Impact,Young Adults,instagram,2025-07-19,10795.09,519482.0,40785.0,1581.0,53614.93,False,False,False,0,False,False,False,1.314574721098443
TSF_2025,TikTok Skin Fails,Trend Counter,Gen Z,youtube,2025-05-12,32583.46,3988348.0,0.0,0.0,0.0,False,False,False,0,False,False,False,1.2136772700374119
SCA_2025,Skin Cancer Awareness,Educational Awareness,Young Adults,tiktok,2025-06-02,10252.59,1421931.0,31375.0,78.0,1563.09,False,False,False,0,False,False,False,0.049819601593625494
AAR_2025,Anti-Aging Routine,Product Education,Seniors,linkedin,2025-01-23,3390.75,16160.0,680.0,150.0,12629.09,False,False,False,0,False,False,False,18.57219117647059
NF_2025,Nature First,Brand Image,Young Adults,instagram,2025-02-16,5791.55,102829.0,3824.0,46.0,3608.23,False,False,False,0,False,False,False,0.9435747907949791
SCA_2025,Skin Cancer Awareness,Educational Awareness,Young Adults,tiktok,2025-05-16,7356.56,2352779.0,0.0,0.0,0.0,False,False,False,0,False,False,False,0.19165174384994388
AAR_2025,Anti-Aging Routine,Product Education,Seniors,email,2025-05-31,4909.52,8616.0,400.0,310.0,44518.89,False,False,False,0,False,False,False,111.297225
DBB_2025,Don't Burn for Beauty,Social Impact,Young Adults,instagram,2025-07-06,2365.43,79439.0,6990.0,114.0,3920.74,False,False,False,0,False,False,False,0.5609070100143061
NF_2025,Nature First,Brand Image,Young Adults,linkedin,2025-04-06,5884.77,43030.0,1095.0,14.0,837.1,False,False,False,0,False,False,False,0.7644748858447489
PL_2025,Product Launch,Product Launch,Seniors,linkedin,2025-02-08,15205.74,81375.0,3331.0,230.0,31036.12,False,False,False,0,False,False,False,9.317358150705493
SS_2025,Summer Sale,Seasonal Sale,Parents,email,2025-05-22,4692.94,16249.0,887.0,407.0,12584.0,False,False,False,0,False,False,True,14.187154185022026
SS_2025,Summer Sale,Seasonal Sale,Young Adults,youtube,2025-07-17,2850.13,117409.0,5222.0,729.0,24297.0,False,False,False,0,False,False,True,4.652836093765778
PL_2025,Product Launch,Product Launch,Adults,email,2025-01-17,41116.89,1125297.0,103624.0,2987.0,179002.69,False,False,False,0,False,False,False,1.7274250173704933
BF_2025,Black Friday,Seasonal Sale,Seniors,email,2025-11-26,38327.01,85915.0,4381.0,2892.0,219234.72,False,False,False,0,False,False,False,50.04216388952294
PL_2025,Product Launch,Product Launch,Young Adults,facebook,2025-03-12,12836.54,244356.0,6764.0,110.0,10757.55,False,False,False,0,False,False,False,1.5904124778237727
SCA_2025,Skin Cancer Awareness,Educational Awareness,Young Adults,tiktok,2025-05-05,6427.92,616778.0,12903.0,173.0,6671.43,False,False,False,0,False,False,False,0.5170448732852825
AAR_2025,Anti-Aging Routine,Product Education,Adults,youtube,2025-02-25,4546.51,43432.0,1025.0,231.0,25473.27,False,True,False,0,False,False,False,24.85197073170732
SS_2025,Summer Sale,Seasonal Sale,Parents,facebook,2025-07-12,5311.55,59049.0,1681.0,148.0,9943.55,False,False,False,0,False,False,False,5.915258774538964
NF_2025,Nature First,Brand Image,Young Adults,linkedin,2025-03-11,5049.1,20038.0,420.0,14.0,1120.54,False,False,False,0,False,False,False,2.667952380952381
AAR_2025,Anti-Aging Routine,Product Education,Young Adults,instagram,2025-02-10,5825.5,30832.0,540.0,60.0,5859.0,False,False,False,0,False,False,True,10.850630763068924
PL_2025,Product Launch,Product Launch,Seniors,linkedin,2025-09-02,12864.42,80431.0,3025.0,123.0,12578.91,False,False,False,0,False,False,False,4.158317355371901
TSF_2025,TikTok Skin Fails,Trend Counter,Young Adults,youtube,2025-05-19,30585.49,2547014.0,185209.0,1784.0,74038.88,False,False,False,0,False,False,False,0.3997585430513636
BF_2025,Black Friday,Seasonal Sale,Parents,email,2025-11-21,2533.77,8834.0,763.0,99.0,7018.7,False,False,False,0,False,False,False,9.198820445609437
AAR_2025,Anti-Aging Routine,Product Education,Young Adults,youtube,2025-05-20,3485.14,28305.0,624.0,76.0,5943.19,False,False,False,0,False,False,False,9.524342948717948
AAR_2025,Anti-Aging Routine,Product Education,Seniors,linkedin,2025-03-30,3797.32,12681.0,259.0,143.0,13893.94,False,False,False,0,False,False,False,53.644555984555986
AAR_2025,Anti-Aging Routine,Product Education,Adults,facebook,2025-05-28,4841.65,27586.5,0.0,0.0,0.0,True,False,False,0,False,False,False,18.332014213994107
AAR_2025,Anti-Aging Routine,Product Education,Young Adults,email,2025-01-23,3342.32,15553.0,1080.0,206.0,14076.16,False,False,False,0,False,False,False,13.03348148148148
BF_2025,Black Friday,Seasonal Sale,Young Adults,tiktok,2025-11-21,10917.89,258283.0,6508.0,597.0,49417.06,False,False,False,0,False,False,False,7.593279041180086
AAR_2025,Anti-Aging Routine,Product Education,Seniors,linkedin,2025-02-24,4576.2,15864.0,265.0,37.0,3236.7,False,False,False,0,False,False,False,12.213962264150943
DBB_2025,Don't Burn for Beauty,Social Impact,Gen Z,instagram,2025-08-13,12967.94,367311.0,24891.0,954.0,28357.98,False,False,False,0,False,False,False,1.139286489092443
HP_2025,Holiday Prep,Seasonal Education,Adults,instagram,2025-11-11,3956.61,48921.0,3151.0,636.0,38163.87,False,False,False,0,False,False,False,12.111669311329738
SCA_2025,Skin Cancer Awareness,Educational Awareness,Adults,linkedin,2025-05-01,5631.95,289376.0,7466.0,75.0,2862.07,False,False,False,0,False,False,False,0.3833471738548085
HP_2025,Holiday Prep,Seasonal Education,Adults,email,2025-11-03,4637.56,13581.0,668.0,786.0,52701.31,False,False,False,0,False,False,False,78.89417664670658
AAR_2025,Anti-Aging Routine,Product Education,Adults,facebook,2025-03-31,5014.02,53270.0,3507.0,1565.0,142159.88,False,False,False,0,False,False,False,40.536036498431706
BF_2025,Black Friday,Seasonal Sale,Gen Z,youtube,2025-12-04,8651.13,216692.0,27457.0,6444.0,272872.48,False,False,False,0,False,False,False,9.938175328695777
NF_2025,Nature First,Brand Image,Parents,email,2025-05-07,6088.8,31138.0,1698.0,60.5,10537.28,False,False,True,0,False,False,False,6.205700824499411
AAR_2025,Anti-Aging Routine,Product Education,Adults,facebook,2025-05-31,5779.78,38028.0,1036.0,300.0,34176.21,False,False,False,0,False,False,False,32.98861969111969
DBB_2025,Don't Burn for Beauty,Social Impact,Adults,youtube,2025-08-05,7239.67,267672.0,14559.0,1376.0,47050.5,False,False,False,0,False,False,False,3.231712342880692
NF_2025,Nature First,Brand Image,Young Adults,youtube,2025-02-18,4318.16,93868.0,4685.0,137.0,11144.03,False,False,False,0,False,False,False,2.3786616862326575
SS_2025,Summer Sale,Seasonal Sale,Young Adults,facebook,2025-06-22,2725.84,37695.0,1811.0,378.0,21034.28,False,False,False,0,False,False,False,11.614732192159028
SS_2025,Summer Sale,Seasonal Sale,Young Adults,email,2025-06-27,3620.73,28195.0,1130.0,174.0,9725.95,False,False,False,0,False,False,False,8.607035398230089
AAR_2025,Anti-Aging Routine,Product Education,Young Adults,email,2025-02-17,4405.94,15417.0,1335.0,942.0,63080.91,False,False,False,0,False,False,False,47.25161797752809
TSF_2025,TikTok Skin Fails,Trend Counter,Young Adults,youtube,2025-03-18,4767.19,285179.0,78489.5,480.0,18044.45,False,False,False,1,True,True,False,0.22989635556348303
PL_2025,Product Launch,Product Launch,Adults,youtube,2025-03-18,6199.91,248704.0,13522.0,624.0,62274.16,False,False,False,0,False,False,False,4.605395651530839
TSF_2025,TikTok Skin Fails,Trend Counter,Young Adults,tiktok,2025-04-08,22485.13,1828648.0,0.0,0.0,0.0,False,False,False,0,False,False,False,0.7661460982148245
AAR_2025,Anti-Aging Routine,Product Education,Young Adults,email,2025-03-03,4381.11,18872.0,1124.0,255.0,19527.92,False,True,False,0,False,False,False,17.37359430604982
SS_2025,Summer Sale,Seasonal Sale,Gen Z,instagram,2025-07-07,5684.18,129022.0,6447.0,731.0,27167.98,False,False,False,0,False,False,False,4.214049945711183
SS_2025,Summer Sale,Seasonal Sale,Adults,facebook,2025-07-10,3146.38,30698.0,2296.0,526.0,37608.82,False,False,False,0,False,False,False,16.380148083623695
BF_2025,Black Friday,Seasonal Sale,Young Adults,tiktok,2025-11-20,34142.28,728549.0,48595.0,6100.0,462623.56,False,False,False,0,False,False,False,9.519982714271016
SS_2025,Summer Sale,Seasonal Sale,Young Adults,instagram,2025-05-30,1799.41,20088.0,861.0,58.0,3259.76,False,False,False,0,False,False,False,3.7860162601626017
SS_2025,Summer Sale,Seasonal Sale,Young Adults,facebook,2025-07-14,4661.69,42534.0,2177.0,201.0,7380.05,False,False,False,0,False,False,False,3.390009186954525
AAR_2025,Anti-Aging Routine, Product Education,Young Adults,youtube,2025-03-21,3202.03,35743.0,771.0,230.0,17574.75,False,False,False,0,False,False,False,22.794747081712064
DBB_2025,Don't Burn for Beauty,Social Impact,Gen Z,instagram,2025-06-21,3184.42,93238.0,6465.0,79.0,2328.29,False,False,False,0,False,False,False,0.36013766434648103
NF_2025,Nature First,Brand Image,Parents,facebook,2025-06-03,6882.22,101899.0,4569.0,47.0,3710.86,False,False,False,0,False,False,False,0.8121820967388925
SCA_2025,Skin Cancer Awareness,Educational Awareness,Seniors,youtube,2025-05-19,7484.14,361769.0,15827.0,302.0,9326.53,False,False,False,0,False,False,False,0.5892797118847539
AAR_2025,Anti-Aging Routine,Product Education,Adults,youtube,2025-02-01,6542.86,78778.0,2652.0,730.0,68519.47,False,False,False,0,False,False,False,25.83690422322775
NF_2025,Nature First,Brand Image,Young Adults,youtube,2025-03-09,9747.28,303844.0,7802.0,215.0,11136.36,False,False,False,0,False,False,False,1.4273724685977955
PL_2025,Product Launch,Product Launch,Adults,instagram,2025-01-17,6602.45,104233.0,4187.0,112.0,8479.96,False,False,False,0,False,False,False,2.0253069023166943
AAR_2025,Anti-Aging Routine,Product Education,Young Adults,youtube,2025-03-02,3913.49,58254.0,1824.5,404.0,25683.32,False,False,False,1,True,True,False,14.076908742121129
AAR_2025,Anti-Aging Routine,Product Education,Adults,linkedin,2025-04-24,4185.82,25972.0,487.0,139.0,8787.72,False,False,False,1,True,True,False,18.04459958932238
SS_2025,Summer Sale,Seasonal Sale,Young Adults,email,2025-07-21,3704.95,52654.0,2538.0,486.0,30598.45,False,False,False,0,False,False,False,12.056126871552404
DBB_2025,Don't Burn for Beauty,Social Impact,Young Adults,youtube,2025-08-09,11406.2,1817203.0,95553.0,8465.0,374108.27,False,False,False,0,False,False,False,3.9151912551149626
AAR_2025,Anti-Aging Routine,Product Education,Seniors,email,2025-02-08,2903.43,6100.0,205.0,84.0,10913.32,False,False,False,0,False,False,False,53.23570731707317
SCA_2025,Skin Cancer Awareness,Educational Awareness,Adults,facebook,2025-05-22,9262.7,492255.0,15576.0,364.0,10011.04,False,False,False,0,False,False,False,0.6427221366204418
TSF_2025,TikTok Skin Fails,Trend Counter,Young Adults,youtube,2025-03-21,11747.91,1721707.0,78735.0,2448.0,41883.99,False,False,False,0,False,False,False,0.5319615164793293
NF_2025,Nature First,Brand Image,Young Adults,instagram,2025-03-17,2922.79,40325.0,953.0,44.0,3732.26,False,False,False,0,False,False,False,3.9163273871983213
SS_2025,Summer Sale,Seasonal Sale,Young Adults,facebook,2025-07-15,4661.4,75023.0,3730.0,185.0,6671.68,False,False,False,0,False,False,False,1.7886541554959787
TSF_2025,TikTok Skin Fails,Trend Counter,Young Adults,instagram,2025-03-22,12304.82,283606.0,26375.0,1449.0,50227.28,False,False,False,0,False,False,False,1.9043518483412323
AAR_2025,Anti-Aging Routine,Product Education,Young Adults,facebook,2025-05-27,3804.92,23611.0,1273.0,179.0,10194.27,False,False,False,0,False,False,False,8.008067556952081
PL_2025,Product Launch,Product Launch,Young Adults,facebook,2025-01-27,7139.24,110672.0,9240.0,88.0,8437.0,False,False,False,1,True,True,False,0.9130952380952381
SCA_2025,Skin Cancer Awareness,Educational Awareness,Adults,facebook,2025-05-08,19642.64,613493.0,9971.0,155.0,6407.0,False,False,False,0,False,False,True,0.6426069075874439
SS_2025,Summer Sale,Seasonal Sale,Adults,linkedin,2025-05-20,5098.34,58240.0,2925.0,739.0,56940.97,False,True,False,0,False,False,False,19.46699829059829
NF_2025,Nature First,Brand Image,Parents,facebook,2025-05-17,6133.07,51901.0,2662.0,139.0,11980.1,True,False,False,0,False,False,False,4.500413223140496
AAR_2025,Anti-Aging Routine,Product Education,Young Adults,youtube,2025-05-17,4211.63,81802.0,1824.5,411.0,34183.1,False,False,False,1,True,True,False,18.73559879419019
NF_2025,Nature First,Brand Image,Gen Z,tiktok,2025-03-20,6299.35,398008.0,7218.0,140.0,8172.3,False,False,False,0,False,False,False,1.1322111388196177
SS_2025,Summer Sale, Seasonal Sale,Young Adults,facebook,2025-06-05,2427.26,36016.0,752.0,34.0,2082.38,False,False,False,0,False,False,False,2.769122340425532
DBB_2025,Don't Burn for Beauty,Social Impact,Gen Z,instagram,2025-07-01,17390.85,949949.0,49398.0,3238.0,80526.49,False,False,False,0,False,False,False,1.6301568889428724
PL_2025,Product Launch,Product Launch,Seniors,facebook,2025-02-17,10323.61,129627.0,4538.0,225.0,28917.14,False,False,False,0,False,False,False,6.372221242838255
AAR_2025,Anti-Aging Routine,Product Education,Young Adults,youtube,2025-05-09,5506.78,76621.0,3112.0,180.0,10925.3,False,False,False,0,False,False,False,3.5107005141388172
PL_2025,Product Launch,Product Launch,Adults,email,2025-03-12,19216.88,191618.0,15459.0,2616.0,268070.19,False,False,False,0,False,False,False,17.340719968950125
NF_2025,Nature First,Brand Image,Gen Z,youtube,2025-06-01,6108.15,150632.0,2410.0,49.0,3030.15,False,True,False,0,False,False,False,1.257323651452282
AAR_2025,Anti-Aging Routine,Product Education,Young Adults,facebook,2025-04-24,4897.03,44326.0,1128.0,126.0,12395.56,False,False,False,0,False,False,False,10.988971631205674
DBB_2025,Don't Burn for Beauty,Social Impact,Adults,linkedin,2025-08-11,2751.09,56039.0,2314.0,80.0,2697.47,False,False,False,0,False,False,False,1.1657173725151253
SCA_2025,Skin Cancer Awareness,Educational Awareness,Adults,youtube,2025-05-22,13130.98,800878.0,33190.0,1100.0,36967.52,False,False,False,0,False,False,False,1.1138150045194335
TSF_2025,TikTok Skin Fails,Trend Counter,Young Adults,tiktok,2025-04-01,53458.87,7473388.0,2590774.0,37991.0,1984911.0,False,False,False,0,False,False,True,0.7661460982148245
AAR_2025,Anti-Aging Routine,Product Education,Young Adults,email,2025-05-13,4672.51,11902.0,1141.0,317.0,17974.44,False,False,False,0,False,False,False,15.753234005258545
DBB_2025,Don't Burn for Beauty,Social Impact,Young Adults,tiktok,2025-07-19,12935.75,1076425.0,247038.0,4113.0,149212.32,False,False,False,0,False,False,False,0.6040055376095985
NF_2025,Nature First,Brand Image,Gen Z,youtube,2025-04-14,5442.34,159213.0,10858.0,133.0,10942.08,False,False,False,0,False,False,False,1.0077435991895376
AAR_2025,Anti-Aging Routine,Product Education,Adults,youtube,2025-06-01,4372.29,49288.0,2136.0,896.0,92899.32,False,False,False,0,False,False,False,43.49219101123596
PL_2025,Product Launch,Product Launch,Young Adults,facebook,2025-02-21,12150.16,332573.0,21460.0,1081.0,69064.47,False,False,False,0,False,False,False,3.21828844361603
SCA_2025,Skin Cancer Awareness,Educational Awareness,Young Adults,instagram,2025-05-26,22420.85,1050841.0,9818.0,79.0,2242.9,False,False,False,0,False,False,False,0.22844774903238949
SS_2025,Summer Sale,Seasonal Sale,Parents,instagram,2025-06-14,6236.35,45524.0,4421.0,1046.0,44329.22,False,False,False,0,False,False,False,10.026966749604162
SS_2025,Summer Sale,Seasonal Sale,Parents,facebook,2025-06-26,4180.26,26286.0,1633.0,141.0,8845.88,False,False,False,0,False,False,False,5.416950398040416
HP_2025,Holiday Prep,Seasonal Education,Parents,instagram,2025-11-08,4204.6,39657.0,1624.0,1252.0,82754.97,False,False,False,0,False,False,False,50.957493842364535
AAR_2025,Anti-Aging Routine,Product Education,Young Adults,facebook,2025-03-07,6004.33,77524.0,1241.0,181.0,15425.62,False,False,False,0,False,False,False,12.429991941982273
NF_2025,Nature First, Brand Image,Parents,instagram,2025-04-09,5073.12,28588.0,1241.0,13.0,1087.18,False,False,False,0,False,False,False,0.8760515713134569
DBB_2025,Don't Burn for Beauty,Social Impact,Young Adults,facebook,2025-07-24,8488.32,191731.0,12654.0,556.0,24027.64,False,False,False,0,False,False,False,1.8988177651335545
AAR_2025,Anti-Aging Routine,Product Education,Young Adults,facebook,2025-01-20,3974.8,43964.0,917.0,165.0,17743.47,False,False,False,0,False,False,False,19.349476553980374
SS_2025,Summer Sale,Seasonal Sale,Young Adults,facebook,2025-05-29,13764.7,308020.0,20445.0,2596.0,152406.36,False,False,False,0,False,False,False,7.454456346294937
PL_2025,Product Launch,Product Launch,Young Adults,tiktok,2025-01-24,9282.36,193584.0,5566.0,101.0,9255.8,False,False,False,0,False,False,False,1.6629177146963707
SCA_2025,Skin Cancer Awareness,Educational Awareness,Adults,youtube,2025-05-20,16439.61,435863.0,4310.0,27.0,1174.47,False,False,False,0,False,False,False,0.2724988399071926
AAR_2025,Anti-Aging Routine,Product Education,Adults,email,2025-05-05,5727.9,23004.0,1267.0,624.0,45412.21,False,False,False,0,False,False,False,35.84231254932912
NF_2025,Nature First,Brand Image,Young Adults,youtube,2025-02-17,4146.2,66288.0,1655.0,20.0,1477.08,False,False,False,0,False,False,False,0.8924954682779456
SCA_2025,Skin Cancer Awareness,Educational Awareness,Young Adults,tiktok,2025-05-17,11006.51,2253926.0,74229.0,435.0,16247.14,False,False,False,0,False,False,False,0.21887860539681256
AAR_2025,Anti-Aging Routine,Product Education,Young Adults,instagram,2025-05-24,4121.79,39908.5,1036.0,71.0,5266.59,True,False,False,0,False,False,False,5.083581081081081
TSF_2025,TikTok Skin Fails,Trend Counter,Gen Z,instagram,2025-04-29,6899.28,546905.0,11177.0,390.0,5233.3,False,False,False,0,False,False,False,0.4682204527153977
PL_2025,Product Launch,Product Launch,Adults,instagram,2025-03-26,23170.63,335576.0,23129.0,1637.0,179847.58,False,False,False,0,False,False,False,7.775847637165462
SCA_2025,Skin Cancer Awareness,Educational Awareness,Adults,youtube,2025-05-02,16488.16,1523009.0,0.0,0.0,0.0,False,False,False,0,False,False,False,0.4939690590920619
AAR_2025,Anti-Aging Routine,Product Education,Young Adults,youtube,2025-05-13,5231.3,129344.0,5247.0,326.0,17059.64,False,False,False,0,False,False,False,3.251313131313131
AAR_2025,Anti-Aging Routine,Product Education,Young Adults,email,2025-03-15,3933.51,20398.0,1431.0,864.0,60844.49,False,False,False,0,False,False,False,42.5188609364081
NF_2025,Nature First,Brand Image,Gen Z,instagram,2025-04-28,6035.54,156783.0,5526.0,121.0,9475.32,False,False,False,0,False,False,False,1.7146796959826276
SS_2025,Summer Sale,Seasonal Sale,Gen Z,youtube,2025-06-30,7916.5,200493.0,2427.0,560.0,21475.24,True,False,False,0,False,False,False,8.848471363823652
SCA_2025,Skin Cancer Awareness,Educational Awareness,Seniors,facebook,2025-05-30,7004.62,111770.0,1564.0,31.0,1517.96,False,False,False,0,False,False,False,0.9705626598465473
AAR_2025,Anti-Aging Routine,Product Education,Adults,youtube,2025-03-29,3658.03,38872.0,793.0,107.0,7329.88,False,False,False,0,False,False,False,9.243228247162673
AAR_2025,Anti-Aging Routine,Product Education,Seniors,facebook,2025-02-07,6276.62,46150.0,2745.0,899.0,77125.25,False,False,False,0,False,False,False,28.096630236794173
TSF_2025,TikTok Skin Fails,Trend Counter,Young Adults,instagram,2025-04-19,2778.32,134082.0,7951.0,259.0,11994.91,False,False,False,0,False,False,False,1.5086039491887813
AAR_2025,Anti-Aging Routine,Product Education,Seniors,facebook,2025-05-11,4353.26,18755.0,919.0,265.0,31243.57,False,True,False,0,False,False,False,33.997355821545156
BF_2025,Black Friday,Seasonal Sale,Adults,facebook,2025-12-01,32173.64,523707.0,15145.0,764.0,46152.78,False,False,False,0,False,False,False,3.0473938593595244
AAR_2025,Anti-Aging Routine,Product Education,Young Adults,instagram,2025-04-07,8433.55,76242.0,1533.0,179.0,43647.65,False,False,False,0,False,False,False,28.47204827136334
AAR_2025,Anti-Aging Routine,Product Education,Young Adults,email,2025-04-05,4941.46,29217.0,2029.0,881.0,76866.56,False,False,False,0,False,False,False,37.88396254312469
AAR_2025,Anti-Aging Routine,Product Education,Young Adults,youtube,2025-01-26,3832.23,32917.0,1707.0,435.0,41630.74,False,False,False,0,False,False,False,24.388248388986526
SS_2025,Summer Sale,Seasonal Sale,Adults,facebook,2025-05-20,3617.77,40270.0,2242.0,387.0,16276.16,False,False,False,0,False,False,False,7.259661016949153
PL_2025,Product Launch,Product Launch,Adults,youtube,2025-02-09,10785.21,131471.0,8774.0,268.0,18776.5,False,False,False,0,False,False,False,2.1400159562343286
NF_2025,Nature First,Brand Image,Young Adults,youtube,2025-04-25,6032.18,134097.0,5093.0,158.0,13558.97,False,False,False,0,False,False,False,2.662275672491655
PL_2025,Product Launch,Product Launch,Seniors,email,2025-02-20,13241.29,50477.0,5616.0,739.0,79028.21,False,False,False,0,False,False,False,14.071974715099715
TSF_2025,TikTok Skin Fails,Trend Counter,Young Adults,facebook,2025-05-20,88053.31,7040662.0,685795.0,86455.0,5148806.88,False,False,False,0,False,False,False,7.507792970202465
TSF_2025,TikTok Skin Fails,Trend Counter,Young Adults,youtube,2025-04-25,31903.91,2981477.0,314088.0,30540.0,1134526.19,False,False,False,0,False,False,False,3.6121284162400347
SCA_2025,Skin Cancer Awareness,Educational Awareness,Young Adults,youtube,2025-05-14,17001.25,1238562.0,42487.0,437.0,13925.7,False,False,False,0,False,False,False,0.32776378657000965
NF_2025,Nature First,Brand Image,Parents,facebook,2025-05-31,6696.63,36830.0,1605.0,53.0,4395.55,False,False,False,0,False,False,False,2.7386604361370717
AAR_2025,Anti-Aging Routine,Product Education,Young Adults,instagram,2025-05-20,4961.13,45147.0,2095.0,588.0,31033.28,False,False,False,0,False,False,False,14.813021479713603
SS_2025,Summer Sale,Seasonal Sale,Adults,email,2025-06-08,3632.15,9526.0,557.0,600.0,3031.01,False,False,True,0,False,False,False,5.4416696588868945
AAR_2025,Anti-Aging Routine,Product Education,Seniors,email,2025-01-23,2492.56,7158.0,0.0,0.0,0.0,False,False,False,0,False,False,False,36.645781081712364
TSF_2025,TikTok Skin Fails,Trend Counter,Young Adults,facebook,2025-05-28,113736.03,7966569.0,518967.0,12672.0,613899.33,False,False,False,0,False,False,False,1.1829255617409198
DBB_2025,Don't Burn for Beauty,Social Impact,Young Adults,facebook,2025-08-08,9974.35,190990.0,8591.0,246.0,6479.26,False,False,False,0,False,False,False,0.7541915958561285
HP_2025,Holiday Prep,Seasonal Education,Adults,email,2025-11-17,5219.38,11086.0,421.0,107.0,5733.45,False,False,False,0,False,False,False,13.618646080760094
PL_2025,Product Launch,Product Launch,Young Adults,instagram,2025-02-04,10626.77,346558.0,12631.0,284.0,29872.79,False,False,False,0,False,False,False,2.36503760589027
SS_2025,Summer Sale,Seasonal Sale,Gen Z,youtube,2025-05-27,6107.48,198843.0,7968.0,610.0,34165.97,False,False,False,0,False,False,False,4.287897841365462
HP_2025,Holiday Prep,Seasonal Education,Parents,email,2025-11-14,6112.96,17707.0,3279.0,1510.0,144297.93,False,False,False,0,False,False,False,44.006688014638605
NF_2025,Nature First,Brand Image,Parents,email,2025-04-02,4382.28,15230.0,716.0,18.0,1650.42,False,False,False,0,False,False,False,2.305055865921788
SS_2025,Summer Sale,Seasonal Sale,Parents,instagram,2025-05-26,8180.13,114030.0,9296.0,1016.0,47492.73,False,False,False,0,False,False,False,5.108942555938039
NF_2025,Nature First,Brand Image,Parents,email,2025-05-14,4777.66,11128.0,345.0,41.0,2297.37,False,False,False,0,False,False,False,6.65904347826087
AAR_2025,Anti-Aging Routine,Product Education,Young Adults,email,2025-05-07,6226.83,27031.0,835.0,680.0,48234.06,False,False,False,0,False,False,False,57.76534131736527
NF_2025,Nature First,Brand Image,Gen Z,instagram,2025-05-06,6292.74,123366.0,2564.0,62.0,4363.95,False,False,False,0,False,False,False,1.7020085803432137
NF_2025,Nature First,Brand Image,Parents,instagram,2025-03-26,3272.94,47650.0,3063.0,119.0,11333.51,False,False,False,0,False,False,False,3.700133855697029
DBB_2025,Don't Burn for Beauty,Social Impact,Young Adults,instagram,2025-07-21,9189.92,598256.0,35236.0,342.0,10983.87,False,False,False,0,False,False,False,0.31172295379725284
HP_2025,Holiday Prep, Seasonal Education,Parents,instagram,2025-11-07,3535.29,35907.0,2362.0,467.0,39076.2,False,False,False,0,False,False,False,16.543691786621505
TSF_2025,TikTok Skin Fails,Trend Counter,Gen Z,youtube,2025-03-13,5383.72,753851.0,16881.0,1102.0,61058.22,False,False,False,0,False,False,False,3.6169788519637462
SS_2025,Summer Sale,Seasonal Sale,Parents,email,2025-05-30,6374.38,43103.0,4389.0,1854.0,83327.27,False,False,False,0,False,False,False,18.985479608111188
DBB_2025,Don't Burn for Beauty,Social Impact,Adults,linkedin,2025-07-12,4694.17,106183.0,2616.0,184.0,8087.29,False,False,False,0,False,False,False,3.0914717125382265
PL_2025,Product Launch,Product Launch,Adults,email,2025-02-08,9347.17,80532.0,9679.0,1788.0,170459.3,False,False,False,0,False,False,False,17.611251162310154
SS_2025,Summer Sale,Seasonal Sale,Adults,linkedin,2025-06-16,9674.39,149220.0,11664.0,2531.0,121985.16,False,False,False,0,False,False,False,10.458261316872429
SS_2025,Summer Sale,Seasonal Sale,Parents,instagram,2025-07-19,6413.17,101614.0,7044.0,1062.0,63114.78,False,False,False,0,False,False,False,8.960076660988074
TSF_2025,TikTok Skin Fails,Trend Counter,Gen Z,tiktok,2025-05-06,1659.74,165188.0,13530.0,358.0,17290.84,False,False,False,0,False,False,False,1.2779630450849964
BF_2025,Black Friday,Seasonal Sale,Seniors,email,2025-11-28,8140.83,77083.0,1596.0,1028.0,93538.44,True,False,False,0,False,False,False,58.60804511278196
AAR_2025,Anti-Aging Routine,Product Education,Seniors,email,2025-05-03,3157.14,8097.0,556.0,198.0,26207.18,False,False,False,0,False,False,False,47.13521582733813
SS_2025,Summer Sale,Seasonal Sale,Young Adults,facebook,2025-06-15,5357.76,40141.0,2851.0,321.0,12702.91,False,False,False,0,False,False,False,4.45559803577692
DBB_2025,Don't Burn for Beauty,Social Impact,Gen Z,tiktok,2025-08-05,19276.01,1553758.0,59157.0,538.0,10192.47,False,False,False,0,False,False,False,0.17229524823774023
TSF_2025,TikTok Skin Fails,Trend Counter,Young Adults,tiktok,2025-05-08,4066.33,711627.0,35369.0,958.0,59213.0,False,False,False,0,False,False,False,1.6741496790975148
DBB_2025,Don't Burn for Beauty,Social Impact,Young Adults,youtube,2025-08-01,8636.7,178738.0,16712.0,561.0,19154.1,False,False,False,0,False,False,False,1.1461285303973192
AAR_2025,Anti-Aging Routine,Product Education,Seniors,facebook,2025-02-02,3284.08,24701.0,1357.0,622.0,80206.47,False,False,False,0,False,False,False,59.10572586588062
AAR_2025,Anti-Aging Routine,Product Education,Adults,youtube,2025-05-17,4931.8,68986.0,3077.0,356.0,35167.96,False,False,False,0,False,False,False,11.429301267468313
AAR_2025,Anti-Aging Routine,Product Education,Seniors,email,2025-06-03,3723.67,10741.0,416.0,125.0,19214.15,False,False,False,0,False,False,False,46.18786057692308
SS_2025,Summer Sale,Seasonal Sale,Young Adults,instagram,2025-07-16,3544.81,50891.0,1288.0,184.0,7104.0,False,False,False,0,False,False,True,5.515245255411358
PL_2025,Product Launch,Product Launch,Seniors,linkedin,2025-01-28,8054.21,60332.0,4319.0,251.0,21545.2,False,False,False,0,False,False,False,4.988469553137301
AAR_2025,Anti-Aging Routine,Product Education,Adults,facebook,2025-03-25,4262.55,43341.0,1850.0,402.0,218070.93,False,False,False,0,False,False,False,117.87617837837837
SS_2025,Summer Sale,Seasonal Sale,Gen Z,tiktok,2025-07-16,10543.8,290626.0,9856.0,554.0,27719.42,False,False,False,0,False,False,False,2.8124411525974025
NF_2025,Nature First,Brand Image,Young Adults,youtube,2025-03-12,4878.01,58927.0,2852.0,95.0,4655.59,False,False,False,0,False,False,False,1.6323948106591866
SS_2025,Summer Sale,Seasonal Sale,Young Adults,youtube,2025-07-10,4444.48,384616.0,15273.0,2142.0,135694.64,False,False,False,0,False,False,False,8.88460944149807
AAR_2025,Anti-Aging Routine,Product Education,Young Adults,facebook,2025-03-24,6494.6,56439.0,1513.0,194.0,13498.99,False,False,False,0,False,False,False,8.92200264375413
NF_2025,Nature First,Brand Image,Gen Z,youtube,2025-04-03,3780.07,80742.0,4484.0,114.0,6779.29,False,False,False,0,False,False,False,1.5118844781445138
AAR_2025,Anti-Aging Routine,Product Education,Young Adults,email,2025-05-15,6945.49,35266.0,1898.0,523.0,49218.13,False,False,False,0,False,False,False,25.931575342465752
BF_2025,Black Friday,Seasonal Sale,Young Adults,tiktok,2025-11-23,85769.51,3190851.0,106685.0,20828.0,1644799.62,False,False,False,0,False,False,False,15.417346581056382
AAR_2025,Anti-Aging Routine,Product Education,Adults,email,2025-01-26,4619.37,7739.0,291.0,195.0,16071.59,False,False,False,0,False,False,False,55.22883161512028
AAR_2025,Anti-Aging Routine,Product Education,Adults,youtube,2025-04-10,6632.13,44438.0,1316.0,203.0,25576.63,False,False,False,0,False,False,False,19.43512917933131
TSF_2025,TikTok Skin Fails,Trend Counter,Young Adults,instagram,2025-05-08,8147.31,652741.0,59815.0,4498.0,123531.86,False,False,False,0,False,False,False,2.065232132408259
HP_2025,Holiday Prep,Seasonal Education,Seniors,email,2025-11-06,3315.67,13278.0,1163.0,640.0,73242.02,False,False,False,0,False,False,False,62.976801375752366
SS_2025,Summer Sale,Seasonal Sale,Adults,linkedin,2025-06-19,6103.56,53499.0,1602.0,132.0,7809.47,False,False,False,0,False,False,False,4.874825218476904
NF_2025,Nature First,Brand Image,Gen Z,tiktok,2025-03-07,6741.52,116742.0,8054.0,84.0,4058.95,False,False,False,0,False,False,False,0.5039669729327042
SCA_2025,Skin Cancer Awareness,Educational Awareness,Seniors,youtube,2025-05-12,12214.97,910160.0,23914.0,862.0,21865.41,False,False,False,0,False,False,False,0.9143351175043908
AAR_2025,Anti-Aging Routine,Product Education,Young Adults,email,2025-03-30,5637.42,10463.0,754.0,229.0,27631.0,False,False,False,0,False,False,True,36.645781081712364
DBB_2025,Don't Burn for Beauty,Social Impact,Young Adults,facebook,2025-08-11,6523.23,222565.0,15328.0,723.0,57410.86,False,False,False,0,False,False,False,3.745489300626305
AAR_2025,Anti-Aging Routine,Product Education,Seniors,email,2025-04-18,3056.36,3536.0,133.0,85.0,10262.46,False,False,False,0,False,False,False,77.16135338345865
HP_2025,Holiday Prep,Seasonal Education,Parents,facebook,2025-10-27,5358.3,35758.0,1636.0,310.0,32358.0,False,False,False,0,False,False,True,19.778427752554908
DBB_2025,Don't Burn for Beauty,Social Impact,Young Adults,tiktok,2025-07-09,9510.66,574222.0,47821.0,686.0,23906.28,False,False,False,0,False,False,False,0.49991175425022477
NF_2025,Nature First,Brand Image,Parents,email,2025-04-20,4123.98,27712.0,1218.5,162.0,13133.05,False,False,False,1,True,True,False,10.778046778826425
BF_2025,Black Friday,Seasonal Sale,Young Adults,facebook,2025-11-20,17887.28,209086.0,10479.0,2976.0,141498.09,False,False,False,0,False,False,False,13.50301460062983
SS_2025,Summer Sale,Seasonal Sale,Young Adults,instagram,2025-05-17,5884.53,186961.0,8173.0,668.0,42341.0,False,False,False,0,False,False,False,5.180594640890738
SS_2025,Summer Sale,Seasonal Sale,Adults,facebook,2025-06-11,6692.56,41887.0,1630.0,171.0,7447.11,False,False,False,0,False,False,False,4.568779141104295
SS_2025,Summer Sale,Seasonal Sale,Parents,email,2025-05-24,4315.48,23181.0,1430.0,419.0,29483.72,False,False,False,0,False,False,False,20.617986013986016
HP_2025,Holiday Prep,Seasonal Education,Parents,email,2025-11-24,3896.98,13568.0,700.0,178.0,14155.1,False,False,False,0,False,False,False,20.22157142857143
AAR_2025,Anti-Aging Routine,Product Education,Seniors,email,2025-01-20,3290.23,9168.0,163.0,127.0,5973.0,False,False,False,0,False,False,True,36.645781081712364
TSF_2025,TikTok Skin Fails,Trend Counter,Gen Z,youtube,2025-03-14,126998.91,13954650.0,669556.0,41017.0,860862.26,False,False,False,0,False,False,False,1.28572107486155
SS_2025,Summer Sale,Seasonal Sale,Young Adults,email,2025-06-15,10243.08,147697.0,12718.0,3209.0,202841.61,False,False,False,0,False,False,False,15.949175184777479
TSF_2025,TikTok Skin Fails,Trend Counter,Young Adults,tiktok,2025-05-13,7904.75,518331.0,84921.0,5358.0,94812.28,False,False,False,0,False,False,False,1.1164762544011493
AAR_2025,Anti-Aging Routine,Product Education,Adults,email,2025-02-26,3393.93,17331.0,1477.0,346.0,29090.69,False,False,False,0,False,False,False,19.695795531482734
TSF_2025,TikTok Skin Fails,Trend Counter,Gen Z,instagram,2025-04-16,44182.18,2658887.0,496625.0,12361.0,334348.99,False,False,False,0,False,False,False,0.6732423659702995
SCA_2025,Skin Cancer Awareness,Educational Awareness,Adults,linkedin,2025-05-29,13558.37,385297.0,7313.0,191.0,7537.39,False,False,False,0,False,False,False,1.03068371393409
BF_2025,Black Friday,Seasonal Sale,Young Adults,tiktok,2025-11-27,102554.24,3264858.0,298085.0,37427.0,2846583.43,False,False,False,0,False,False,False,9.549569518761428
SCA_2025,Skin Cancer Awareness,Educational Awareness,Young Adults,instagram,2025-05-03,4797.07,228099.0,12753.5,63.0,2237.36,False,False,False,1,True,True,False,0.1754310581409025
PL_2025,Product Launch,Product Launch,Young Adults,facebook,2025-03-25,18932.48,658021.0,40301.0,1729.0,120538.89,False,False,False,0,False,False,False,2.9909652365946253
TSF_2025,TikTok Skin Fails,Trend Counter,Young Adults,youtube,2025-05-29,11819.98,1740461.0,43274.0,1189.0,24910.8,False,False,False,0,False,False,False,0.5756528169339558
AAR_2025,Anti-Aging Routine,Product Education,Adults,youtube,2025-04-16,3087.42,26540.0,1053.0,214.0,27100.8,False,False,False,0,False,False,False,25.736752136752138
AAR_2025,Anti-Aging Routine,Product Education,Seniors,email,2025-05-17,6559.59,20718.0,670.0,224.0,21902.32,False,False,False,0,False,False,False,32.69002985074627
AAR_2025,Anti-Aging Routine,Product Education,Young Adults,youtube,2025-02-05,4143.99,62353.0,0.0,0.0,0.0,False,False,False,0,False,False,False,14.135952140908914
TSF_2025,TikTok Skin Fails,Trend Counter,Young Adults,instagram,2025-05-01,99175.08,2651142.0,167467.0,9715.0,465853.77,False,False,False,0,False,False,False,2.7817645864558393
AAR_2025,Anti-Aging Routine,Product Education,Seniors,email,2025-04-14,2293.61,12113.0,826.0,258.0,20248.18,False,False,False,0,False,False,False,24.513535108958838
DBB_2025,Don't Burn for Beauty,Social Impact,Gen Z,tiktok,2025-07-16,6791.29,1167352.0,164489.0,5636.0,129358.83,False,False,False,0,False,False,False,0.7864284541823465
SS_2025,Summer Sale,Seasonal Sale,Gen Z,instagram,2025-05-17,8437.18,197128.0,6808.0,1516.0,62232.61,False,False,False,0,False,False,False,9.14110017626322
PL_2025,Product Launch,Product Launch,Seniors,email,2025-01-21,11196.51,54354.0,2246.0,876.0,87855.88,False,False,False,0,False,False,False,39.11659839715049
NF_2025,Nature First,Brand Image,Gen Z,tiktok,2025-03-19,5417.19,175698.0,6324.0,85.0,7193.64,False,False,False,0,False,False,False,1.1375142314990512
SS_2025,Summer Sale,Seasonal Sale,Young Adults,email,2025-06-26,2262.69,11380.0,561.0,214.0,13410.07,False,False,False,0,False,False,False,23.90386809269162
DBB_2025,Don't Burn for Beauty,Social Impact,Gen Z,youtube,2025-08-09,25973.16,1716991.0,60208.0,2213.0,47203.7,False,False,False,0,False,False,False,0.7840104305075737
TSF_2025,TikTok Skin Fails,Trend Counter,Young Adults,instagram,2025-06-03,46053.91,651315.0,115306.0,3754.0,127766.7,True,False,False,0,False,False,False,1.1080663625483496
SCA_2025,Skin Cancer Awareness,Educational Awareness,Seniors,linkedin,2025-05-14,13143.32,272105.0,6245.0,123.0,6388.8,False,False,False,0,False,False,False,1.0230264211369096
AAR_2025,Anti-Aging Routine,Product Education,Young Adults,facebook,2025-01-29,4269.91,36892.0,2093.0,705.0,53700.8,False,False,False,0,False,False,False,25.65733397037745
AAR_2025,Anti-Aging Routine,Product Education,Young Adults,email,2025-03-25,5489.51,15465.0,968.0,415.0,23896.25,False,False,False,0,False,False,False,24.68620867768595
AAR_2025,Anti-Aging Routine,Product Education,Seniors,email,2025-05-19,3546.07,9542.0,359.0,191.0,19634.44,False,False,False,0,False,False,False,54.69203342618384
PL_2025,Product Launch,Product Launch,Young Adults,instagram,2025-02-23,12812.35,229040.0,10161.0,148.0,10034.5,False,False,False,0,False,False,False,0.9875504379490208
BF_2025,Black Friday,Seasonal Sale,Adults,linkedin,2025-11-24,16413.05,91048.0,10980.0,1282.0,96131.66,False,False,False,0,False,False,False,8.75516029143898
PL_2025,Product Launch,Product Launch,Young Adults,tiktok,2025-01-23,7578.22,455909.0,42040.0,734.0,62921.99,False,False,False,0,False,False,False,1.4967171741198857
SS_2025,Summer Sale,Seasonal Sale,Adults,linkedin,2025-07-26,3494.19,12571.0,1157.0,349.0,20607.35,False,False,False,0,False,False,False,17.811019878997406
TSF_2025,TikTok Skin Fails,Trend Counter,Gen Z,tiktok,2025-05-14,15788.09,1084946.0,15013.0,206.0,11902.63,False,False,False,0,False,False,False,0.7928215546526344
TSF_2025,TikTok Skin Fails,Trend Counter,Gen Z,youtube,2025-04-04,3537.77,781984.0,80074.0,903.0,19216.68,False,False,False,0,False,False,False,0.23998651247595973
PL_2025,Product Launch,Product Launch,Adults,email,2025-02-16,6516.78,76100.0,5688.0,419.0,35002.34,False,False,False,0,False,False,False,6.153716596343178
AAR_2025,Anti-Aging Routine,Product Education,Seniors,facebook,2025-04-02,2428.62,11263.0,210.0,22.0,3850.0,False,False,False,0,False,False,True,18.332014213994107
PL_2025,Product Launch,Product Launch,Seniors,email,2025-03-12,17365.29,79532.0,7883.0,721.0,71248.35,False,False,False,0,False,False,False,9.038227832043638
AAR_2025,Anti-Aging Routine,Product Education,Seniors,email,2025-05-06,3445.76,5471.0,0.0,0.0,0.0,False,False,False,0,False,False,False,36.645781081712364
SS_2025,Summer Sale,Seasonal Sale,Parents,email,2025-07-05,3895.01,34852.0,2188.0,953.0,49121.15,False,False,False,0,False,False,False,22.450251371115176
AAR_2025,Anti-Aging Routine,Product Education,Adults,facebook,2025-04-25,4964.44,70154.0,2209.0,557.0,40495.0,False,False,False,0,False,False,True,18.332014213994107
PL_2025,Product Launch,Product Launch,Adults,email,2025-02-26,13142.01,226185.0,17806.0,1074.0,112455.38,False,False,False,0,False,False,False,6.315589127260474
SCA_2025,Skin Cancer Awareness,Educational Awareness,Adults,linkedin,2025-05-25,10542.85,312591.0,8815.0,59.0,2279.37,False,False,False,0,False,False,False,0.25857855927396484
SS_2025,Summer Sale,Seasonal Sale,Gen Z,instagram,2025-07-08,9212.1,213157.0,19752.0,2248.0,73751.06,False,False,False,0,False,False,False,3.733852774402592
PL_2025,Product Launch,Product Launch,Young Adults,instagram,2025-03-26,21529.87,1163509.0,34174.0,1539.0,143006.07,False,False,False,0,False,False,False,4.184645344413882
AAR_2025,Anti-Aging Routine,Product Education,Seniors,email,2025-02-13,6665.93,11180.0,1060.0,536.0,51014.49,False,False,False,0,False,False,False,48.12687735849057
NF_2025,Nature First,Brand Image,Gen Z,instagram,2025-05-30,3906.58,74061.0,9029.0,292.0,19154.37,True,False,False,0,False,False,False,2.1214276221065456
TSF_2025,TikTok Skin Fails,Trend Counter,Gen Z,tiktok,2025-05-15,24548.08,3589245.0,516542.0,8697.0,399533.78,False,False,False,0,False,False,False,0.7734778198094251
TSF_2025,TikTok Skin Fails,Trend Counter,Gen Z,instagram,2025-04-12,9915.97,928941.0,52256.0,5424.0,256993.97,False,True,False,0,False,False,False,4.917980136252297
PL_2025,Product Launch, Product Launch,Seniors,linkedin,2025-02-03,17217.19,182881.0,6581.0,300.0,31933.04,False,False,False,0,False,False,False,4.852308159854125
SS_2025,Summer Sale,Seasonal Sale,Young Adults,facebook,2025-06-25,4325.66,151675.0,6107.0,1780.0,84605.17,False,False,False,0,False,False,False,13.853802194203373
SS_2025,Summer Sale,Seasonal Sale,Adults,linkedin,2025-07-11,9456.57,122337.0,6603.0,585.0,28877.35,False,False,False,0,False,False,False,4.373368165985158
NF_2025,Nature First,Brand Image,Parents,instagram,2025-05-09,4982.4,48236.0,0.0,0.0,0.0,False,False,False,0,False,False,False,1.5345451262600327
TSF_2025,TikTok Skin Fails,Trend Counter,Young Adults,facebook,2025-04-24,4875.76,891290.0,21030.0,286.0,10735.34,False,False,False,0,False,False,False,0.5104774132192107
TSF_2025,TikTok Skin Fails,Trend Counter,Young Adults,instagram,2025-06-07,2127.87,155850.0,3449.0,178.0,8063.87,False,False,False,0,False,False,False,2.338031313424181
SS_2025,Summer Sale,Seasonal Sale,Gen Z,youtube,2025-07-05,4845.31,161002.0,6131.0,168.0,9368.56,False,False,False,0,False,False,False,1.5280639373674767
DBB_2025,Don't Burn for Beauty,Social Impact,Young Adults,instagram,2025-06-25,3607.53,130152.0,7978.0,557.0,13569.26,False,False,False,0,False,False,False,1.7008347956881424
AAR_2025,Anti-Aging Routine,Product Education,Young Adults,facebook,2025-02-22,5281.02,59209.0,1982.0,367.0,28326.11,False,False,False,0,False,False,False,14.291680121089808
AAR_2025,Anti-Aging Routine,Product Education,Adults,facebook,2025-02-28,4850.25,29666.0,628.0,70.0,6363.66,False,False,False,0,False,False,False,10.133216560509554
PL_2025,Product Launch,Product Launch,Adults,youtube,2025-03-23,22588.54,460250.0,35343.0,1037.0,116130.03,False,False,False,0,False,False,False,3.2858000169764874
NF_2025,Nature First,Brand Image,Young Adults,instagram,2025-05-04,7860.65,60353.0,2854.0,115.0,9075.94,False,False,False,0,False,False,False,3.1800770847932727
SS_2025,Summer Sale,Seasonal Sale,Parents,email,2025-07-26,5968.25,60669.0,2975.0,865.0,62612.37,False,False,False,0,False,False,False,21.046174789915966
AAR_2025,Anti-Aging Routine,Product Education,Adults,email,2025-04-05,2767.02,5095.0,339.0,471.0,43479.7,False,False,False,0,False,False,False,128.25870206489674
SS_2025,Summer Sale,Seasonal Sale,Gen Z,instagram,2025-05-21,8585.97,257945.0,18994.0,2293.0,104816.64,False,False,False,0,False,False,False,5.518407918289986
DBB_2025,Don't Burn for Beauty,Social Impact,Young Adults,facebook,2025-07-21,11443.29,398327.0,15705.0,443.0,16737.06,False,False,False,0,False,False,False,1.065715377268386
DBB_2025,Don't Burn for Beauty,Social Impact,Young Adults,youtube,2025-07-17,4958.42,302240.0,35329.0,771.0,25602.53,False,False,False,0,False,False,False,0.7246887825865436
NF_2025,Nature First,Brand Image,Parents,facebook,2025-04-09,7552.38,94550.0,2758.0,90.0,7767.89,False,False,False,0,False,False,False,2.8164938361131258
NF_2025,Nature First,Brand Image,Young Adults,instagram,2025-03-12,5174.98,68110.0,2747.0,50.0,3607.72,False,False,False,0,False,False,False,1.3133309064433927
DBB_2025,Don't Burn for Beauty,Social Impact,Young Adults,facebook,2025-07-20,5706.71,122260.0,9486.0,561.0,22708.58,False,False,False,1,True,True,False,2.3939047016656128
DBB_2025,Don't Burn for Beauty,Social Impact,Young Adults,youtube,2025-08-02,5491.89,476623.0,23108.0,1550.0,36395.67,False,False,False,0,False,False,False,1.5750246667820667
BF_2025,Black Friday,Seasonal Sale,Seniors,email,2025-11-25,51048.75,106583.0,9052.0,3398.0,240358.54,False,False,False,0,False,False,False,26.55308661069377
PL_2025,Product Launch,Product Launch,Seniors,linkedin,2025-02-15,7676.43,80847.0,3738.0,259.0,19613.74,False,False,False,0,False,False,False,5.247121455323703
AAR_2025,Anti-Aging Routine,Product Education,Seniors,facebook,2025-02-11,2501.94,13667.0,407.0,89.0,9038.1,False,False,False,0,False,False,False,22.206633906633908
SS_2025,Summer Sale,Seasonal Sale,Parents,instagram,2025-07-16,3697.4,62425.0,1450.0,286.0,13844.7,False,False,False,0,False,False,False,9.548068965517242
AAR_2025,Anti-Aging Routine,Product Education,Seniors,linkedin,2025-01-24,4106.63,11716.0,277.0,89.0,11493.86,False,False,False,0,False,False,False,41.494079422382676
AAR_2025,Anti-Aging Routine,Product Education,Seniors,facebook,2025-03-28,3821.4,22427.0,0.0,0.0,0.0,False,False,False,0,False,False,False,18.332014213994107
PL_2025,Product Launch,Product Launch,Young Adults,youtube,2025-02-19,10821.3,489349.0,8253.0,428.0,37298.67,False,False,False,0,False,False,False,4.519407488186114
HP_2025,Holiday Prep,Seasonal Education,Adults,facebook,2025-10-28,3607.17,72255.0,2939.0,476.0,28747.95,False,False,False,0,False,False,False,9.781541340592039
AAR_2025,Anti-Aging Routine,Product Education,Seniors,linkedin,2025-01-12,2677.98,16599.0,719.0,82.0,11602.7,False,False,False,0,False,False,False,16.13727399165508
BF_2025,Black Friday,Seasonal Sale,Seniors,facebook,2025-11-22,9660.65,97339.0,5876.0,1482.0,108911.53,False,False,False,0,False,False,False,18.534977876106193
NF_2025,Nature First,Brand Image,Gen Z,instagram,2025-03-12,8594.37,74948.0,2322.5,146.0,11760.48,False,False,False,1,True,True,False,5.063715823466092
NF_2025,Nature First,Brand Image,Parents,email,2025-05-15,3027.38,10764.0,674.0,48.0,4129.58,False,False,False,0,False,False,False,6.126973293768546
PL_2025,Product Launch,Product Launch,Young Adults,facebook,2025-01-25,8684.21,150231.0,8541.0,325.0,22271.78,False,False,False,0,False,False,False,2.6076314248916987
TSF_2025,TikTok Skin Fails,Trend Counter,Young Adults,facebook,2025-04-20,1930.36,105227.0,3086.0,36.0,2081.12,False,False,False,0,False,False,False,0.6743745949449125
AAR_2025,Anti-Aging Routine,Product Education,Young Adults,youtube,2025-02-24,3722.21,65439.0,3005.0,673.0,60691.3,False,False,False,0,False,False,False,20.196772046589018
BF_2025,Black Friday,Seasonal Sale,Young Adults,email,2025-11-29,16410.41,176801.0,13780.0,2642.0,221894.18,False,False,False,0,False,False,False,16.102625544267053
PL_2025,Product Launch,Product Launch,Young Adults,instagram,2025-03-23,26350.31,622092.0,17058.0,549.0,38340.48,False,False,False,0,False,False,False,2.24765388673936
SCA_2025,Skin Cancer Awareness,Educational Awareness,Young Adults,tiktok,2025-06-01,7420.88,553870.0,18730.0,262.0,3590.0,False,False,False,0,False,False,True,0.19165174384994388
TSF_2025,TikTok Skin Fails,Trend Counter,Young Adults,instagram,2025-04-05,7498.75,644207.0,45139.0,2955.0,53401.53,False,False,False,0,False,False,False,1.1830463678858636
HP_2025,Holiday Prep,Seasonal Education,Parents,instagram,2025-10-27,3109.92,25137.0,879.0,308.0,33003.93,False,False,False,0,False,False,False,37.54713310580205
PL_2025,Product Launch,Product Launch,Seniors,email,2025-02-25,10904.45,41028.0,1399.0,136.0,12874.66,False,False,False,0,False,False,False,9.20275911365261
NF_2025,Nature First,Brand Image,Gen Z,tiktok,2025-05-06,6558.24,141847.0,4306.0,51.0,2426.09,False,True,False,0,False,False,False,0.56342080817464
DBB_2025,Don't Burn for Beauty,Social Impact ,Young Adults,facebook,2025-08-06,4698.96,98429.0,8484.0,267.0,7272.1,False,False,False,0,False,False,False,0.8571546440358322
NF_2025,Nature First,Brand Image,Gen Z,instagram,2025-05-14,6314.39,77298.0,3959.0,70.0,3288.38,False,False,False,0,False,False,False,0.8306087395807022
AAR_2025,Anti-Aging Routine,Product Education,Young Adults,email,2025-02-23,4604.78,26570.0,2424.0,2472.0,173661.14,False,False,False,0,False,False,False,71.64238448844885
AAR_2025,Anti-Aging Routine,Product Education,Adults,youtube,2025-01-24,2700.4,31961.0,1009.0,153.0,19191.25,False,False,False,0,False,False,False,19.020069375619425
SS_2025,Summer Sale,Seasonal Sale,Gen Z,tiktok,2025-05-17,17899.58,392613.0,6952.0,243.0,15367.36,False,False,False,0,False,False,False,2.2104948216340623
AAR_2025,Anti-Aging Routine,Product Education,Adults,facebook,2025-04-05,5186.35,22530.0,701.0,91.0,7959.85,False,False,False,0,False,False,False,11.354992867332383
AAR_2025,Anti-Aging Routine,Product Education,Young Adults,email,2025-03-01,3243.73,32805.0,2418.0,545.0,29075.81,False,False,False,0,False,False,False,12.024735318444996
DBB_2025,Don't Burn for Beauty,Social Impact,Adults,linkedin,2025-07-19,4971.65,123319.0,5668.0,195.5,5111.83,False,False,True,0,False,False,False,0.9018754410726888
PL_2025,Product Launch,Product Launch,Seniors,facebook,2025-03-09,5594.82,133931.0,11632.0,667.0,68272.97,False,False,False,0,False,False,False,5.869409387895461
SS_2025,Summer Sale,Seasonal Sale,Young Adults,email,2025-07-03,7013.73,52804.0,2570.0,697.0,35965.72,False,False,False,1,True,True,False,13.994443579766537
HP_2025,Holiday Prep,Seasonal Education,Adults,email,2025-11-25,5456.54,25492.0,1659.0,664.0,261045.5,False,False,True,0,False,False,False,157.35111512959614
SS_2025,Summer Sale,Seasonal Sale ,Young Adults,instagram,2025-05-10,10136.19,130765.0,4086.0,456.0,23512.04,False,False,False,0,False,False,False,5.75429270680372
BF_2025,Black Friday,Seasonal Sale,Adults,linkedin,2025-12-03,10531.03,163377.0,15639.0,4740.0,361492.38,False,False,False,0,False,False,False,23.114801457893726
DBB_2025,Don't Burn for Beauty,Social Impact,Adults,youtube,2025-07-28,7202.98,535125.0,20213.0,943.0,26380.01,False,False,False,0,False,False,False,1.3051011725127393
SS_2025,Summer Sale,Seasonal Sale,Parents,facebook,2025-06-05,5843.31,68466.0,4113.0,458.0,34244.47,False,False,False,0,False,False,False,8.325910527595429
AAR_2025,Anti-Aging Routine,Product Education,Young Adults,instagram,2025-04-15,3729.11,51757.0,0.0,0.0,0.0,False,False,False,0,False,False,False,10.850630763068924
BF_2025,Black Friday,Seasonal Sale,Gen Z,instagram,2025-12-01,23452.21,304466.0,18127.0,4140.0,254752.0,False,False,False,0,False,False,True,14.053758496670753
BF_2025,Black Friday,Seasonal Sale,Adults,facebook,2025-12-03,9712.17,97892.0,5699.0,1468.0,74677.2,False,False,False,0,False,False,False,13.103562028426039
AAR_2025,Anti-Aging Routine,Product Education,Adults,facebook,2025-04-03,5800.73,39816.0,897.0,108.0,11298.86,False,False,False,0,False,False,False,12.596276477146043
NF_2025,Nature First,Brand Image,Gen Z,tiktok,2025-03-05,8198.23,318906.0,7037.0,187.0,12292.42,False,False,False,0,False,False,False,1.7468267727724882
TSF_2025,TikTok Skin Fails,Trend Counter,Gen Z,instagram,2025-06-04,17364.59,1700501.0,136524.0,11147.0,449448.91,False,False,False,0,False,False,False,3.2920871788110513
AAR_2025,Anti-Aging Routine,Product Education,Seniors,linkedin,2025-06-03,4078.55,15405.0,762.0,252.0,37915.72,False,False,False,0,False,False,False,49.75816272965879
PL_2025,Product Launch,Product Launch,Young Adults,tiktok,2025-03-10,31254.19,1451457.0,0.0,0.0,0.0,False,False,False,0,False,False,False,1.2061881078691423
DBB_2025,Don't Burn for Beauty,Social Impact,Young Adults,instagram,2025-08-09,10295.17,336448.0,25243.0,920.0,25351.47,False,False,False,0,False,False,False,1.0042970328407876
SS_2025,Summer Sale,Seasonal Sale,Gen Z,tiktok,2025-05-31,3089.06,218717.0,14154.0,1294.0,82017.02,False,False,False,0,False,False,False,5.794617775893741
NF_2025,Nature First,Brand Image,Parents,facebook,2025-05-12,8528.12,95898.0,2738.0,52.0,3474.57,False,False,False,0,False,False,False,1.2690175310445582
NF_2025,Nature First,Brand Image,Gen Z,instagram,2025-03-06,5220.12,67518.0,0.0,0.0,0.0,False,False,False,0,False,False,False,1.5345451262600327
AAR_2025,Anti-Aging Routine,Product Education,Adults,youtube,2025-06-06,5561.29,75077.0,1900.0,452.0,51848.15,False,False,False,0,False,False,False,27.2885
NF_2025,Nature First,Brand Image,Young Adults,linkedin,2025-04-08,6226.48,43573.0,2660.0,208.0,10376.62,False,False,False,0,False,False,False,3.9009849624060156
AAR_2025,Anti-Aging Routine,Product Education,Adults,email,2025-01-19,6152.58,14933.0,1289.0,413.0,37398.13,False,False,False,0,False,False,False,29.013289371605893
DBB_2025,Don't Burn for Beauty,Social Impact,Young Adults,tiktok,2025-07-28,3244.55,259221.0,8325.0,158.0,4960.39,False,False,False,0,False,False,False,0.5958426426426426
DBB_2025,Don't Burn for Beauty,Social Impact,Young Adults,tiktok,2025-08-12,25220.58,747253.0,53021.0,1065.0,39221.97,False,False,False,0,False,False,False,0.7397440636728844
DBB_2025,Don't Burn for Beauty,Social Impact,Gen Z,youtube,2025-08-01,2000.52,184669.0,0.0,0.0,0.0,False,False,False,0,False,False,False,1.2543555413413905
AAR_2025,Anti-Aging Routine,Product Education,Young Adults,youtube,2025-01-21,4228.62,51209.0,3029.0,766.0,80054.81,False,False,False,0,False,False,False,26.42945196434467
SCA_2025,Skin Cancer Awareness,Educational Awareness,Seniors,linkedin,2025-05-10,7965.01,266486.0,10555.0,64.0,3008.22,False,False,False,0,False,False,False,0.28500426338228324
BF_2025,Black Friday,Seasonal Sale,Gen Z,tiktok,2025-11-26,17569.49,907379.0,62142.0,16534.0,842848.55,False,False,False,0,False,False,False,13.56326719449004
PL_2025,Product Launch,Product Launch,Seniors,facebook,2025-01-29,16118.5,142890.0,4342.0,230.0,18552.41,False,False,False,0,False,False,False,4.272779824965454
SS_2025,Summer Sale,Seasonal Sale,Young Adults,youtube,2025-06-29,4093.98,102835.0,3191.0,280.0,14299.95,False,False,False,0,False,False,False,4.481338138514572
TSF_2025,TikTok Skin Fails,Trend Counter,Gen Z,tiktok,2025-04-25,21606.93,2386495.0,112074.0,2373.0,73249.16,False,False,False,0,False,False,False,0.6535785284722594
DBB_2025,Don't Burn for Beauty,Social Impact,Young Adults,youtube,2025-08-03,3368.92,323661.0,22551.0,638.0,18302.32,False,False,False,0,False,False,False,0.8115968249745023
PL_2025,Product Launch,Product Launch,Adults,email,2025-03-19,2361.09,13786.0,981.0,39.0,3156.28,False,False,False,0,False,False,False,3.2174108053007138
BF_2025,Black Friday,Seasonal Sale,Young Adults,instagram,2025-12-03,20769.39,421800.0,16501.0,1884.0,131400.6,False,False,False,0,False,False,False,7.963190109690323
NF_2025,Nature First,Brand Image,Gen Z,tiktok,2025-05-12,9601.82,190313.0,4346.0,13.0,822.47,True,False,False,0,False,False,False,0.18924758398527383
AAR_2025,Anti-Aging Routine,Product Education,Young Adults,instagram,2025-05-23,4375.69,60639.0,1310.0,209.0,7550.61,False,False,True,0,False,False,False,5.763824427480916
PL_2025,Product Launch,Product Launch,Young Adults,instagram,2025-03-18,5813.78,118188.0,5490.0,319.0,23119.28,False,False,False,0,False,False,False,4.2111621129326045
TSF_2025,TikTok Skin Fails,Trend Counter ,Young Adults,youtube,2025-03-23,6393.66,270315.0,10506.0,56.0,3019.5,False,False,False,0,False,False,False,0.28740719588806396
SCA_2025,Skin Cancer Awareness,Educational Awareness,Young Adults,tiktok,2025-05-30,6947.52,622183.0,21451.0,147.0,2982.43,False,False,False,0,False,False,False,0.13903454384410982
TSF_2025,TikTok Skin Fails,Trend Counter,Young Adults,instagram,2025-04-13,6144.66,167077.0,7826.0,197.0,11596.73,False,False,False,0,False,False,False,1.4818208535650395
SS_2025,Summer Sale,Seasonal Sale,Adults,facebook,2025-07-17,5172.58,43694.0,2006.0,185.0,14244.32,False,False,False,0,False,False,False,7.100857427716849
AAR_2025,Anti-Aging Routine,Product Education,Seniors,facebook,2025-03-13,3219.13,12800.0,233.0,37.0,3089.6,False,False,False,0,False,False,False,13.260085836909871
AAR_2025,Anti-Aging Routine,Product Education,Seniors,email,2025-02-06,2878.26,7367.0,0.0,0.0,0.0,False,False,False,0,False,False,False,36.645781081712364
AAR_2025,Anti-Aging Routine,Product Education,Adults,youtube,2025-04-14,4697.88,50752.0,2332.0,496.0,53045.41,False,False,False,0,False,False,False,22.746745283018868
NF_2025,Nature First,Brand Image,Gen Z,youtube,2025-04-12,7110.4,168420.0,5532.0,55.0,4040.01,False,False,False,0,False,False,False,0.7302982646420825
AAR_2025,Anti-Aging Routine,Product Education,Young Adults,email,2025-03-10,6564.97,10991.0,566.0,117.0,12546.1,False,False,False,0,False,False,False,22.16625441696113
AAR_2025,Anti-Aging Routine,Product Education,Seniors,email,2025-02-12,4052.19,14203.0,739.0,396.0,39308.79,False,False,False,0,False,False,False,53.19186738836265
AAR_2025,Anti-Aging Routine,Product Education,Young Adults,facebook,2025-03-17,5944.72,63110.0,1550.0,316.0,32645.86,False,False,False,0,False,False,False,21.06184516129032
DBB_2025,Don't Burn for Beauty,Social Impact,Gen Z,tiktok,2025-07-08,3872.55,315951.0,21345.0,499.0,9903.84,False,False,False,0,False,False,False,0.46398875614898105
BF_2025,Black Friday,Seasonal Sale,Gen Z,tiktok,2025-11-16,12962.86,407194.0,36920.0,3714.0,192975.06,False,False,False,0,False,False,False,5.226843445287107
NF_2025,Nature First,Brand Image,Young Adults,linkedin,2025-04-01,5788.55,52983.0,2947.0,128.0,8680.45,False,False,False,0,False,False,False,2.945520868680014
AAR_2025,Anti-Aging Routine,Product Education,Young Adults,youtube,2025-04-02,7958.64,112311.0,2324.0,317.0,30879.92,False,False,False,0,False,False,False,13.287401032702236
AAR_2025,Anti-Aging Routine,Product Education,Adults,email,2025-04-13,3586.32,7575.0,137.0,33.0,3800.22,False,False,False,0,False,False,False,27.73883211678832
NF_2025,Nature First,Brand Image,Gen Z,instagram,2025-06-04,10642.62,188592.0,6823.0,79.0,5000.51,False,False,False,0,False,False,False,0.732890224241536
SS_2025,Summer Sale,Seasonal Sale,Young Adults,email,2025-06-13,6727.92,33208.0,2302.0,619.0,36065.83,False,False,False,0,False,False,False,15.667172024326673
TSF_2025,TikTok Skin Fails,Trend Counter,Young Adults,facebook,2025-04-29,5509.61,367198.0,9740.0,141.0,6377.4,False,False,False,0,False,False,False,0.6547638603696099
AAR_2025,Anti-Aging Routine,Product Education,Adults,youtube,2025-02-06,4660.82,86249.0,4102.0,878.0,71416.4,False,False,False,0,False,False,False,17.410141394441734
NF_2025,Nature First,Brand Image,Parents,instagram,2025-02-26,7180.17,91661.0,1942.0,75.0,6472.44,False,False,False,0,False,False,False,3.332873326467559
NF_2025,Nature First,Brand Image,Gen Z,youtube,2025-04-25,5922.49,301673.0,0.0,0.0,0.0,False,False,False,0,False,False,False,1.393211034107895
SCA_2025,Skin Cancer Awareness,Educational Awareness,Seniors,linkedin,2025-05-29,4173.91,85937.0,1525.0,45.0,2249.01,False,False,False,0,False,False,False,1.474760655737705
AAR_2025,Anti-Aging Routine,Product Education,Seniors,linkedin,2025-04-19,3195.46,23331.0,971.0,94.0,8960.0,False,False,False,0,False,False,False,9.227600411946447
SS_2025,Summer Sale,Seasonal Sale,Gen Z,tiktok,2025-07-14,4839.01,163814.0,14422.0,455.0,16090.76,False,False,False,0,False,False,False,1.115709332963528
PL_2025,Product Launch, Product Launch,Adults,youtube,2025-02-08,7409.16,212176.0,9396.0,229.0,16120.27,False,False,False,0,False,False,False,1.715652405278842
AAR_2025,Anti-Aging Routine, Product Education,Seniors,email,2025-04-07,4204.48,32601.0,1181.0,482.0,66077.15,False,False,False,0,False,False,False,55.95016934801016
BF_2025,Black Friday,Seasonal Sale,Parents,email,2025-11-18,79837.09,275357.0,19023.0,10063.0,679343.87,False,False,False,0,False,False,False,35.71171056089996
AAR_2025,Anti-Aging Routine,Product Education,Seniors,linkedin,2025-05-18,4879.04,31782.0,885.0,126.0,19558.0,False,False,False,0,False,False,True,22.099723046488624
SS_2025,Summer Sale,Seasonal Sale,Parents,instagram,2025-06-06,6526.86,58825.0,3223.0,508.0,21857.16,False,False,False,0,False,False,False,6.781619609059882
SS_2025,Summer Sale,Seasonal Sale,Parents,instagram,2025-06-28,4760.13,47463.0,2371.0,369.0,23673.27,False,False,False,0,False,False,False,9.984508646140869
AAR_2025,Anti-Aging Routine, Product Education,Adults,email,2025-02-06,4219.88,23434.0,1152.0,380.0,39368.6,False,False,False,0,False,False,False,34.17413194444444
NF_2025,Nature First,Brand Image,Gen Z,instagram,2025-03-20,3622.85,71815.0,2411.0,25.0,1324.06,False,False,False,0,False,False,False,0.5491746163417669
TSF_2025,TikTok Skin Fails,Trend Counter,Young Adults,facebook,2025-04-05,18843.13,2242222.0,64154.0,1725.0,80531.47,False,False,False,0,False,False,False,1.2552836923652462
PL_2025,Product Launch,Product Launch,Young Adults,instagram,2025-02-19,14297.03,449175.0,29513.0,624.0,60582.47,False,False,False,0,False,False,False,2.052738454240504
AAR_2025,Anti-Aging Routine,Product Education,Young Adults,youtube,2025-01-24,3044.26,44036.0,1681.0,426.0,38106.86,False,False,False,0,False,False,False,22.669161213563356
NF_2025,Nature First,Brand Image,Young Adults,linkedin,2025-05-10,4491.13,35546.0,722.0,18.0,1278.0,False,False,False,0,False,False,True,1.770717523568567
SS_2025,Summer Sale,Seasonal Sale,Adults,facebook,2025-06-22,3365.73,17637.0,509.0,82.0,4544.56,False,False,False,0,False,False,False,8.928408644400786
NF_2025,Nature First,Brand Image,Young Adults,instagram,2025-02-23,5098.64,78387.0,2404.0,12.0,664.28,False,False,False,0,False,False,False,0.27632279534109816
BF_2025,Black Friday,Seasonal Sale,Gen Z,instagram,2025-11-25,88258.57,2086498.0,0.0,0.0,0.0,False,False,False,0,False,False,False,14.053758496670753
AAR_2025,Anti-Aging Routine,Product Education,Young Adults,facebook,2025-04-09,3686.7,63942.0,2034.0,436.0,24853.66,False,False,False,0,False,False,False,12.219105211406097
AAR_2025,Anti-Aging Routine,Product Education,Adults,facebook,2025-02-16,2971.28,26386.0,845.0,90.0,8168.51,False,False,False,0,False,False,False,9.66687573964497
SS_2025,Summer Sale,Seasonal Sale,Young Adults,instagram,2025-05-23,1662.79,18364.0,375.0,35.0,1656.44,False,False,False,0,False,False,False,4.417173333333333
SS_2025,Summer Sale,Seasonal Sale,Young Adults,email,2025-06-11,6592.42,65213.0,6399.0,1312.0,48987.13,False,False,False,0,False,False,False,7.6554352242537895
BF_2025,Black Friday,Seasonal Sale,Parents,facebook,2025-12-02,5281.12,54430.0,1209.0,323.0,15716.99,False,False,False,0,False,False,False,12.999991728701406
SS_2025,Summer Sale,Seasonal Sale,Gen Z,youtube,2025-07-24,8442.1,353989.0,18397.0,886.0,40399.67,False,False,False,0,False,False,False,2.19599228135022
PL_2025,Product Launch,Product Launch,Adults,instagram,2025-01-19,10490.35,66676.0,4549.0,75.0,6576.2,False,False,False,0,False,False,False,1.4456364036051879
SS_2025,Summer Sale,Seasonal Sale,Parents,instagram,2025-06-19,2495.98,43053.0,2458.0,214.0,14951.79,False,False,False,0,False,False,False,6.082908868999187
SS_2025,Summer Sale,Seasonal Sale,Adults,email,2025-07-15,4888.73,14539.0,1187.0,125.0,6111.26,False,False,False,0,False,False,False,5.1484919966301605
BF_2025,Black Friday,Seasonal Sale,Seniors,facebook,2025-12-02,6476.64,84579.0,3355.0,1014.0,70606.79,False,False,False,0,False,False,False,21.04524292101341
AAR_2025,Anti-Aging Routine,Product Education,Seniors,facebook,2025-02-24,3135.89,6767.0,190.0,36.0,3033.55,False,False,False,0,False,False,False,15.966052631578949
HP_2025,Holiday Prep,Seasonal Education,Adults,instagram,2025-10-25,4326.75,41024.0,1214.0,691.0,43587.7,False,False,False,0,False,False,False,35.90420098846787
SCA_2025,Skin Cancer Awareness,Educational Awareness,Seniors,youtube,2025-06-01,6636.18,309803.0,0.0,0.0,0.0,False,False,False,0,False,False,False,0.4939690590920619
AAR_2025,Anti-Aging Routine,Product Education,Young Adults,facebook,2025-05-21,5365.94,58002.0,1580.0,342.0,28538.13,False,False,False,0,False,False,False,18.06210759493671
HP_2025,Holiday Prep,Seasonal Education,Adults,instagram,2025-10-30,5080.16,32532.0,1193.0,440.0,36475.44,False,False,False,0,False,False,False,30.574551550712492
NF_2025,Nature First,Brand Image,Parents,facebook,2025-03-05,5007.21,67673.0,2781.0,136.0,12762.49,False,False,False,0,False,False,False,4.589172959367134
AAR_2025,Anti-Aging Routine,Product Education,Seniors,linkedin,2025-03-22,2447.0,15353.0,926.0,185.0,26507.02,False,False,False,0,False,False,False,28.625291576673867
DBB_2025,Don't Burn for Beauty,Social Impact,Adults,youtube,2025-07-25,5844.4,293130.0,19241.0,1033.0,41437.0,False,False,False,0,False,False,False,2.153578296346344
DBB_2025,Don't Burn for Beauty,Social Impact,Gen Z,tiktok,2025-07-29,1055.67,131467.0,20179.0,306.0,9375.63,False,False,False,0,False,False,False,0.46462312304871395
AAR_2025,Anti-Aging Routine,Product Education,Young Adults,instagram,2025-03-10,3113.92,25421.0,1426.0,218.0,17040.67,False,False,False,0,False,False,False,11.949978962131835
NF_2025,Nature First,Brand Image,Young Adults,instagram,2025-03-14,8321.79,149645.0,4579.0,69.0,5620.32,False,False,False,0,False,False,False,1.227412098711509
SS_2025,Summer Sale,Seasonal Sale,Adults,email,2025-06-10,6007.41,51554.0,0.0,0.0,0.0,False,False,False,0,False,False,False,14.187154185022026
DBB_2025,Don't Burn for Beauty,Social Impact,Gen Z,youtube,2025-06-21,10900.86,762195.0,0.0,0.0,0.0,False,False,False,0,False,False,False,1.2543555413413905
SS_2025,Summer Sale,Seasonal Sale,Parents,facebook,2025-07-06,2027.12,25202.0,1217.0,191.0,10900.55,False,False,False,0,False,False,False,8.956902218570255
PL_2025,Product Launch,Product Launch,Young Adults,facebook,2025-02-27,53441.45,1787491.0,77999.0,1900.0,164716.95,False,False,False,0,False,False,False,2.1117828433697867
NF_2025,Nature First,Brand Image,Parents,instagram,2025-03-24,5612.78,41058.0,1183.0,24.0,1406.48,False,False,False,0,False,False,False,1.1889095519864752
PL_2025,Product Launch,Product Launch,Young Adults,instagram,2025-02-15,25137.67,444469.0,19287.0,368.0,37089.24,False,False,False,0,False,False,False,1.923017576606004
AAR_2025,Anti-Aging Routine,Product Education,Seniors,facebook,2025-03-19,4818.96,27586.5,660.0,161.0,20934.51,True,False,True,0,False,False,False,31.718954545454544
TSF_2025,TikTok Skin Fails,Trend Counter,Gen Z,tiktok,2025-04-22,4828.71,677709.0,120934.0,3006.0,69416.76,False,False,False,0,False,False,False,0.5740053252187143
SS_2025,Summer Sale,Seasonal Sale,Young Adults,instagram,2025-07-26,6607.24,73293.0,2654.0,597.0,33471.7,False,False,False,0,False,False,False,12.611793519216276
SS_2025,Summer Sale,Seasonal Sale,Adults,linkedin,2025-06-29,3938.86,68920.0,2972.0,111.0,4791.61,False,False,False,0,False,False,False,1.612251009421265
NF_2025,Nature First,Brand Image,Gen Z,youtube,2025-05-19,9243.1,213523.0,18460.0,443.0,31809.19,False,False,False,0,False,False,False,1.7231413867822318
TSF_2025,TikTok Skin Fails,Trend Counter,Gen Z,instagram,2025-04-26,4740.5,254341.0,6901.0,580.0,10144.0,False,False,False,0,False,False,True,1.4698740423386454
AAR_2025,Anti-Aging Routine,Product Education,Young Adults,instagram,2025-04-10,7252.17,53200.0,1427.0,101.0,6022.2,False,False,False,0,False,False,False,4.220182200420463
NF_2025,Nature First,Brand Image,Young Adults,instagram,2025-02-25,6144.3,64298.0,1734.0,28.0,2420.58,False,False,False,0,False,False,False,1.3959515570934256
AAR_2025,Anti-Aging Routine,Product Education,Adults,facebook,2025-02-21,4881.42,27586.5,1059.0,276.0,25562.34,True,False,False,0,False,False,False,24.13818696883853
AAR_2025,Anti-Aging Routine,Product Education,Seniors,facebook,2025-05-16,2318.3,21151.0,178.0,28.0,2771.44,False,False,False,0,False,False,False,15.569887640449439
TSF_2025,TikTok Skin Fails,Trend Counter,Gen Z,youtube,2025-05-13,3504.61,409150.0,71339.0,3067.0,115742.36,False,False,False,0,False,False,False,1.6224275641654635
PL_2025,Product Launch,Product Launch,Seniors,email,2025-03-24,13372.69,83036.0,3326.0,207.0,16355.69,False,False,False,0,False,False,False,4.917525556223692
PL_2025,Product Launch,Product Launch,Adults,instagram,2025-02-13,5842.82,94685.0,2983.0,199.0,17904.58,False,False,False,0,False,False,False,6.002205833053973
DBB_2025,Don't Burn for Beauty,Social Impact,Gen Z,youtube,2025-07-07,12237.45,652325.0,0.0,0.0,0.0,False,False,False,0,False,False,False,1.2543555413413905
SS_2025,Summer Sale,Seasonal Sale,Adults,linkedin,2025-07-09,6864.57,39696.0,1309.0,52.0,2296.74,False,False,False,0,False,False,False,1.754576012223071
AAR_2025,Anti-Aging Routine,Product Education,Seniors,facebook,2025-02-13,5176.61,20176.0,376.0,66.0,9969.01,False,False,False,0,False,False,False,26.513324468085106
NF_2025,Nature First,Brand Image,Parents,instagram,2025-05-20,7064.7,81020.0,1601.0,21.0,1897.29,False,False,False,0,False,False,False,1.1850655840099937
AAR_2025,Anti-Aging Routine,Product Education,Young Adults,facebook,2025-05-02,3687.58,33870.0,806.0,132.0,9288.82,False,False,False,0,False,False,False,11.524590570719603
NF_2025,Nature First,Brand Image,Parents,email,2025-06-01,8177.84,33454.0,2377.0,60.5,21650.7,False,False,True,0,False,False,False,9.108413967185529
AAR_2025,Anti-Aging Routine,Product Education,Young Adults,youtube,2025-01-29,8272.32,147153.0,4803.0,790.0,74341.82,False,False,False,0,False,False,False,15.478205288361442
SS_2025,Summer Sale,Seasonal Sale,Gen Z,instagram,2025-07-15,17989.22,332060.0,13865.0,1170.0,45817.28,False,False,False,0,False,False,False,3.3045279480706813
PL_2025,Product Launch,Product Launch,Young Adults,youtube,2025-03-20,17947.42,1461267.0,53584.0,2070.0,165599.64,False,False,False,0,False,False,False,3.0904680501642283
AAR_2025,Anti-Aging Routine,Product Education,Seniors,linkedin,2025-06-05,4901.12,11380.0,325.0,84.0,11809.75,False,False,False,0,False,False,False,36.33769230769231
NF_2025,Nature First,Brand Image,Parents,email,2025-05-16,6481.61,80453.0,4560.0,228.0,19712.18,False,False,False,0,False,False,False,4.32284649122807
AAR_2025,Anti-Aging Routine,Product Education,Young Adults,instagram,2025-03-15,5708.39,39908.5,4493.0,1004.0,80554.84,True,False,False,0,False,False,False,17.92896505675495
DBB_2025,Don't Burn for Beauty,Social Impact,Gen Z,instagram,2025-06-24,4882.7,128014.0,5665.0,204.0,5038.93,False,False,False,0,False,False,False,0.8894845542806709
DBB_2025,Don't Burn for Beauty,Social Impact,Young Adults,tiktok,2025-08-03,3148.45,274957.0,20419.0,355.0,10602.46,False,False,False,0,False,False,False,0.519244821000049
AAR_2025,Anti-Aging Routine,Product Education,Young Adults,facebook,2025-03-10,2740.95,43435.0,1129.0,216.0,11477.71,False,False,False,0,False,False,False,10.166262178919396
PL_2025,Product Launch,Product Launch,Young Adults,tiktok,2025-03-03,10981.44,624415.0,44718.0,573.0,38738.66,False,False,False,0,False,False,False,0.866287848293752
SS_2025,Summer Sale,Seasonal Sale,Young Adults,youtube,2025-05-28,4911.91,214081.0,12052.0,907.0,42768.12,False,False,True,0,False,False,False,3.5486325921008963
SCA_2025,Skin Cancer Awareness,Educational Awareness,Seniors,linkedin,2025-05-09,6226.1,196243.0,6347.0,199.0,9373.66,False,False,False,0,False,False,False,1.476864660469513
AAR_2025,Anti-Aging Routine,Product Education,Seniors,linkedin,2025-04-18,5637.34,30964.0,1340.0,216.0,32145.15,False,False,False,0,False,False,False,23.98891791044776
HP_2025,Holiday Prep,Seasonal Education,Parents,facebook,2025-11-08,5101.19,51127.0,4814.0,2049.0,129186.65,False,False,False,0,False,False,False,26.835614873286247
TSF_2025,TikTok Skin Fails,Trend Counter,Young Adults,instagram,2025-06-08,1224.05,44397.0,1237.0,93.0,5492.22,False,False,False,0,False,False,False,4.43995149555376
SS_2025,Summer Sale,Seasonal Sale,Young Adults,instagram,2025-06-28,9280.63,113544.0,7041.0,813.0,30702.28,False,False,False,0,False,False,False,4.36049992898736
AAR_2025,Anti-Aging Routine,Product Education,Young Adults,facebook,2025-02-19,4180.9,21412.0,603.0,115.0,7626.6,False,False,False,0,False,False,False,12.64776119402985
BF_2025,Black Friday,Seasonal Sale,Young Adults,instagram,2025-11-28,18831.67,221041.0,17837.0,4970.0,312827.93,False,False,False,0,False,False,False,17.538147109940013
DBB_2025,Don't Burn for Beauty,Social Impact,Gen Z,tiktok,2025-08-08,16076.46,877132.0,60151.0,1521.0,40478.43,False,False,False,0,False,False,False,0.6729469169257369
NF_2025,Nature First,Brand Image,Young Adults,youtube,2025-03-19,5089.59,138998.5,6646.0,133.0,6501.15,True,False,False,0,False,False,False,0.9782049352994282
NF_2025,Nature First,Brand Image,Parents,facebook,2025-05-28,5424.51,59049.0,2088.0,32.0,2770.32,False,False,False,0,False,False,False,1.3267816091954023
SS_2025,Summer Sale,Seasonal Sale,Young Adults,facebook,2025-05-28,7621.27,167565.0,7547.0,1389.0,76746.74,False,False,False,0,False,False,False,10.169171856366768
AAR_2025,Anti-Aging Routine,Product Education,Young Adults,instagram,2025-01-31,5379.38,39796.0,3184.0,449.0,43180.84,False,False,False,0,False,False,False,13.5618216080402
BF_2025,Black Friday,Seasonal Sale,Parents,email,2025-11-26,98380.03,77083.0,27879.0,5494.0,474131.2,True,False,False,0,False,False,False,17.006750600810648
NF_2025,Nature First,Brand Image,Gen Z,tiktok,2025-04-11,5547.22,166052.0,4443.0,29.0,1255.98,False,False,False,0,False,False,False,0.2826873733963538
BF_2025,Black Friday,Seasonal Sale,Young Adults,instagram,2025-12-02,4785.87,93839.0,2746.0,631.0,51058.29,False,False,False,0,False,False,False,18.59369628550619
SS_2025,Summer Sale,Seasonal Sale,Parents,instagram,2025-07-12,3947.88,56317.0,0.0,0.0,0.0,False,False,False,0,False,False,False,5.515245255411358
DBB_2025,Don't Burn for Beauty,Social Impact,Gen Z,youtube,2025-07-29,11168.26,760032.0,0.0,0.0,0.0,False,False,False,0,False,False,False,1.2543555413413905
AAR_2025,Anti-Aging Routine, Product Education,Adults,linkedin,2025-02-13,3265.39,15055.0,883.0,147.0,15087.14,False,False,False,0,False,False,False,17.086228765571914
SS_2025,Summer Sale,Seasonal Sale,Young Adults,facebook,2025-07-09,4605.32,109990.0,7944.0,776.0,54836.29,False,False,False,0,False,False,False,6.9028562437059415
AAR_2025,Anti-Aging Routine,Product Education,Seniors,linkedin,2025-05-17,2818.3,12861.0,232.0,47.0,4845.39,False,False,False,0,False,False,False,20.885301724137932
PL_2025,Product Launch,Product Launch,Young Adults,facebook,2025-03-03,11642.1,270544.0,16084.0,435.0,29539.72,False,False,False,0,False,False,False,1.836590400397911
BF_2025,Black Friday,Seasonal Sale,Parents,facebook,2025-12-05,12228.93,64548.0,3933.0,777.0,37586.47,False,False,False,0,False,False,False,9.556692092550216
PL_2025,Product Launch,Product Launch,Seniors,facebook,2025-01-30,5517.91,71526.0,2001.0,22.0,1526.8,False,False,False,0,False,False,False,0.7630184907546227
HP_2025,Holiday Prep,Seasonal Education,Parents,facebook,2025-10-25,5494.08,31450.0,1944.0,954.0,82506.14,False,False,False,0,False,False,False,42.441430041152266
HP_2025,Holiday Prep,Seasonal Education,Parents,email,2025-11-18,6138.44,34090.0,3322.0,976.0,93895.12,False,False,False,0,False,False,False,28.264635761589403
DBB_2025,Don't Burn for Beauty,Social Impact,Adults,linkedin,2025-07-29,4814.32,132907.0,0.0,0.0,0.0,False,False,False,0,False,False,False,1.5633474303285209
NF_2025,Nature First,Brand Image,Young Adults,linkedin,2025-03-17,4492.25,68435.0,2716.0,77.0,5404.39,False,False,False,0,False,False,False,1.989834315169367
SCA_2025,Skin Cancer Awareness,Educational Awareness,Seniors,facebook,2025-05-29,13295.9,323227.0,8667.0,71.0,2532.13,False,False,False,0,False,False,False,0.2921576093227184
AAR_2025,Anti-Aging Routine,Product Education,Adults,youtube,2025-03-24,3690.44,17832.0,386.0,88.0,7165.42,False,False,False,0,False,False,False,18.563264248704662
SS_2025,Summer Sale,Seasonal Sale,Adults,facebook,2025-06-14,3950.59,28735.0,1197.0,440.0,7717.0,False,False,False,0,False,False,True,6.446572695278251
DBB_2025,Don't Burn for Beauty,Social Impact,Gen Z,tiktok,2025-07-18,9824.64,1516295.0,106127.0,934.0,33526.44,False,False,False,0,False,False,False,0.31590867545487955
AAR_2025,Anti-Aging Routine,Product Education,Seniors,linkedin,2025-02-22,3054.01,10207.0,364.0,60.0,4718.51,False,False,False,0,False,False,False,12.962939560439562
PL_2025,Product Launch,Product Launch,Young Adults,instagram,2025-03-20,9488.98,580070.0,36158.0,775.0,100368.0,False,False,False,0,False,False,True,2.7758289348474485
AAR_2025,Anti-Aging Routine,Product Education,Young Adults,facebook,2025-03-28,6331.58,51497.0,1868.0,296.0,18246.89,False,False,False,0,False,False,False,9.768142398286937
AAR_2025,Anti-Aging Routine,Product Education,Seniors,linkedin,2025-05-14,2368.1,11798.0,225.0,41.0,6353.62,False,False,False,0,False,False,False,28.23831111111111
AAR_2025,Anti-Aging Routine,Product Education,Young Adults,youtube,2025-03-26,4335.16,50358.0,2488.0,342.0,31932.22,False,False,False,0,False,False,False,12.834493569131833
NF_2025,Nature First,Brand Image,Gen Z,tiktok,2025-04-27,9398.39,230161.0,8832.0,39.0,2538.9,False,False,False,0,False,False,False,0.2874660326086957
AAR_2025,Anti-Aging Routine,Product Education,Adults,email,2025-06-02,2705.92,9996.0,424.0,250.0,28766.68,False,False,False,0,False,False,False,67.84594339622642
TSF_2025,TikTok Skin Fails,Trend Counter,Young Adults,tiktok,2025-05-14,45187.89,7466476.0,297434.0,8286.0,217200.89,False,False,False,0,False,False,False,0.7302490300369158
TSF_2025,TikTok Skin Fails,Trend Counter,Gen Z,tiktok,2025-05-19,30636.08,11330704.0,867608.0,17294.0,903384.48,False,False,False,0,False,False,False,1.0412357654608995
HP_2025,Holiday Prep,Seasonal Education,Parents,instagram,2025-10-30,3979.82,17424.0,1654.0,226.0,23641.91,False,False,False,1,True,True,False,14.293778718258766
HP_2025,Holiday Prep,Seasonal Education,Adults,email,2025-11-10,3998.42,12018.0,1428.0,903.0,56192.19,False,False,False,0,False,False,False,39.3502731092437
SS_2025,Summer Sale,Seasonal Sale,Gen Z,youtube,2025-06-24,5498.11,245229.0,6314.0,690.0,30161.74,False,False,False,0,False,False,False,4.776962305986697
DBB_2025,Don't Burn for Beauty,Social Impact,Gen Z,instagram,2025-08-06,2125.28,95401.0,4931.0,140.0,4059.72,False,False,False,0,False,False,False,0.8233056175218008
AAR_2025,Anti-Aging Routine,Product Education,Young Adults,youtube,2025-02-23,3695.18,50515.0,1738.0,296.0,28326.96,False,False,False,0,False,False,False,16.298596087456847
AAR_2025,Anti-Aging Routine,Product Education,Adults,youtube,2025-03-31,2721.15,27331.0,1907.0,208.0,26957.0,False,False,False,0,False,False,True,14.135952140908914
AAR_2025,Anti-Aging Routine,Product Education,Adults,email,2025-04-24,3119.34,16835.0,1056.0,1001.0,75196.0,False,False,False,0,False,False,False,71.20833333333333
AAR_2025,Anti-Aging Routine,Product Education,Young Adults,facebook,2025-05-12,7784.2,83220.0,6216.0,1525.0,119030.42,False,False,False,0,False,False,False,19.149037966537968
NF_2025,Nature First,Brand Image,Gen Z,tiktok,2025-05-02,4637.98,126156.0,8345.0,187.0,11334.33,False,False,False,0,False,False,False,1.3582180946674656
DBB_2025,Don't Burn for Beauty,Social Impact,Young Adults,youtube,2025-07-12,14037.67,1271184.0,102350.0,4933.0,218404.94,False,False,False,0,False,False,False,2.133902686858818
PL_2025,Product Launch,Product Launch,Young Adults,tiktok,2025-03-08,19344.86,587022.0,17404.0,198.0,15879.91,False,False,False,0,False,False,False,0.9124287520110319
BF_2025,Black Friday,Seasonal Sale,Adults,facebook,2025-11-16,7226.96,38322.0,1327.0,214.0,14125.98,False,False,False,0,False,False,False,10.64504898266767
TSF_2025,TikTok Skin Fails,Trend Counter,Young Adults,instagram,2025-04-01,7222.16,215842.0,16988.0,1168.0,31582.94,False,False,False,0,False,False,False,1.8591323287026136
SCA_2025,Skin Cancer Awareness,Educational Awareness,Adults,linkedin,2025-05-02,9661.02,287699.0,6597.0,110.0,4685.49,False,False,False,0,False,False,False,0.7102455661664393
SS_2025,Summer Sale,Seasonal Sale,Gen Z,instagram,2025-05-24,4281.48,48465.0,2057.0,103.0,4398.07,False,False,False,0,False,False,False,2.138099173553719
PL_2025,Product Launch,Product Launch,Young Adults,instagram,2025-01-22,49425.34,490606.0,11276.0,213.0,19157.72,False,False,False,0,False,False,False,1.6989819084781839
DBB_2025,Don't Burn for Beauty,Social Impact,Adults,facebook,2025-06-29,6436.42,191980.0,16632.0,1668.0,52684.1,False,False,False,0,False,False,False,3.16763468013468
SS_2025,Summer Sale,Seasonal Sale,Gen Z,instagram,2025-06-25,7492.86,124977.0,8352.0,1369.0,63573.47,False,False,False,0,False,False,False,7.611766044061302
AAR_2025,Anti-Aging Routine,Product Education,Young Adults,facebook,2025-06-08,5262.47,23002.0,1727.0,169.0,11294.16,False,False,False,0,False,False,False,6.539756803705848
SS_2025,Summer Sale,Seasonal Sale,Young Adults,youtube,2025-07-19,10730.6,403179.0,30417.0,3643.0,134948.9,False,False,False,0,False,False,False,4.436627543807739
PL_2025,Product Launch,Product Launch,Adults,instagram,2025-03-29,8782.25,152607.0,5914.0,165.0,18459.03,False,False,False,0,False,False,False,3.1212428136624957
SS_2025,Summer Sale,Seasonal Sale,Young Adults,email,2025-07-11,1354.07,8519.0,798.0,275.0,12366.92,False,False,False,0,False,False,False,15.497393483709272
BF_2025,Black Friday,Seasonal Sale,Young Adults,email,2025-11-26,63434.61,1211138.0,85526.0,37149.0,2526884.86,False,False,False,0,False,False,False,29.54522437621308
SS_2025,Summer Sale,Seasonal Sale,Parents,facebook,2025-05-27,2707.76,26243.0,1093.0,87.0,5653.71,False,False,False,0,False,False,False,5.1726532479414455
NF_2025,Nature First,Brand Image,Gen Z,youtube,2025-05-03,7523.23,81806.0,1714.0,47.0,2357.77,False,False,False,0,False,False,False,1.3755950991831971
TSF_2025,TikTok Skin Fails,Trend Counter,Young Adults,facebook,2025-04-18,2487.34,130419.0,4939.0,597.0,10600.61,False,False,False,0,False,False,False,2.146306944725653
NF_2025,Nature First,Brand Image,Young Adults,instagram,2025-03-08,11005.86,228941.0,4259.0,50.0,14069.35,False,False,True,0,False,False,False,3.3034397745949753
AAR_2025,Anti-Aging Routine,Product Education,Seniors,email,2025-05-21,3828.91,11555.0,399.0,181.0,18649.16,False,False,False,0,False,False,False,46.73974937343358
AAR_2025,Anti-Aging Routine,Product Education,Seniors,linkedin,2025-04-27,2970.8,9369.0,703.0,128.0,10846.93,False,False,False,0,False,False,False,15.429487908961594
DBB_2025,Don't Burn for Beauty,Social Impact,Young Adults,tiktok,2025-06-29,6184.52,559944.0,31028.0,262.0,8640.46,False,False,False,0,False,False,False,0.2784729921361351
AAR_2025,Anti-Aging Routine,Product Education,Young Adults,facebook,2025-03-26,6079.1,27586.5,2223.0,238.0,24727.62,True,False,False,0,False,False,False,11.123535762483131
AAR_2025,Anti-Aging Routine,Product Education,Young Adults,email,2025-05-22,4443.77,12091.0,449.0,274.0,19176.39,False,False,False,0,False,False,False,42.70910913140312
AAR_2025,Anti-Aging Routine,Product Education,Adults,youtube,2025-01-19,4546.51,37880.0,963.0,180.0,21262.7,False,True,False,0,False,False,False,22.07964693665628
PL_2025,Product Launch,Product Launch,Young Adults,facebook,2025-02-07,15570.56,633302.0,23054.0,1118.0,63416.22,False,False,False,0,False,False,False,2.7507686301726384
NF_2025,Nature First,Brand Image,Young Adults,instagram,2025-02-20,3938.1,40885.0,1641.0,22.0,1412.15,False,False,False,0,False,False,False,0.8605423522242536
SS_2025,Summer Sale,Seasonal Sale,Adults,facebook,2025-05-25,1801.67,14953.0,838.0,79.0,5559.12,False,False,False,0,False,False,False,6.633794749403341
TSF_2025,TikTok Skin Fails, Trend Counter,Young Adults,youtube,2025-04-11,7115.27,816377.0,78489.5,756.0,39950.27,False,False,False,1,True,True,False,0.5089887182361972
SS_2025,Summer Sale,Seasonal Sale,Gen Z,youtube,2025-06-25,3792.0,88972.0,5372.0,907.0,8885.28,False,False,True,0,False,False,False,1.6539985107967239
SCA_2025,Skin Cancer Awareness,Educational Awareness,Seniors,facebook,2025-06-01,12139.69,157356.0,10577.0,74.0,3341.86,False,False,False,0,False,False,False,0.31595537487000097
TSF_2025,TikTok Skin Fails,Trend Counter,Young Adults,instagram,2025-06-09,9669.84,558746.0,0.0,0.0,0.0,False,False,False,0,False,False,False,1.4698740423386454
DBB_2025,Don't Burn for Beauty,Social Impact,Young Adults,instagram,2025-07-08,7896.54,113900.0,8192.0,189.0,5464.62,False,False,False,0,False,False,False,0.66706787109375
PL_2025,Product Launch,Product Launch,Seniors,linkedin,2025-03-04,8783.87,77047.0,2881.0,174.0,17269.54,False,False,False,0,False,False,False,5.99428670600486
SS_2025,Summer Sale,Seasonal Sale,Young Adults,facebook,2025-06-12,1289.63,20529.0,1331.0,85.0,5653.79,False,False,False,0,False,False,False,4.247776108189331
HP_2025,Holiday Prep,Seasonal Education,Parents,instagram,2025-10-29,4758.16,18777.0,1654.0,1370.0,114796.19,False,False,False,1,True,True,False,69.40519347037485
HP_2025,Holiday Prep,Seasonal Education,Adults,instagram,2025-10-26,6981.98,47923.0,3193.0,844.0,71005.39,False,False,False,0,False,False,False,22.23782962730974
SS_2025,Summer Sale,Seasonal Sale,Parents,email,2025-07-24,2136.11,9277.0,451.0,182.0,13615.23,False,False,False,0,False,False,False,30.188980044345897
AAR_2025,Anti-Aging Routine,Product Education,Young Adults,email,2025-02-12,3716.82,15385.0,563.0,182.0,15089.43,False,False,False,0,False,False,False,26.80182948490231
HP_2025,Holiday Prep,Seasonal Education,Adults,email,2025-10-30,5095.9,39057.0,3071.0,788.0,67970.64,False,False,False,0,False,False,False,22.133064148485836
SCA_2025,Skin Cancer Awareness,Educational Awareness,Seniors,youtube,2025-05-11,15253.6,785534.0,32448.0,404.0,11020.12,False,False,False,0,False,False,False,0.33962401380670615
PL_2025,Product Launch,Product Launch,Adults,youtube,2025-01-20,15389.54,356081.0,18060.0,207.0,13535.92,False,False,False,0,False,False,False,0.7494972314507198
BF_2025,Black Friday,Seasonal Sale,Adults,linkedin,2025-11-19,12170.95,55496.0,2060.0,376.0,29487.75,False,False,False,0,False,False,False,14.314441747572815
TSF_2025,TikTok Skin Fails,Trend Counter,Young Adults,youtube,2025-04-10,19034.82,1853958.0,107966.0,1762.0,78396.41,False,False,False,0,False,False,False,0.7261212789211419
DBB_2025,Don't Burn for Beauty,Social Impact,Gen Z,tiktok,2025-07-24,11289.56,1054517.0,32160.0,954.0,33255.48,False,False,False,0,False,False,False,1.034063432835821
AAR_2025,Anti-Aging Routine,Product Education,Seniors,email,2025-05-27,4338.5,16245.0,909.0,394.0,32033.93,False,False,False,0,False,False,False,35.24084708470847
PL_2025,Product Launch,Product Launch,Seniors,email,2025-02-28,7660.26,26786.0,1380.0,125.0,16505.79,False,False,False,0,False,False,False,11.960717391304348
DBB_2025,Don't Burn for Beauty,Social Impact,Adults,youtube,2025-07-30,4460.73,140934.0,7650.0,487.0,19580.35,False,False,False,0,False,False,False,2.5595228758169934
AAR_2025,Anti-Aging Routine,Product Education,Adults,linkedin,2025-05-28,6863.33,67834.0,2915.0,222.0,15026.71,False,False,False,0,False,False,False,5.154960548885077
SCA_2025,Skin Cancer Awareness,Educational Awareness,Young Adults,tiktok,2025-05-23,21466.62,2521438.0,103139.0,444.0,14999.42,False,False,False,0,False,False,False,0.14542917809945802
NF_2025,Nature First,Brand Image,Gen Z,tiktok,2025-04-30,9519.25,163432.0,3617.0,22.0,1074.68,False,False,False,0,False,False,False,0.2971191595244678
PL_2025,Product Launch,Product Launch,Young Adults,instagram,2025-02-07,9857.21,479177.0,19371.0,286.0,22509.05,False,False,False,0,False,False,False,1.1619973155748282
SCA_2025,Skin Cancer Awareness,Educational Awareness,Adults,youtube,2025-05-04,7004.75,340265.0,6082.0,102.0,3877.71,False,False,False,0,False,False,False,0.637571522525485
NF_2025,Nature First,Brand Image,Gen Z,youtube,2025-05-06,6931.61,176447.0,4933.0,41.0,2333.19,False,False,False,0,False,False,False,0.47297587674842895
HP_2025,Holiday Prep,Seasonal Education,Seniors,facebook,2025-11-19,4782.99,24264.0,867.0,213.0,20404.2,False,False,False,0,False,False,False,23.534256055363322
AAR_2025,Anti-Aging Routine,Product Education,Seniors,email,2025-03-07,2207.78,3937.0,194.0,79.0,9667.81,False,False,False,0,False,False,False,49.83407216494845
AAR_2025,Anti-Aging Routine,Product Education,Young Adults,email,2025-02-15,4578.04,20755.0,1533.0,259.0,46183.55,False,False,True,0,False,False,False,30.12625570776256
SS_2025,Summer Sale,Seasonal Sale,Adults,email,2025-05-28,3702.53,15386.0,865.0,423.0,30019.31,False,False,False,0,False,False,False,34.70440462427746
AAR_2025,Anti-Aging Routine,Product Education,Seniors,email,2025-01-25,4394.79,6008.0,361.0,65.0,8151.47,False,False,False,0,False,False,False,22.580249307479225
BF_2025,Black Friday,Seasonal Sale,Adults,email,2025-12-03,11354.58,95440.0,8287.0,2741.0,141697.19,False,False,False,0,False,False,False,17.098731748521782
AAR_2025,Anti-Aging Routine,Product Education,Adults,facebook,2025-05-27,3576.94,16068.0,733.0,33.0,2297.52,False,False,False,0,False,False,False,3.134406548431105
NF_2025,Nature First,Brand Image,Gen Z,youtube,2025-04-23,7456.95,102681.0,1904.0,52.0,2919.39,False,False,False,0,False,False,False,1.5332930672268907
SCA_2025,Skin Cancer Awareness,Educational Awareness,Adults,linkedin,2025-05-26,11388.68,271102.0,10201.0,97.0,4635.87,False,False,False,0,False,False,False,0.45445250465640624
NF_2025,Nature First,Brand Image,Young Adults,youtube,2025-02-26,4895.37,65873.0,1731.0,35.0,2825.95,False,False,False,0,False,False,False,1.6325534373194683
BF_2025,Black Friday,Seasonal Sale,Young Adults,instagram,2025-11-19,15104.99,330977.0,11772.0,4394.0,284805.99,False,False,False,0,False,False,False,24.193509174311927
SS_2025,Summer Sale,Seasonal Sale,Parents,instagram,2025-07-08,8148.11,86011.0,6051.0,270.0,11932.57,False,False,False,0,False,False,False,1.9719996694761197
SCA_2025,Skin Cancer Awareness,Educational Awareness,Adults,linkedin,2025-05-08,13962.21,797620.0,29509.0,240.0,10440.57,False,False,False,0,False,False,False,0.3538096851807923
PL_2025,Product Launch,Product Launch,Seniors,email,2025-03-26,5559.24,29740.0,1019.0,91.0,9427.83,False,False,False,0,False,False,False,9.252041216879293
SS_2025,Summer Sale,Seasonal Sale,Parents,email,2025-06-14,9100.36,132260.0,10229.0,1349.0,57679.84,False,False,False,0,False,False,False,5.638854237950923
AAR_2025,Anti-Aging Routine,Product Education,Young Adults,email,2025-03-05,3100.31,8044.0,909.0,269.0,33311.0,False,False,False,0,False,False,True,36.645781081712364
AAR_2025,Anti-Aging Routine,Product Education,Adults,email,2025-04-26,4601.82,8450.0,149.0,48.0,4721.02,False,False,False,0,False,False,False,31.684697986577184
PL_2025,Product Launch,Product Launch,Adults,youtube,2025-02-12,5306.51,221776.0,9380.0,157.0,9940.1,False,False,False,0,False,False,False,1.0597121535181238
PL_2025,Product Launch,Product Launch,Young Adults,tiktok,2025-03-13,7573.1,248462.0,6639.0,149.0,10848.47,False,False,False,0,False,False,False,1.6340518150323844
PL_2025,Product Launch,Product Launch,Young Adults,youtube,2025-02-06,11871.64,422270.0,9945.0,189.0,10097.53,False,False,False,0,False,False,False,1.0153373554550025
TSF_2025,TikTok Skin Fails,Trend Counter,Young Adults,tiktok,2025-04-17,4476.81,464182.0,15686.0,562.0,28491.39,False,False,False,0,False,False,False,1.8163578987632283
AAR_2025,Anti-Aging Routine,Product Education,Adults,facebook,2025-03-21,5180.86,38411.0,748.0,291.0,20772.87,False,False,False,0,False,False,False,27.771216577540105
TSF_2025,TikTok Skin Fails, Trend Counter,Young Adults,facebook,2025-03-24,1565.88,88646.0,4018.0,173.0,8844.45,False,False,False,0,False,False,False,2.2012070681931313
DBB_2025,Don't Burn for Beauty,Social Impact,Young Adults,facebook,2025-07-25,6970.52,194467.0,0.0,0.0,0.0,False,False,False,0,False,False,False,1.356402540054723
TSF_2025,TikTok Skin Fails,Trend Counter,Young Adults,instagram,2025-05-23,8826.63,435609.0,20138.0,491.0,17446.64,False,False,False,0,False,False,False,0.8663541563213825
AAR_2025,Anti-Aging Routine,Product Education,Adults,email,2025-01-23,3143.98,8844.0,547.0,369.0,38206.07,False,False,False,0,False,False,False,69.846563071298
NF_2025,Nature First,Brand Image,Young Adults,instagram,2025-06-04,7146.67,100830.0,5050.0,291.0,17519.62,False,False,False,0,False,False,False,3.4692316831683168
AAR_2025,Anti-Aging Routine,Product Education,Young Adults,youtube,2025-05-06,4399.19,71657.0,2727.0,258.0,15068.56,False,False,False,0,False,False,False,5.525691235790245
HP_2025,Holiday Prep,Seasonal Education,Parents,facebook,2025-11-05,3755.62,20667.0,3242.0,1563.0,97049.85,False,False,False,0,False,False,False,29.9351789019124
PL_2025,Product Launch,Product Launch,Seniors,email,2025-01-16,12295.7,55433.0,0.0,0.0,0.0,False,False,False,0,False,False,False,8.709877626083228
TSF_2025,TikTok Skin Fails,Trend Counter,Young Adults,facebook,2025-06-01,12835.02,1018043.0,96304.0,4036.0,143413.61,False,False,False,0,False,False,False,1.4891760466854957
DBB_2025,Don't Burn for Beauty,Social Impact,Young Adults,instagram,2025-07-31,8781.37,175355.0,0.0,0.0,0.0,False,False,False,0,False,False,False,0.9732815906556541
AAR_2025,Anti-Aging Routine,Product Education,Young Adults,instagram,2025-04-25,5410.28,36993.0,1990.0,287.0,15136.72,False,False,False,0,False,False,False,7.606391959798994
PL_2025,Product Launch,Product Launch,Adults,email,2025-03-02,19023.58,316263.0,20831.0,1173.0,97708.96,False,False,False,0,False,False,False,4.690555422207288
AAR_2025,Anti-Aging Routine,Product Education,Seniors,facebook,2025-01-30,2788.15,11548.0,341.0,103.0,10522.04,False,False,False,0,False,False,False,30.856422287390032
HP_2025,Holiday Prep,Seasonal Education,Seniors,facebook,2025-11-14,5657.45,38810.0,1301.0,260.0,25732.0,False,False,False,0,False,False,True,19.778427752554908
TSF_2025,TikTok Skin Fails,Trend Counter ,Young Adults,tiktok,2025-04-25,91596.87,16320944.0,796807.0,18304.0,881271.56,False,False,False,0,False,False,False,1.1060037876173276
BF_2025,Black Friday,Seasonal Sale,Seniors,email,2025-11-27,7449.99,15126.0,887.0,1397.0,131598.53,False,False,False,0,False,False,False,148.36361894024802
SS_2025,Summer Sale,Seasonal Sale,Young Adults,facebook,2025-07-10,7083.52,169826.0,6984.0,896.0,48003.41,False,False,False,0,False,False,False,6.87334049255441
PL_2025,Product Launch,Product Launch,Seniors,facebook,2025-02-18,9940.84,78159.0,2436.0,166.0,21250.25,False,False,False,0,False,False,False,8.723419540229886
TSF_2025,TikTok Skin Fails,Trend Counter,Gen Z,tiktok,2025-03-13,32261.94,7065927.0,497195.0,19826.0,920277.32,False,False,False,0,False,False,False,1.8509384044489585
AAR_2025,Anti-Aging Routine,Product Education,Seniors,linkedin,2025-06-01,3754.8,17196.0,343.0,96.0,13775.72,False,False,True,0,False,False,False,40.16244897959184
TSF_2025,TikTok Skin Fails,Trend Counter,Young Adults,youtube,2025-04-13,6128.59,444655.0,21811.0,250.0,6891.62,False,False,False,0,False,False,False,0.3159699234331301
AAR_2025,Anti-Aging Routine,Product Education,Adults,facebook,2025-05-17,4353.26,18343.0,501.0,75.0,9613.67,False,False,False,0,False,False,False,19.188962075848302
HP_2025,Holiday Prep,Seasonal Education,Parents,instagram,2025-10-25,2896.74,42500.0,2202.0,1227.0,113760.27,False,False,False,0,False,False,False,51.66224795640327
TSF_2025,TikTok Skin Fails,Trend Counter,Gen Z,tiktok,2025-05-04,4345.11,223630.0,0.0,0.0,0.0,False,False,False,0,False,False,False,0.7661460982148245
AAR_2025,Anti-Aging Routine,Product Education,Young Adults,email,2025-04-14,3185.96,9649.0,520.0,187.0,19250.52,False,False,False,0,False,False,False,37.02023076923077
NF_2025,Nature First,Brand Image,Gen Z,youtube,2025-04-08,8056.5,333005.0,11005.0,130.0,9340.86,False,False,False,0,False,False,False,0.8487832803271241
SCA_2025,Skin Cancer Awareness,Educational Awareness,Seniors,linkedin,2025-05-17,15726.79,172700.0,6737.0,83.0,3740.68,False,False,False,0,False,False,False,0.5552441739646726
PL_2025,Product Launch,Product Launch,Seniors,linkedin,2025-02-23,6995.01,77922.0,3092.5,57.0,7362.61,True,False,False,1,True,True,False,2.3807954729183507
PL_2025,Product Launch,Product Launch,Young Adults,tiktok,2025-03-26,10875.04,432397.0,43541.0,2112.0,211682.43,False,False,False,0,False,False,False,4.861680485060059
AAR_2025,Anti-Aging Routine,Product Education,Young Adults,email,2025-05-17,4698.45,20994.0,0.0,0.0,0.0,False,False,False,0,False,False,False,36.645781081712364
AAR_2025,Anti-Aging Routine,Product Education,Adults,facebook,2025-04-27,6812.21,95868.0,2110.0,401.0,48716.77,False,False,False,0,False,False,False,23.088516587677724
PL_2025,Product Launch,Product Launch,Adults,email,2025-01-29,27195.88,80927.5,18111.0,1914.0,123332.29,True,False,False,0,False,False,False,6.809800121473137
TSF_2025,TikTok Skin Fails,Trend Counter,Young Adults,facebook,2025-05-07,6352.35,382394.0,42929.0,195.0,4329.31,False,False,False,0,False,False,False,0.10084814461086912
AAR_2025,Anti-Aging Routine,Product Education,Adults,email,2025-03-17,5691.79,21251.0,1105.0,488.0,60398.02,False,False,False,0,False,False,False,54.65884162895927
PL_2025,Product Launch,Product Launch,Young Adults,instagram,2025-03-07,18360.88,361945.0,24761.0,356.0,20586.46,False,False,False,0,False,False,False,0.8314066475505836
TSF_2025,TikTok Skin Fails,Trend Counter,Young Adults,tiktok,2025-05-01,5117.03,457584.0,30763.0,858.0,19213.08,False,False,False,0,False,False,False,0.6245515716932679
AAR_2025,Anti-Aging Routine,Product Education,Seniors,email,2025-02-15,3751.94,19005.0,849.0,758.0,81277.76,False,False,False,0,False,False,False,95.73352179034157
AAR_2025,Anti-Aging Routine,Product Education,Young Adults,instagram,2025-03-22,5287.82,49568.0,2474.0,326.0,31729.74,False,False,False,0,False,False,False,12.825278900565886
SS_2025,Summer Sale,Seasonal Sale,Gen Z,youtube,2025-06-08,12447.39,508133.0,30430.0,4112.0,174021.23,False,False,False,0,False,False,False,5.718739073282944
SCA_2025,Skin Cancer Awareness,Educational Awareness,Seniors,facebook,2025-05-06,12838.35,190008.0,5390.0,124.0,4952.47,False,False,False,0,False,False,False,0.9188256029684602
TSF_2025,TikTok Skin Fails,Trend Counter,Gen Z,youtube,2025-03-29,3704.42,261522.0,28060.0,642.0,23770.9,False,False,False,0,False,False,False,0.8471454027084819
DBB_2025,Don't Burn for Beauty,Social Impact,Young Adults,instagram,2025-07-25,4439.49,91893.0,6633.0,286.0,8228.48,False,False,False,0,False,False,False,1.2405367103874565
SCA_2025,Skin Cancer Awareness,Educational Awareness,Adults,youtube,2025-05-31,11061.43,683730.0,19161.0,237.0,7845.55,False,False,False,0,False,False,False,0.40945409947288763
SS_2025,Summer Sale,Seasonal Sale,Young Adults,facebook,2025-07-08,3685.53,97798.0,4941.0,565.0,30603.69,False,False,False,0,False,False,False,6.193825136612022
PL_2025,Product Launch,Product Launch,Seniors,facebook,2025-02-04,13402.63,122586.0,5625.0,87.0,7129.98,False,False,False,0,False,False,False,1.267552
AAR_2025,Anti-Aging Routine,Product Education,Young Adults,email,2025-04-29,5119.3,9752.0,506.0,83.0,6903.81,False,False,False,0,False,False,False,13.643893280632412
AAR_2025,Anti-Aging Routine,Product Education,Adults,facebook,2025-04-02,3596.17,21540.0,1741.0,674.0,65606.36,False,False,False,0,False,False,False,37.68314761631247
NF_2025,Nature First,Brand Image,Gen Z,instagram,2025-02-28,7892.9,163920.0,10986.0,397.0,29844.4,False,False,False,0,False,False,False,2.7165847442199165
SCA_2025,Skin Cancer Awareness,Educational Awareness,Seniors,facebook,2025-05-11,12473.87,589913.0,17713.0,1056.0,29179.18,False,False,False,0,False,False,False,1.6473313385648958
AAR_2025,Anti-Aging Routine,Product Education,Young Adults,instagram,2025-04-14,2813.98,39076.0,2061.0,221.0,14173.48,False,False,False,0,False,False,False,6.876991751576904
SS_2025,Summer Sale,Seasonal Sale,Young Adults,youtube,2025-06-15,8433.76,468528.0,23077.0,1235.0,85664.55,False,False,False,0,False,False,False,3.7121181262729124
AAR_2025,Anti-Aging Routine,Product Education,Adults,youtube,2025-03-07,4313.79,33879.0,974.0,125.0,14168.02,False,False,False,0,False,False,False,14.546221765913758
HP_2025,Holiday Prep,Seasonal Education,Parents,instagram,2025-11-05,5397.52,28401.0,1595.0,567.0,43089.63,False,False,False,0,False,False,False,27.01544200626959
NF_2025,Nature First,Brand Image,Parents,instagram,2025-04-22,4491.29,53420.0,881.0,28.0,2351.4,False,False,False,0,False,False,False,2.669012485811578
AAR_2025,Anti-Aging Routine,Product Education,Seniors,email,2025-04-08,4807.33,8753.0,1159.0,502.0,68158.71,False,False,False,0,False,False,False,58.80820534943918
NF_2025,Nature First,Brand Image,Gen Z,instagram,2025-04-02,11385.51,182120.0,5416.0,102.0,6535.13,False,False,False,0,False,False,False,1.206634047267356
AAR_2025,Anti-Aging Routine,Product Education,Young Adults,facebook,2025-05-04,4245.57,37180.0,2147.0,493.0,48925.42,False,False,False,0,False,False,False,22.787806241266882
NF_2025,Nature First,Brand Image,Gen Z,instagram,2025-04-07,5039.25,71035.0,1875.0,44.0,3740.41,False,False,False,0,False,False,False,1.9948853333333332
AAR_2025,Anti-Aging Routine,Product Education,Seniors,facebook,2025-04-22,5150.5,21686.0,764.0,140.0,13114.79,False,False,False,0,False,False,False,17.1659554973822
SS_2025,Summer Sale,Seasonal Sale,Young Adults,instagram,2025-06-09,3658.7,44526.0,1229.0,199.0,10563.77,False,False,False,0,False,False,False,8.595419039869814
AAR_2025,Anti-Aging Routine,Product Education,Young Adults,facebook,2025-03-27,6650.98,129213.0,5705.0,1033.0,82854.16,False,False,False,0,False,False,False,14.523078001752848
DBB_2025,Don't Burn for Beauty,Social Impact,Gen Z,instagram,2025-08-10,17281.13,1313715.0,103498.0,1825.0,100733.0,False,False,False,0,False,False,True,0.9732815906556541
AAR_2025,Anti-Aging Routine,Product Education,Young Adults,youtube,2025-02-06,5597.17,104615.0,1361.0,91.0,8320.76,False,False,False,0,False,False,False,6.113710506980162
PL_2025,Product Launch,Product Launch,Seniors,linkedin,2025-02-12,11863.26,49170.0,2117.0,182.0,24020.84,False,False,False,0,False,False,False,11.346641473783656
DBB_2025,Don't Burn for Beauty,Social Impact,Gen Z,youtube,2025-06-25,9238.59,1143337.0,246391.0,9059.0,304672.18,False,False,False,0,False,False,False,1.2365394028190964
BF_2025,Black Friday,Seasonal Sale,Parents,facebook,2025-11-23,25116.56,482845.0,6866.0,3268.0,96551.0,False,False,False,1,True,True,True,14.062185837980609
AAR_2025,Anti-Aging Routine,Product Education,Adults,linkedin,2025-12-03,2896.66,12731.0,920.0,84.0,9366.21,False,False,False,0,False,False,False,10.18066304347826
AAR_2025,Anti-Aging Routine,Product Education,Adults,email,2025-03-27,3549.63,9473.0,270.0,90.0,9894.0,False,False,False,0,False,False,True,36.645781081712364
AAR_2025,Anti-Aging Routine,Product Education,Seniors,linkedin,2025-01-22,3729.24,13198.0,437.0,118.0,17352.01,False,False,False,0,False,False,False,39.707116704805486
NF_2025,Nature First,Brand Image,Gen Z,tiktok,2025-06-01,6927.11,136153.0,9294.0,99.0,5002.34,False,False,False,0,False,False,False,0.5382332687755541
AAR_2025,Anti-Aging Routine,Product Education,Adults,linkedin,2025-03-14,3799.95,21608.0,607.0,176.0,13175.62,False,False,False,0,False,False,False,21.706128500823723
AAR_2025,Anti-Aging Routine,Product Education,Seniors,facebook,2025-05-18,4457.8,19460.0,0.0,0.0,0.0,False,False,False,0,False,False,False,18.332014213994107
TSF_2025,TikTok Skin Fails, Trend Counter,Gen Z,instagram,2025-05-11,4979.68,225865.0,12620.0,600.0,31745.56,False,False,False,0,False,False,False,2.515496038034865
TSF_2025,TikTok Skin Fails,Trend Counter,Gen Z,youtube,2025-05-06,82958.45,4240341.0,681979.0,13555.0,356671.29,False,False,False,0,False,False,False,0.5229945350223394
AAR_2025,Anti-Aging Routine,Product Education,Adults,linkedin,2025-05-08,3952.31,8921.0,471.0,191.0,21458.03,False,False,False,0,False,False,False,45.55845010615711
SS_2025,Summer Sale,Seasonal Sale,Parents,email,2025-06-19,2635.07,44236.0,4003.0,860.0,45155.56,False,False,False,0,False,False,False,11.280429677741694
HP_2025,Holiday Prep,Seasonal Education,Seniors,email,2025-11-26,2383.9,8888.0,1893.0,1695.0,129399.87,False,False,False,0,False,False,False,68.35703645007924
NF_2025,Nature First,Brand Image,Young Adults,linkedin,2025-05-08,7388.78,31782.0,910.0,30.0,3067.81,False,False,True,0,False,False,False,3.3712197802197803
TSF_2025,TikTok Skin Fails,Trend Counter,Young Adults,instagram,2025-05-15,7958.23,530047.0,59209.0,346.0,12254.71,False,False,False,0,False,False,False,0.2069737708794271
BF_2025,Black Friday,Seasonal Sale,Parents,instagram,2025-11-26,55757.05,577316.0,37215.0,2305.0,196107.78,False,False,False,0,False,False,False,5.269589681580008
PL_2025,Product Launch,Product Launch,Adults,youtube,2025-02-20,17153.53,836729.0,21491.0,474.0,50604.71,False,False,False,0,False,False,False,2.3546931273556373
AAR_2025,Anti-Aging Routine,Product Education,Adults,youtube,2025-03-17,2851.29,28759.0,2012.0,366.0,28442.0,False,False,False,0,False,False,True,14.135952140908914
AAR_2025,Anti-Aging Routine,Product Education,Young Adults,facebook,2025-06-04,2661.62,17561.0,975.0,314.0,21190.53,False,False,False,0,False,False,False,21.73387692307692
NF_2025,Nature First,Brand Image,Gen Z,tiktok,2025-03-12,6388.62,167002.0,12740.0,42.0,2455.75,False,False,False,0,False,False,False,0.19275902668759812
AAR_2025,Anti-Aging Routine,Product Education,Young Adults,youtube,2025-04-29,5251.3,49361.0,1567.0,292.0,17854.15,False,False,False,0,False,False,False,11.393841735800894
SS_2025,Summer Sale,Seasonal Sale,Adults,email,2025-05-30,9935.76,100156.0,10541.0,4443.0,254459.41,False,False,False,0,False,False,False,24.139968693672326
HP_2025,Holiday Prep,Seasonal Education,Seniors,facebook,2025-11-20,2754.6,18950.0,1806.0,283.0,28298.25,False,False,False,0,False,False,False,15.669019933554818
DBB_2025,Don't Burn for Beauty,Social Impact,Gen Z,youtube,2025-07-08,6207.01,445252.0,18829.0,406.0,12631.14,False,True,False,0,False,False,False,0.6708343512666631
AAR_2025,Anti-Aging Routine,Product Education,Young Adults,facebook,2025-03-22,4030.99,39020.0,1413.0,160.0,12188.23,False,False,False,0,False,False,False,8.625782024062278
AAR_2025,Anti-Aging Routine, Product Education,Young Adults,facebook,2025-04-28,4437.57,36755.0,1116.0,125.0,13609.78,False,False,False,0,False,False,False,12.195143369175629
SCA_2025,Skin Cancer Awareness,Educational Awareness,Seniors,youtube,2025-05-16,12489.24,855618.0,30614.0,743.0,19293.6,False,False,False,0,False,False,False,0.6302214673025412
AAR_2025,Anti-Aging Routine,Product Education,Seniors,facebook,2025-05-22,5561.25,38111.0,1346.0,230.0,25951.77,False,False,False,0,False,False,False,19.280661218424964
TSF_2025,TikTok Skin Fails,Trend Counter,Young Adults,youtube,2025-06-10,3273.56,123036.0,0.0,0.0,0.0,False,False,False,0,False,False,False,1.2136772700374119
AAR_2025,Anti-Aging Routine,Product Education,Adults,linkedin,2025-01-17,4016.45,44411.0,1715.0,260.0,23415.91,False,False,False,0,False,False,False,13.653591836734694
AAR_2025,Anti-Aging Routine,Product Education,Seniors,email,2025-02-05,4003.62,8606.0,645.0,61.0,23637.0,False,False,False,1,True,True,True,36.645781081712364
DBB_2025,Don't Burn for Beauty,Social Impact,Adults,youtube,2025-07-29,8373.72,237053.0,0.0,0.0,0.0,False,False,False,1,True,False,False,1.2543555413413905
TSF_2025,TikTok Skin Fails,Trend Counter,Gen Z,tiktok,2025-05-25,2001.3,347699.0,11274.0,663.0,26883.55,False,False,False,0,False,False,False,2.38456182366507
SS_2025,Summer Sale,Seasonal Sale,Parents,facebook,2025-07-09,1772.56,17610.0,1348.0,139.0,7037.6,False,False,False,0,False,False,False,5.220771513353116
PL_2025,Product Launch,Product Launch,Young Adults,tiktok,2025-03-29,7721.64,290059.0,13154.0,149.0,11458.27,False,False,False,0,False,False,False,0.8710863615630227
NF_2025,Nature First,Brand Image,Gen Z,tiktok,2025-05-09,6049.83,148101.0,4833.0,27.0,1587.72,False,False,False,0,False,False,False,0.32851644941030417
NF_2025,Nature First,Brand Image,Gen Z,tiktok,2025-04-24,8606.5,624712.0,18595.0,122.0,6530.88,False,False,False,0,False,False,False,0.35121699381554183
TSF_2025,TikTok Skin Fails,Trend Counter,Young Adults,youtube,2025-05-06,18568.55,1869860.0,34977.0,488.0,14498.72,False,False,False,0,False,False,False,0.41452154272807845
DBB_2025,Don't Burn for Beauty,Social Impact,Young Adults,youtube,2025-08-06,5748.01,543369.0,21629.0,862.0,30958.08,False,False,False,0,False,False,False,1.4313227611077721
TSF_2025,TikTok Skin Fails,Trend Counter,Young Adults,facebook,2025-06-04,21414.91,698251.0,0.0,0.0,0.0,False,False,False,1,True,False,False,1.1829255617409198
SS_2025,Summer Sale,Seasonal Sale,Adults,email,2025-06-24,5611.49,39672.0,2570.0,1840.0,140906.92,False,False,False,1,True,True,False,54.82759533073931
AAR_2025,Anti-Aging Routine,Product Education,Adults,email,2025-05-29,5343.0,12891.0,897.0,299.0,25015.58,False,False,False,0,False,False,False,27.88804905239688
PL_2025,Product Launch,Product Launch,Adults,youtube,2025-02-16,20243.06,504129.0,35711.0,841.0,88041.0,False,False,False,0,False,False,True,2.4653793774319066
NF_2025,Nature First,Brand Image,Parents,facebook,2025-03-21,3956.82,44385.0,1683.0,53.0,5073.48,False,False,False,0,False,False,False,3.014545454545454
PL_2025,Product Launch,Product Launch,Adults,instagram,2025-02-02,5447.61,101107.0,4600.0,36.0,3768.15,False,False,False,0,False,False,False,0.8191630434782609
TSF_2025,TikTok Skin Fails, Trend Counter,Gen Z,instagram,2025-06-02,7113.24,471180.0,42627.0,1091.0,53787.83,False,False,False,0,False,False,False,1.261825368897647
SS_2025,Summer Sale,Seasonal Sale,Adults,linkedin,2025-06-12,5337.58,13311.0,523.0,56.0,2546.07,False,False,False,0,False,False,False,4.868202676864245
SCA_2025,Skin Cancer Awareness,Educational Awareness,Adults,youtube,2025-05-09,10081.13,919385.0,53765.0,1316.0,45660.43,False,False,False,0,False,False,False,0.8492593694782852
PL_2025,Product Launch,Product Launch,Adults,youtube,2025-03-03,20244.01,731221.0,11708.0,209.0,12472.31,False,False,False,0,False,False,False,1.0652810044414076
PL_2025,Product Launch,Product Launch,Seniors,linkedin,2025-01-19,10119.05,77922.0,1832.0,47.0,3780.53,False,False,False,0,False,False,False,2.0636080786026203
AAR_2025,Anti-Aging Routine,Product Education,Adults,facebook,2025-04-23,3304.85,14326.0,219.0,22.0,1909.88,False,False,False,0,False,False,False,8.720913242009132
PL_2025,Product Launch,Product Launch,Adults,facebook,2025-01-18,11028.75,207815.0,7457.0,145.0,12274.02,False,False,False,0,False,False,False,1.6459729113584551
TSF_2025,TikTok Skin Fails,Trend Counter,Young Adults,facebook,2025-05-09,2032.86,78743.0,8056.0,385.0,14765.14,False,False,False,0,False,False,False,1.832812810327706
DBB_2025,Don't Burn for Beauty,Social Impact,Adults,facebook,2025-07-25,3388.85,108861.0,4560.0,119.0,4317.86,False,False,False,0,False,False,False,0.9468991228070175
SS_2025,Summer Sale,Seasonal Sale,Parents,facebook,2025-06-27,10289.5,188917.0,12376.0,920.0,56800.02,False,False,False,0,False,False,False,4.589529734970911
HP_2025,Holiday Prep,Seasonal Education,Adults,instagram,2025-11-20,6402.04,93671.0,0.0,0.0,0.0,False,False,False,0,False,False,False,22.127674886763966
AAR_2025,Anti-Aging Routine,Product Education,Young Adults,instagram,2025-04-23,4991.15,34132.0,560.0,57.0,5480.04,False,False,False,0,False,False,False,9.785785714285714
AAR_2025,Anti-Aging Routine,Product Education,Young Adults,instagram,2025-02-17,3879.44,47309.0,1522.0,315.0,34645.42,False,False,False,0,False,False,False,22.763088042049933
NF_2025,Nature First,Brand Image,Young Adults,youtube,2025-03-22,8847.51,209220.0,6392.0,103.0,7645.41,False,False,False,0,False,False,False,1.196090425531915
SS_2025,Summer Sale,Seasonal Sale,Young Adults,instagram,2025-07-10,6762.81,84170.0,4060.0,454.0,23632.33,False,False,True,0,False,False,False,5.820770935960591
SS_2025,Summer Sale,Seasonal Sale,Gen Z,instagram,2025-06-02,9622.6,308411.0,4585.0,1454.0,88655.19,False,False,False,1,True,True,False,19.335919302071975
SS_2025,Summer Sale, Seasonal Sale,Young Adults,facebook,2025-05-30,4431.74,72506.0,6057.0,644.0,26591.47,True,False,False,0,False,False,False,4.390204721809477
AAR_2025,Anti-Aging Routine,Product Education,Young Adults,facebook,2025-03-05,3243.43,26506.0,1232.0,196.0,13082.67,False,False,False,0,False,False,False,10.619050324675325
NF_2025,Nature First,Brand Image,Parents,instagram,2025-04-20,4042.15,39326.0,1384.0,65.0,5485.81,False,False,False,0,False,False,False,3.9637355491329482
PL_2025,Product Launch,Product Launch,Seniors,linkedin,2025-01-21,15346.74,187793.0,4051.0,178.0,18038.65,False,False,False,0,False,False,False,4.452888175759072
TSF_2025,TikTok Skin Fails,Trend Counter,Young Adults,instagram,2025-04-30,12666.32,806954.0,64355.0,1305.0,77795.01,False,False,False,0,False,False,False,1.2088417372387537
NF_2025,Nature First,Brand Image,Gen Z,tiktok,2025-06-03,7318.83,335015.0,9714.0,130.0,6178.49,False,False,False,0,False,False,False,0.6360397364628371
AAR_2025,Anti-Aging Routine,Product Education,Adults,linkedin,2025-02-08,2491.96,7051.0,133.0,31.0,3292.58,False,False,False,0,False,False,False,24.75624060150376
DBB_2025,Don't Burn for Beauty,Social Impact,Gen Z,instagram,2025-06-25,14030.37,374011.0,24816.0,2423.0,83591.66,False,False,False,0,False,False,False,3.368458252740168
PL_2025,Product Launch,Product Launch,Young Adults,facebook,2025-02-01,15702.92,387362.0,16646.0,309.0,25958.56,False,False,False,0,False,False,False,1.559447314670191
DBB_2025,Don't Burn for Beauty,Social Impact,Young Adults,facebook,2025-07-10,3827.29,140611.0,5763.0,180.0,5562.44,False,False,False,0,False,False,False,0.9651986812424084
AAR_2025,Anti-Aging Routine,Product Education,Seniors,email,2025-03-13,2993.12,8474.0,400.0,102.0,11027.85,False,False,False,0,False,False,False,27.569625000000002
NF_2025,Nature First,Brand Image,Gen Z,instagram,2025-05-25,3405.67,34675.0,0.0,0.0,0.0,False,False,False,0,False,False,False,1.5345451262600327
BF_2025,Black Friday,Seasonal Sale,Gen Z,youtube,2025-12-01,13173.07,396707.0,27544.0,15893.0,666881.09,False,False,False,0,False,False,False,24.21148308161487
AAR_2025,Anti-Aging Routine,Product Education,Young Adults,email,2025-04-16,3378.89,12457.0,1269.0,453.0,26477.11,False,False,False,0,False,False,False,20.864546887312844
TSF_2025,TikTok Skin Fails,Trend Counter,Gen Z,tiktok,2025-06-11,15260.35,2224857.0,162996.0,4539.0,76843.79,False,False,False,0,False,False,False,0.4714458637021767
PL_2025,Product Launch,Product Launch,Seniors,facebook,2025-03-18,7844.81,73531.0,4251.0,187.0,14015.96,False,False,False,0,False,False,False,3.297097153610915
SCA_2025,Skin Cancer Awareness,Educational Awareness,Adults,youtube,2025-05-18,10394.96,317699.0,7948.0,117.0,4541.73,False,True,False,0,False,False,False,0.5714305485656769
SS_2025,Summer Sale,Seasonal Sale,Parents,facebook,2025-07-08,3048.68,28916.0,1941.0,131.0,7962.78,False,False,False,0,False,False,False,4.102411128284389
AAR_2025,Anti-Aging Routine, Product Education,Adults,youtube,2025-04-09,5153.87,52512.0,0.0,0.0,0.0,False,False,False,0,False,False,False,14.135952140908914
AAR_2025,Anti-Aging Routine,Product Education,Adults,email,2025-05-17,3164.85,9953.0,527.0,75.0,8978.21,False,False,False,0,False,False,False,17.036451612903225
TSF_2025,TikTok Skin Fails, Trend Counter,Gen Z,youtube,2025-05-02,7646.03,1095214.0,48926.0,3283.0,178571.58,False,False,False,0,False,False,False,3.6498299472673015
BF_2025,Black Friday,Seasonal Sale,Seniors,facebook,2025-11-29,7415.12,83435.0,3796.0,1112.0,104072.86,False,False,False,0,False,False,False,27.41645416227608
DBB_2025,Don't Burn for Beauty,Social Impact,Adults,facebook,2025-07-28,4770.34,183861.0,0.0,0.0,0.0,False,False,False,0,False,False,False,1.356402540054723
AAR_2025,Anti-Aging Routine,Product Education,Young Adults,youtube,2025-01-20,5073.89,46496.0,1022.0,194.0,19968.45,False,False,False,0,False,False,False,19.538600782778865
SS_2025,Summer Sale,Seasonal Sale,Parents,email,2025-06-07,9254.42,70921.0,3868.0,1769.0,96422.15,False,False,False,0,False,False,False,24.928167011375386
SS_2025,Summer Sale,Seasonal Sale,Young Adults,email,2025-07-18,5125.02,28564.0,3109.0,707.0,35367.06,False,False,False,0,False,False,False,11.375702798327437
NF_2025,Nature First,Brand Image,Gen Z,tiktok,2025-04-20,3577.58,140635.0,2704.0,43.0,2942.16,False,False,False,0,False,False,False,1.088076923076923
PL_2025,Product Launch,Product Launch,Adults,instagram,2025-01-23,10316.58,141575.0,3359.0,117.0,13503.36,False,False,False,0,False,False,False,4.020053587377196
TSF_2025,TikTok Skin Fails,Trend Counter,Young Adults,instagram,2025-03-18,3590.31,119749.0,2437.0,119.0,1866.65,False,False,False,0,False,False,False,0.7659622486663932
SS_2025,Summer Sale,Seasonal Sale,Young Adults,email,2025-05-20,4585.95,23606.0,2203.0,346.0,18660.34,False,False,False,0,False,False,False,8.470422151611439
BF_2025,Black Friday,Seasonal Sale,Seniors,email,2025-11-20,17139.39,35750.0,4899.0,2433.0,195274.34,False,False,False,0,False,False,False,39.86004082465809
AAR_2025,Anti-Aging Routine,Product Education,Adults,email,2025-04-06,2901.57,9852.0,1034.0,365.0,30158.22,False,False,False,0,False,False,False,29.166557059961317
PL_2025,Product Launch,Product Launch,Young Adults,tiktok,2025-01-21,5227.75,178336.0,4743.0,39.0,3888.18,False,False,False,0,False,False,False,0.8197722960151802
SCA_2025,Skin Cancer Awareness,Educational Awareness,Seniors,facebook,2025-05-28,4514.7,142431.0,2922.0,120.0,5844.83,False,False,False,0,False,False,False,2.000284052019165
AAR_2025,Anti-Aging Routine,Product Education,Young Adults,youtube,2025-02-28,3251.88,67496.0,2436.0,261.0,18997.75,False,False,False,0,False,False,False,7.798747947454844
SS_2025,Summer Sale,Seasonal Sale,Young Adults,email,2025-05-18,8572.17,106232.0,0.0,0.0,0.0,False,False,False,0,False,False,False,14.187154185022026
AAR_2025,Anti-Aging Routine,Product Education,Seniors,email,2025-04-17,4356.29,15722.0,1262.0,946.0,135086.06,False,False,False,0,False,False,False,107.04125198098257
SS_2025,Summer Sale,Seasonal Sale,Gen Z,instagram,2025-06-07,10006.61,95038.0,5901.0,921.0,49150.11,False,False,False,0,False,False,False,8.329115404168785
AAR_2025,Anti-Aging Routine,Product Education,Seniors,facebook,2025-05-12,3489.37,20980.0,1010.0,83.0,8622.25,False,False,False,0,False,False,False,8.536881188118812
NF_2025,Nature First,Brand Image,Young Adults,youtube,2025-05-24,5679.08,186913.0,6496.0,103.0,8383.47,False,False,False,0,False,False,False,1.2905588054187191
DBB_2025,Don't Burn for Beauty,Social Impact,Young Adults,facebook,2025-06-30,5500.77,295059.0,27338.0,322.0,53393.03,False,False,True,0,False,False,False,1.9530700855951422
DBB_2025,Don't Burn for Beauty,Social Impact,Adults,facebook,2025-08-06,9349.13,407737.0,31124.0,1659.0,76600.42,False,False,False,0,False,False,False,2.4611367433491838
SCA_2025,Skin Cancer Awareness,Educational Awareness,Young Adults,tiktok,2025-05-10,11267.36,1917680.0,0.0,0.0,0.0,False,False,False,0,False,False,False,0.19165174384994388
DBB_2025,Don't Burn for Beauty,Social Impact,Young Adults,facebook,2025-08-05,5447.2,127329.0,12991.0,513.0,21756.26,False,False,False,0,False,False,False,1.6747178816103454
SS_2025,Summer Sale,Seasonal Sale,Parents,facebook,2025-07-02,6201.97,59715.0,1928.0,135.0,9954.39,False,False,False,0,False,False,False,5.163065352697095
SS_2025,Summer Sale,Seasonal Sale,Gen Z,youtube,2025-05-20,15285.58,550460.0,28038.0,5356.0,209056.46,False,False,False,0,False,False,False,7.456183037306512
BF_2025,Black Friday,Seasonal Sale,Parents,email,2025-12-03,11060.13,41965.0,5922.0,3308.0,167509.97,False,False,False,0,False,False,False,28.286046943600134
SCA_2025,Skin Cancer Awareness,Educational Awareness,Adults,youtube,2025-05-21,11205.68,1033730.0,37108.0,524.0,21383.94,False,False,False,0,False,False,False,0.5762622615069526
SS_2025,Summer Sale,Seasonal Sale,Gen Z,youtube,2025-07-10,2205.12,73825.0,5584.0,406.0,18577.4,False,False,False,0,False,False,False,3.3268982808022924
SCA_2025,Skin Cancer Awareness,Educational Awareness,Seniors,facebook,2025-06-03,15698.35,367266.0,17713.0,193.0,6608.93,False,False,False,0,False,False,False,0.3731118387624908
AAR_2025,Anti-Aging Routine,Product Education ,Young Adults,youtube,2025-03-09,6025.53,66740.0,2406.0,199.0,12590.66,False,False,False,0,False,False,False,5.233025768911055
PL_2025,Product Launch,Product Launch,Seniors,email,2025-03-03,15633.74,78794.0,0.0,0.0,0.0,False,False,False,0,False,False,False,8.709877626083228
AAR_2025,Anti-Aging Routine,Product Education,Adults,email,2025-03-24,4665.8,12892.0,638.0,149.0,18832.26,False,False,False,0,False,False,False,29.517648902821314
AAR_2025,Anti-Aging Routine,Product Education,Seniors,linkedin,2025-03-07,4327.87,27204.0,565.0,137.0,16549.8,False,False,False,0,False,False,False,29.2916814159292
NF_2025,Nature First,Brand Image,Gen Z,instagram,2025-06-01,5123.13,60841.0,4792.0,71.0,3187.1,False,False,False,0,False,False,False,0.6650876460767946
AAR_2025,Anti-Aging Routine,Product Education,Seniors,facebook,2025-04-27,4226.68,22061.0,403.0,60.0,5670.04,False,False,False,0,False,False,False,14.069578163771713
SS_2025,Summer Sale,Seasonal Sale,Adults,email,2025-07-22,4303.89,13675.0,894.0,193.0,14610.23,False,False,False,0,False,False,False,16.342539149888143
AAR_2025,Anti-Aging Routine,Product Education,Young Adults,email,2025-05-20,3256.32,22891.0,1227.0,240.0,17974.24,False,False,False,0,False,False,False,14.648932355338225
NF_2025,Nature First,Brand Image,Gen Z,youtube,2025-05-31,3618.69,62299.0,2821.0,76.0,6203.69,False,False,False,0,False,False,False,2.1991102445941153
AAR_2025,Anti-Aging Routine,Product Education,Young Adults,youtube,2025-04-06,7013.97,73801.0,2283.0,268.0,32272.0,False,False,False,0,False,False,True,14.135952140908914
TSF_2025,TikTok Skin Fails,Trend Counter,Young Adults,facebook,2025-04-14,4253.57,239760.0,15269.0,312.0,16374.9,False,False,False,0,False,False,False,1.072427794878512
NF_2025,Nature First,Brand Image,Gen Z,tiktok,2025-04-07,10224.24,236028.0,6736.0,79.0,5078.73,False,False,False,0,False,False,False,0.7539682304038005
SS_2025,Summer Sale,Seasonal Sale,Gen Z,tiktok,2025-06-14,4115.65,162433.0,0.0,0.0,0.0,False,False,False,0,False,False,False,2.80956829827236
NF_2025,Nature First,Brand Image,Young Adults,instagram,2025-05-14,7455.5,90914.0,2246.0,28.0,1945.28,False,False,False,0,False,False,False,0.8661086375779162
AAR_2025,Anti-Aging Routine,Product Education,Adults,email,2025-02-14,4221.08,9893.0,338.0,212.0,12386.0,False,False,False,0,False,False,True,36.645781081712364
DBB_2025,Don't Burn for Beauty,Social Impact,Adults,linkedin,2025-06-30,5782.33,110028.0,4426.0,94.0,2900.46,False,False,False,0,False,False,False,0.6553230908269317
DBB_2025,Don't Burn for Beauty,Social Impact,Gen Z,instagram,2025-08-05,17891.07,990270.0,33962.0,1430.0,46074.51,False,False,False,0,False,False,False,1.35664890171368
PL_2025,Product Launch,Product Launch,Adults,instagram,2025-09-03,33961.03,502984.0,16416.0,449.0,48261.94,False,False,False,0,False,False,False,2.939932992202729
BF_2025,Black Friday,Seasonal Sale,Young Adults,tiktok,2025-11-30,2681.27,163815.0,11965.0,1379.0,109824.01,False,False,False,0,False,False,False,9.17877225240284
BF_2025,Black Friday,Seasonal Sale,Parents,email,2025-11-30,14354.24,66537.0,0.0,0.0,0.0,False,False,False,0,False,False,False,29.77045716723938
TSF_2025,TikTok Skin Fails,Trend Counter,Gen Z,instagram,2025-03-31,21311.57,2088404.0,142555.0,6121.0,232416.47,False,False,False,0,False,False,False,1.6303635088211568
AAR_2025,Anti-Aging Routine,Product Education,Young Adults,email,2025-04-08,5237.26,11045.0,577.0,406.0,32754.19,False,False,False,0,False,False,False,56.76636048526863
DBB_2025,Don't Burn for Beauty,Social Impact,Adults,facebook,2025-08-05,9388.49,341498.0,18657.0,1366.0,58365.88,False,False,False,0,False,False,False,3.1283636168730236
HP_2025,Holiday Prep,Seasonal Education,Adults,email,2025-11-05,3193.43,10382.0,1327.0,697.0,41352.62,False,False,False,0,False,False,False,31.162486812358704
AAR_2025,Anti-Aging Routine,Product Education,Adults,email,2025-04-20,4381.11,7670.0,644.0,321.0,36835.49,False,True,False,0,False,False,False,57.19796583850931
DBB_2025,Don't Burn for Beauty,Social Impact,Young Adults,tiktok,2025-07-07,16379.45,630173.0,60250.0,673.0,22959.39,False,False,False,0,False,False,False,0.38106871369294604
TSF_2025,TikTok Skin Fails,Trend Counter,Gen Z,instagram,2025-05-12,3117.69,140855.0,17423.0,240.0,3874.75,False,False,False,0,False,False,False,0.22239281409630948
PL_2025,Product Launch,Product Launch,Adults,email,2025-03-28,11181.38,93701.0,7425.0,675.0,65661.88,False,False,False,0,False,False,False,8.843350841750842
SCA_2025,Skin Cancer Awareness,Educational Awareness,Seniors,facebook,2025-05-19,9788.51,300392.0,10931.0,181.0,7024.0,False,False,False,0,False,False,True,0.6426069075874439
TSF_2025,TikTok Skin Fails,Trend Counter,Young Adults,youtube,2025-05-27,3366.13,637237.0,85041.0,2202.0,48593.69,False,False,False,0,False,False,False,0.5714148469561741
NF_2025,Nature First,Brand Image,Young Adults,instagram,2025-05-13,3863.41,49136.0,1303.0,38.0,1898.72,False,False,False,0,False,False,False,1.457191097467383
SS_2025,Summer Sale,Seasonal Sale,Parents,instagram,2025-06-11,1919.11,44202.0,1871.0,218.0,13193.6,False,False,False,0,False,False,False,7.051630144307857
PL_2025,Product Launch,Product Launch,Adults,facebook,2025-03-05,19926.9,298614.0,18705.0,485.0,34112.1,False,False,False,0,False,False,False,1.8236888532477946
SCA_2025,Skin Cancer Awareness,Educational Awareness,Young Adults,instagram,2025-05-25,10561.97,611567.0,10108.0,45.0,1688.83,False,False,False,0,False,False,False,0.16707855164226354
NF_2025,Nature First,Brand Image,Parents,email,2025-03-11,5872.38,22353.0,1190.0,83.0,7621.92,False,False,False,0,False,False,False,6.404974789915967
TSF_2025,TikTok Skin Fails,Trend Counter,Gen Z,instagram,2025-03-20,6936.28,431884.0,73667.0,3343.0,101375.65,False,False,False,0,False,False,False,1.3761338183990117
HP_2025,Holiday Prep,Seasonal Education,Adults,instagram,2025-11-06,3993.1,67510.0,1654.0,1239.0,79365.14,False,False,False,1,True,True,False,47.98376058041112
SS_2025,Summer Sale,Seasonal Sale,Adults,linkedin,2025-07-17,3264.73,43722.0,2188.0,391.0,20807.18,False,False,False,0,False,False,False,9.509680073126143
SS_2025,Summer Sale,Seasonal Sale,Gen Z,instagram,2025-07-25,2847.59,66773.0,3226.0,179.0,10909.56,False,False,False,0,False,False,False,3.3817606943583383
DBB_2025,Don't Burn for Beauty,Social Impact,Young Adults,youtube,2025-07-29,14355.92,681638.0,54363.0,824.0,22838.42,False,False,False,0,False,False,False,0.4201096333903574
PL_2025,Product Launch,Product Launch,Young Adults,facebook,2025-02-05,12011.24,183037.0,6906.0,271.0,19942.57,False,False,False,0,False,False,False,2.8877164784245584
SS_2025,Summer Sale,Seasonal Sale,Adults,email,2025-06-28,13094.22,56474.0,2917.0,501.0,33385.51,False,False,False,0,False,False,False,11.44515255399383
BF_2025,Black Friday,Seasonal Sale,Parents,email,2025-11-28,17025.54,67729.0,9340.0,2956.0,195065.66,False,False,False,0,False,False,False,20.88497430406852
SS_2025,Summer Sale,Seasonal Sale,Adults,linkedin,2025-06-08,4745.43,38434.0,3182.0,418.0,20741.8,False,False,False,0,False,False,False,6.518478944060339
AAR_2025,Anti-Aging Routine,Product Education,Seniors,linkedin,2025-03-01,2627.25,20492.0,477.0,116.0,16791.86,False,False,False,0,False,False,False,35.2030607966457
TSF_2025,TikTok Skin Fails,Trend Counter,Young Adults,facebook,2025-03-28,13140.85,526271.0,0.0,0.0,0.0,False,False,False,0,False,False,False,1.1829255617409198
HP_2025,Holiday Prep,Seasonal Education,Parents,instagram,2025-11-26,5115.78,28298.0,2702.0,427.0,59789.0,False,False,False,0,False,False,True,22.127674886763966
AAR_2025,Anti-Aging Routine,Product Education,Adults,facebook,2025-06-06,3370.01,18579.0,0.0,0.0,0.0,False,False,False,0,False,False,False,18.332014213994107
AAR_2025,Anti-Aging Routine,Product Education,Adults,email,2025-03-10,4880.24,29088.0,962.0,867.0,64686.62,False,False,False,0,False,False,False,67.24180873180873
TSF_2025,TikTok Skin Fails,Trend Counter,Young Adults,facebook,2025-06-08,12019.06,1164949.0,47291.0,1883.0,114973.49,False,False,False,0,False,False,False,2.4311917701042485
NF_2025,Nature First,Brand Image,Young Adults,youtube,2025-03-18,7359.19,103919.0,4184.0,62.0,5054.83,False,False,False,0,False,False,False,1.2081333652007649
AAR_2025,Anti-Aging Routine,Product Education,Adults,youtube,2025-03-03,4336.5,37455.0,1824.5,550.0,63074.57,False,False,False,1,True,True,False,34.570879693066594
AAR_2025,Anti-Aging Routine,Product Education,Adults,youtube,2025-05-04,4340.68,43224.0,1403.0,160.0,14668.32,False,False,False,0,False,False,False,10.45496792587313
AAR_2025,Anti-Aging Routine, Product Education,Seniors,linkedin,2025-03-12,4368.9,11291.0,127.0,38.0,5463.05,False,False,False,0,False,False,False,43.016141732283465
TSF_2025,TikTok Skin Fails,Trend Counter,Gen Z,tiktok,2025-06-08,12779.32,1595716.0,84042.0,1143.0,52390.79,False,True,False,0,False,False,False,0.6233881868589515
TSF_2025,TikTok Skin Fails,Trend Counter,Gen Z,tiktok,2025-03-31,6823.88,482101.0,21861.0,849.0,40570.21,False,False,False,0,False,False,False,1.8558259000045743
PL_2025,Product Launch,Product Launch,Seniors,facebook,2025-03-25,16299.09,128473.0,4162.0,214.0,22148.76,False,False,False,0,False,False,False,5.321662662181643
AAR_2025,Anti-Aging Routine,Product Education,Adults,youtube,2025-03-25,2649.97,52453.5,3901.0,714.0,75882.9,True,False,False,0,False,False,False,19.452166111253522
NF_2025,Nature First,Brand Image,Gen Z,youtube,2025-02-20,7180.57,159682.0,9049.0,125.0,10116.79,False,False,False,0,False,False,False,1.1180008840755886
HP_2025,Holiday Prep,Seasonal Education,Adults,email,2025-11-09,4806.36,27478.0,3015.0,1419.0,80085.22,False,False,False,0,False,False,False,26.562262023217247
AAR_2025,Anti-Aging Routine,Product Education,Seniors,facebook,2025-05-09,3085.51,15228.0,267.0,75.0,7355.04,False,False,False,0,False,False,False,27.546966292134833
NF_2025,Nature First,Brand Image,Gen Z,youtube,2025-04-15,4109.66,175581.0,3519.0,152.0,10465.94,False,False,False,0,False,False,False,2.9741233304916173
HP_2025,Holiday Prep,Seasonal Education,Adults,facebook,2025-11-21,5319.0,57961.0,1856.0,826.0,51237.38,False,False,False,0,False,False,False,27.60634698275862
AAR_2025,Anti-Aging Routine,Product Education,Young Adults,email,2025-02-10,5376.99,13320.0,763.0,271.0,27993.66,False,False,False,0,False,False,False,36.688938401048496
NF_2025,Nature First,Brand Image,Young Adults,linkedin,2025-04-12,3071.54,14891.0,330.0,6.0,418.15,False,False,False,0,False,False,False,1.267121212121212
SS_2025,Summer Sale,Seasonal Sale,Parents,instagram,2025-06-10,2104.19,32800.0,2507.0,157.0,8933.42,False,False,False,0,False,False,False,3.5633905065815714
NF_2025,Nature First,Brand Image,Gen Z,tiktok,2025-03-28,4966.72,98186.0,3427.0,18.0,1456.94,False,False,False,0,False,False,False,0.4251356871899621
AAR_2025,Anti-Aging Routine,Product Education,Seniors,email,2025-01-28,2427.61,7863.0,538.0,624.0,60502.14,False,False,False,0,False,False,False,112.4575092936803
NF_2025,Nature First,Brand Image,Young Adults,instagram,2025-05-23,3989.53,32773.0,2617.0,34.0,2678.07,False,False,False,0,False,False,False,1.0233358807795185
HP_2025,Holiday Prep,Seasonal Education,Seniors,email,2025-11-22,4387.23,13703.0,2216.0,1464.0,114895.78,False,False,False,0,False,False,False,51.8482761732852
AAR_2025,Anti-Aging Routine,Product Education,Young Adults,facebook,2025-06-06,4539.55,29486.0,0.0,0.0,0.0,False,False,False,0,False,False,False,18.332014213994107
DBB_2025,Don't Burn for Beauty,Social Impact,Adults,facebook,2025-07-08,3794.57,128571.0,4201.0,133.0,6077.81,False,False,False,0,False,False,False,1.44675315401095
SS_2025,Summer Sale,Seasonal Sale,Young Adults,facebook,2025-06-26,3495.03,75693.0,3983.0,387.0,10342.03,False,False,True,0,False,False,False,2.5965428069294503
AAR_2025,Anti-Aging Routine,Product Education,Young Adults,facebook,2025-04-23,6490.85,37083.0,808.0,136.0,9688.62,False,False,False,0,False,False,False,11.990866336633664
AAR_2025,Anti-Aging Routine,Product Education ,Young Adults,facebook,2025-04-17,3745.37,26154.0,1401.0,132.0,8810.56,False,False,False,0,False,False,False,6.28876516773733
BF_2025,Black Friday,Seasonal Sale ,Young Adults,tiktok,2025-11-19,29162.6,1445219.0,40536.0,2280.0,128275.65,False,False,False,0,False,False,False,3.1644871225577265
TSF_2025,TikTok Skin Fails,Trend Counter,Young Adults,youtube,2025-06-06,10804.65,1111466.0,55802.0,2071.0,48093.32,False,False,False,0,False,False,False,0.8618565642808501
DBB_2025,Don't Burn for Beauty,Social Impact,Adults,youtube,2025-08-06,3709.76,113528.0,5134.0,162.0,4275.9,False,False,False,0,False,False,False,0.8328593689131281
PL_2025,Product Launch,Product Launch,Adults,instagram,2025-03-06,18722.11,675819.0,26092.0,625.0,62913.1,False,False,False,0,False,False,False,2.4112026674842864
HP_2025,Holiday Prep,Seasonal Education,Adults,email,2025-11-01,4648.03,20373.0,864.0,609.0,38866.44,False,False,False,0,False,False,False,44.98430555555556
PL_2025,Product Launch,Product Launch,Young Adults,facebook,2025-03-09,11480.94,328287.0,10493.0,229.0,29514.18,False,False,False,0,False,False,False,2.8127494520156295
AAR_2025,Anti-Aging Routine,Product Education,Young Adults,facebook,2025-05-10,2317.28,18405.0,1241.0,220.0,20033.67,False,False,False,0,False,False,False,16.14316680096696
AAR_2025,Anti-Aging Routine,Product Education,Seniors,facebook,2025-02-21,3280.99,15051.0,395.0,36.0,5650.7,False,False,False,0,False,False,False,14.305569620253165
SS_2025,Summer Sale,Seasonal Sale,Parents,email,2025-06-09,7058.37,20293.0,2570.0,785.0,50986.6,False,False,False,1,True,True,False,19.839143968871596
HP_2025,Holiday Prep,Seasonal Education,Adults,facebook,2025-11-03,3484.88,32470.0,2054.0,373.0,25986.94,False,False,False,0,False,False,False,12.65186952288218
SS_2025,Summer Sale,Seasonal Sale,Young Adults,youtube,2025-05-10,17915.52,480002.0,32026.0,6676.0,331260.35,False,False,False,0,False,False,False,10.343481858489977
PL_2025,Product Launch,Product Launch,Young Adults,tiktok,2025-02-13,51635.45,1007055.0,32584.0,268.0,25794.14,False,False,False,0,False,False,False,0.7916198134053523
AAR_2025,Anti-Aging Routine,Product Education,Adults,linkedin,2025-04-03,4486.19,28056.0,747.0,66.0,6430.59,False,False,False,0,False,False,False,8.60855421686747
DBB_2025,Don't Burn for Beauty,Social Impact,Gen Z,youtube,2025-08-04,17645.63,1261623.0,102683.0,1578.0,34172.36,False,False,False,0,False,False,False,0.33279471772347907
SS_2025,Summer Sale,Seasonal Sale,Parents,facebook,2025-06-15,5858.11,76339.0,4535.0,780.0,29235.0,False,False,False,0,False,False,True,6.446572695278251
AAR_2025,Anti-Aging Routine,Product Education,Young Adults,facebook,2025-06-05,4698.85,49561.0,2383.0,287.0,18413.87,False,False,False,0,False,False,False,7.727180025178346
AAR_2025,Anti-Aging Routine,Product Education,Adults,facebook,2025-02-18,2844.55,30804.0,1051.0,134.0,14463.02,False,False,False,0,False,False,False,13.761198858230257
SS_2025,Summer Sale,Seasonal Sale,Parents,email,2025-07-08,3311.22,11596.0,809.0,269.0,15671.95,False,False,False,0,False,False,False,19.372002472187887
TSF_2025,TikTok Skin Fails,Trend Counter,Young Adults,facebook,2025-05-04,40314.47,4210454.0,163687.0,16492.0,764734.84,False,False,False,0,False,False,False,4.6719338737957194
TSF_2025,TikTok Skin Fails,Trend Counter,Young Adults,instagram,2025-04-06,12489.81,623272.0,17766.0,1880.0,89668.81,False,False,False,0,False,False,False,5.047214342001576
PL_2025,Product Launch,Product Launch,Adults,youtube,2025-03-14,16699.37,936973.0,49222.0,987.0,97927.62,False,False,False,0,False,False,False,1.9895091625695827
TSF_2025,TikTok Skin Fails,Trend Counter,Young Adults,facebook,2025-04-28,5089.96,174562.0,14393.0,95.0,5717.99,False,False,False,0,False,False,False,0.39727575904953794
NF_2025,Nature First,Brand Image,Young Adults,youtube,2025-05-20,6727.87,119744.0,2897.0,94.0,4847.42,False,False,False,0,False,False,False,1.6732550914739386
TSF_2025,TikTok Skin Fails,Trend Counter,Gen Z,instagram,2025-06-03,1228.43,124664.0,9614.0,244.0,3850.9,False,False,False,0,False,False,False,0.40055127938423135
PL_2025,Product Launch,Product Launch,Adults,email,2025-02-18,6385.51,99576.0,4013.0,229.0,15041.26,False,False,False,0,False,False,False,3.74813356591079
SS_2025,Summer Sale,Seasonal Sale,Adults,email,2025-07-11,5795.67,23023.0,1307.0,90.0,3671.7,False,False,False,0,False,False,False,2.809257842387146
PL_2025,Product Launch,Product Launch,Seniors,email,2025-03-05,9546.58,32181.0,2679.0,201.0,14877.07,False,False,False,0,False,False,False,5.553217618514371
DBB_2025,Don't Burn for Beauty,Social Impact,Young Adults,youtube,2025-06-26,3818.94,77213.0,5297.0,198.0,8487.65,False,False,False,0,False,False,False,1.6023503870115159
DBB_2025,Don't Burn for Beauty,Social Impact,Young Adults,instagram,2025-07-13,15752.08,776831.0,25557.0,509.0,18949.55,False,False,False,0,False,False,False,0.7414622217005126
AAR_2025,Anti-Aging Routine,Product Education,Adults,facebook,2025-03-03,4086.37,20433.0,615.0,91.0,6608.36,False,False,False,0,False,False,False,10.745300813008129
SCA_2025,Skin Cancer Awareness,Educational Awareness,Young Adults,instagram,2025-05-23,12722.02,514004.0,26909.0,347.0,6921.27,False,False,False,0,False,False,False,0.2572102270615779
NF_2025,Nature First,Brand Image,Gen Z,tiktok,2025-04-12,6431.89,190313.0,6477.0,279.0,23417.0,True,False,False,0,False,False,False,3.615408368071638
AAR_2025,Anti-Aging Routine,Product Education,Adults,linkedin,2025-04-02,4478.52,76453.0,1400.0,88.0,10731.38,False,False,False,0,False,False,False,7.665271428571428
PL_2025,Product Launch,Product Launch,Adults,facebook,2025-02-13,17083.7,201231.0,9400.0,354.0,22179.3,False,False,False,0,False,False,False,2.3594999999999997
AAR_2025,Anti-Aging Routine,Product Education,Young Adults,instagram,2025-05-13,3464.88,23983.0,903.0,227.0,21073.54,False,False,False,0,False,False,False,23.337253599114064
AAR_2025,Anti-Aging Routine,Product Education,Adults,youtube,2025-04-28,5409.51,49168.0,765.0,253.0,28927.59,False,False,False,0,False,False,False,37.8138431372549
AAR_2025,Anti-Aging Routine,Product Education,Young Adults,email,2025-02-25,3860.51,21639.0,3190.0,534.0,30249.56,False,False,False,0,False,False,False,9.482620689655173
DBB_2025,Don't Burn for Beauty,Social Impact,Gen Z,tiktok,2025-06-22,7836.04,1209867.0,128008.0,1038.0,36143.85,False,False,False,0,False,False,False,0.282356180863696
TSF_2025,TikTok Skin Fails,Trend Counter,Young Adults,tiktok,2025-04-09,10343.15,1069949.0,104890.0,9994.0,605938.71,False,False,False,0,False,False,False,5.7768968443130895
SS_2025,Summer Sale,Seasonal Sale,Young Adults,email,2025-07-14,2334.5,16293.0,1727.0,597.0,22643.31,False,False,False,0,False,False,False,13.111354950781703
AAR_2025,Anti-Aging Routine,Product Education,Adults,linkedin,2025-02-06,5848.01,14297.0,280.0,34.0,4143.85,False,False,False,0,False,False,False,14.799464285714286
TSF_2025,TikTok Skin Fails,Trend Counter,Gen Z,instagram,2025-03-19,9915.97,43429.0,2674.0,87.0,2011.39,False,True,False,0,False,False,False,0.7522026925953628
AAR_2025,Anti-Aging Routine,Product Education,Seniors,facebook,2025-05-17,4975.07,22343.0,911.0,665.0,55304.25,False,False,False,0,False,False,False,60.707189901207464
BF_2025,Black Friday,Seasonal Sale,Adults,email,2025-11-19,4090.79,23276.0,3394.0,808.0,71764.07,False,False,False,0,False,False,False,21.144393046552743
HP_2025,Holiday Prep,Seasonal Education,Adults,facebook,2025-10-27,5907.83,62980.0,3155.0,747.0,56422.27,False,False,False,0,False,False,False,17.88344532488114
SCA_2025,Skin Cancer Awareness,Educational Awareness,Young Adults,tiktok,2025-05-29,14992.32,1033113.0,32794.0,147.0,8300.73,False,False,True,0,False,False,False,0.2531173385375373
AAR_2025,Anti-Aging Routine,Product Education,Seniors,facebook,2025-03-27,3811.92,17211.0,636.0,77.0,9603.96,False,False,False,0,False,False,False,15.100566037735847
NF_2025,Nature First,Brand Image,Parents,facebook,2025-03-08,4395.39,36799.0,1027.0,47.0,1608.19,False,False,True,0,False,False,False,1.5659104186952288
AAR_2025,Anti-Aging Routine,Product Education,Adults,facebook,2025-02-11,5241.92,41859.0,1684.0,381.0,33485.98,False,False,False,0,False,False,False,19.88478622327791
AAR_2025,Anti-Aging Routine,Product Education,Seniors,linkedin,2025-03-27,4613.64,18492.0,255.0,110.0,16044.91,False,False,False,0,False,False,False,62.92121568627451
AAR_2025,Anti-Aging Routine,Product Education,Seniors,linkedin,2025-03-26,4345.68,16815.0,665.0,131.0,15422.0,False,False,False,0,False,False,False,23.19097744360902
DBB_2025,Don't Burn for Beauty,Social Impact,Young Adults,youtube,2025-07-24,12429.54,491312.0,18768.0,1026.0,41136.92,False,False,False,0,False,False,False,2.1918648763853366
AAR_2025,Anti-Aging Routine,Product Education,Seniors,facebook,2025-05-23,4266.26,18941.0,880.0,99.0,7990.8,False,False,False,0,False,False,False,9.080454545454545
AAR_2025,Anti-Aging Routine,Product Education,Adults,email,2025-05-26,2942.91,9658.0,694.0,163.0,14339.21,False,False,False,0,False,False,False,20.661685878962533
PL_2025,Product Launch,Product Launch,Adults,youtube,2025-01-28,17019.42,740899.0,21052.0,1536.0,119873.53,False,False,False,0,False,False,False,5.694163499904997
SCA_2025,Skin Cancer Awareness,Educational Awareness,Seniors,linkedin,2025-05-23,9431.55,195350.0,7512.0,59.0,2356.36,False,False,False,1,True,True,False,0.3136794462193823
NF_2025,Nature First,Brand Image,Parents,instagram,2025-05-17,3314.11,30124.0,707.0,7.0,637.63,False,False,False,0,False,False,False,0.9018811881188119
TSF_2025,TikTok Skin Fails,Trend Counter,Young Adults,tiktok,2025-04-23,27669.81,1377822.0,220038.0,2511.0,97386.31,False,False,False,0,False,False,False,0.44258859833301517
DBB_2025,Don't Burn for Beauty,Social Impact,Young Adults,tiktok,2025-07-27,4660.78,105021.0,10776.0,71.0,1730.53,False,False,False,0,False,False,False,0.16059112843355605
TSF_2025,TikTok Skin Fails,Trend Counter,Gen Z,tiktok,2025-05-24,10389.33,1852817.0,49229.0,1789.0,47262.35,False,False,False,0,False,False,False,0.9600509862073168
NF_2025,Nature First,Brand Image,Parents,facebook,2025-03-19,3269.07,29045.0,1030.0,5.0,502.0,False,False,False,0,False,False,False,0.487378640776699
NF_2025,Nature First,Brand Image,Gen Z,instagram,2025-04-01,3626.2,83705.0,3340.0,100.0,6185.68,False,False,False,0,False,False,False,1.852
AAR_2025,Anti-Aging Routine,Product Education,Adults,linkedin,2025-04-29,4702.82,29240.0,831.0,201.0,20715.51,False,False,False,0,False,False,False,24.928411552346567
AAR_2025,Anti-Aging Routine,Product Education,Young Adults,instagram,2025-05-26,5302.78,52231.0,2476.0,246.0,26376.0,False,False,False,0,False,False,False,10.652665589660742
TSF_2025,TikTok Skin Fails,Trend Counter,Young Adults,tiktok,2025-03-30,12104.98,1243173.0,42213.0,216.0,7671.88,False,False,False,0,False,False,False,0.18174211735721224
PL_2025,Product Launch,Product Launch,Seniors,facebook,2025-03-21,9464.46,140414.0,4980.0,253.0,18047.16,False,False,False,0,False,False,False,3.6239277108433736
AAR_2025,Anti-Aging Routine,Product Education,Young Adults,youtube,2025-01-27,4110.03,43079.0,1130.0,252.0,16647.82,False,False,False,0,False,False,False,14.73258407079646
AAR_2025,Anti-Aging Routine,Product Education,Adults,facebook,2025-02-10,3932.53,20799.0,871.0,105.0,3378.95,False,False,False,0,False,False,False,3.8793915040183693
NF_2025,Nature First,Brand Image,Gen Z,tiktok,2025-03-01,6064.94,165065.0,6878.0,141.0,9998.54,False,False,False,1,True,True,False,1.4536987496365223
PL_2025,Product Launch,Product Launch,Seniors,linkedin,2025-03-07,13573.55,77922.0,4452.0,192.0,20330.08,True,False,False,0,False,False,False,4.566504941599281
TSF_2025,TikTok Skin Fails,Trend Counter,Young Adults,tiktok,2025-03-31,27853.64,2475942.0,90197.0,2941.0,138768.31,False,False,False,0,False,False,False,1.5385025000831514
BF_2025,Black Friday,Seasonal Sale,Young Adults,email,2025-12-01,11339.58,141156.0,16266.0,12660.0,819167.84,False,False,False,0,False,False,False,50.36074265338743
PL_2025,Product Launch,Product Launch,Adults,instagram,2025-03-22,22337.08,586197.0,28065.0,1210.0,123164.55,False,False,False,0,False,False,False,4.388546231961518
DBB_2025,Don't Burn for Beauty,Social Impact,Young Adults,facebook,2025-06-29,15479.82,704225.0,9486.0,1656.0,45355.03,False,False,False,1,True,True,False,4.781259751212313
AAR_2025,Anti-Aging Routine,Product Education,Adults,email,2025-03-12,4985.78,11640.0,854.0,117.0,10527.66,False,False,False,0,False,False,False,12.327470725995315
SS_2025,Summer Sale,Seasonal Sale,Gen Z,youtube,2025-07-11,3941.21,89653.0,7242.0,676.0,27117.53,False,False,False,0,False,False,False,3.74448080640707
AAR_2025,Anti-Aging Routine,Product Education,Adults,youtube,2025-05-06,3435.41,26153.0,866.0,194.0,24470.32,False,False,False,0,False,False,False,28.256720554272515
TSF_2025,TikTok Skin Fails,Trend Counter,Gen Z,youtube,2025-04-18,10936.77,1545841.0,226635.0,1519.0,59817.67,False,False,False,0,False,False,False,0.2639383590354535
SS_2025,Summer Sale,Seasonal Sale,Young Adults,facebook,2025-05-22,1210.52,27604.0,2453.0,258.0,15813.0,False,False,False,0,False,False,True,6.446572695278251
SS_2025,Summer Sale,Seasonal Sale,Adults,facebook,2025-05-16,4790.56,47899.0,1720.0,321.0,22122.34,False,False,False,0,False,False,False,12.86182558139535
PL_2025,Product Launch,Product Launch,Young Adults,youtube,2025-03-13,10860.47,670602.0,62933.0,3483.0,359563.76,False,False,False,0,False,False,False,5.713437465240812
PL_2025,Product Launch,Product Launch,Adults,youtube,2025-02-25,15507.59,223394.0,5744.0,185.0,14161.0,False,False,False,0,False,False,True,2.4653793774319066
SCA_2025,Skin Cancer Awareness,Educational Awareness,Young Adults,youtube,2025-05-17,12974.63,983292.0,30133.0,170.0,6715.64,False,False,False,0,False,False,False,0.22286662463080345
PL_2025,Product Launch,Product Launch,Adults,facebook,2025-01-23,11738.27,197896.0,13878.0,577.0,45747.0,False,False,False,0,False,False,True,3.2963992219790907
DBB_2025,Don't Burn for Beauty,Social Impact,Gen Z,tiktok,2025-08-07,2871.47,221726.0,20105.0,673.0,17375.63,False,False,False,0,False,False,False,0.8642442178562547
BF_2025,Black Friday,Seasonal Sale,Parents,email,2025-11-29,7226.08,30619.0,2045.0,1345.0,109968.33,False,False,False,0,False,False,False,53.774244498777506
AAR_2025,Anti-Aging Routine,Product Education,Young Adults,instagram,2025-03-09,4023.65,26136.0,826.0,81.0,5274.46,False,False,False,0,False,False,False,6.385544794188862
TSF_2025,TikTok Skin Fails,Trend Counter,Gen Z,tiktok,2025-06-10,10105.02,1673704.0,84664.0,1183.0,284246.16,False,False,False,0,False,False,False,3.3573438533497115
NF_2025,Nature First,Brand Image,Young Adults,instagram,2025-04-06,3460.51,36632.0,1052.0,14.0,1013.48,False,False,False,0,False,False,False,0.9633840304182509
DBB_2025,Don't Burn for Beauty,Social Impact,Adults,facebook,2025-07-03,4137.11,95257.0,7425.0,615.0,24533.68,False,False,False,0,False,False,False,3.304199326599327
AAR_2025,Anti-Aging Routine,Product Education,Young Adults,youtube,2025-02-15,2605.0,30133.0,2047.0,280.0,27665.52,False,False,False,0,False,False,False,13.51515388373229
TSF_2025,TikTok Skin Fails,Trend Counter,Young Adults,tiktok,2025-04-02,10001.27,864318.0,79392.0,2795.0,98100.07,False,False,False,0,False,False,False,1.235641752317614
HP_2025,Holiday Prep,Seasonal Education,Parents,instagram,2025-11-23,5132.61,43335.0,1283.0,383.0,110323.31,False,False,False,0,False,False,False,85.98855027279812
SS_2025,Summer Sale,Seasonal Sale,Young Adults,instagram,2025-05-25,7989.13,103585.5,8540.0,878.0,46738.6,True,False,False,0,False,False,False,5.472903981264637
NF_2025,Nature First,Brand Image,Parents,facebook,2025-05-10,6247.77,51901.0,0.0,0.0,0.0,True,False,False,0,False,False,False,2.0340946314831663
NF_2025,Nature First,Brand Image,Gen Z,instagram,2025-05-21,6427.79,154108.0,3617.0,106.0,5515.92,False,False,False,0,False,False,False,1.5249986176389274
PL_2025,Product Launch,Product Launch,Young Adults,tiktok,2025-02-18,11765.39,1051386.0,86179.0,1957.0,141489.16,False,False,False,0,False,False,False,1.641805544274127
PL_2025,Product Launch,Product Launch,Young Adults,facebook,2025-03-19,34070.91,1080538.0,34964.0,1232.0,86336.57,False,False,False,0,False,False,False,2.4692989932502005
SS_2025,Summer Sale,Seasonal Sale,Parents,facebook,2025-07-13,6900.09,159563.0,6750.0,398.0,43514.0,False,False,False,0,False,False,True,6.446572695278251
SCA_2025,Skin Cancer Awareness,Educational Awareness,Seniors,youtube,2025-05-27,13359.35,569766.0,12379.0,287.0,10082.19,False,False,False,0,False,False,False,0.8144591647144358
SS_2025,Summer Sale,Seasonal Sale,Parents,instagram,2025-07-13,6171.18,129649.0,4857.0,300.0,15687.61,False,False,False,0,False,False,False,3.229897055795759
TSF_2025,TikTok Skin Fails,Trend Counter,Young Adults,youtube,2025-09-06,37781.26,2629621.0,148670.0,8810.0,276164.19,False,False,False,0,False,False,False,1.8575650097531446
NF_2025,Nature First,Brand Image,Parents,facebook,2025-04-15,2830.2,38942.0,1160.0,47.0,1330.22,False,False,True,0,False,False,False,1.146741379310345
BF_2025,Black Friday,Seasonal Sale,Adults,facebook,2025-12-02,41661.2,319305.0,20368.0,2679.0,230614.96,False,False,False,0,False,False,False,11.322415553809897
AAR_2025,Anti-Aging Routine,Product Education,Adults,email,2025-05-11,3851.85,13210.0,1390.0,318.0,34544.74,False,False,False,0,False,False,False,24.852330935251796
PL_2025,Product Launch,Product Launch,Young Adults,instagram,2025-03-14,17533.16,418338.0,13272.0,718.0,39893.47,False,False,False,0,False,False,False,3.00583710066305
SS_2025,Summer Sale,Seasonal Sale,Young Adults,facebook,2025-06-18,3157.79,128652.0,6576.0,765.0,33614.48,False,False,False,0,False,False,False,5.11169099756691
SCA_2025,Skin Cancer Awareness,Educational Awareness,Seniors,youtube,2025-06-02,7481.78,147328.0,1446.0,16.0,547.91,False,False,False,0,False,False,False,0.37891424619640385
AAR_2025,Anti-Aging Routine,Product Education,Adults,youtube,2025-02-26,6352.94,37867.0,1013.0,100.0,7572.16,False,False,False,0,False,False,False,7.474985192497532
SS_2025,Summer Sale,Seasonal Sale,Parents,instagram,2025-06-29,3831.9,36702.0,1873.0,99.0,6613.29,False,False,False,0,False,False,False,3.530854244527496
NF_2025,Nature First,Brand Image,Parents,facebook,2025-04-25,3076.63,21653.0,993.0,14.0,832.83,False,False,False,0,False,False,False,0.838700906344411
NF_2025,Nature First,Brand Image,Gen Z,youtube,2025-03-24,5394.41,138882.0,4344.0,62.0,4280.2,False,False,False,0,False,False,False,0.9853130755064456
SS_2025,Summer Sale,Seasonal Sale,Adults,linkedin,2025-07-27,2936.11,28440.0,890.0,64.0,2673.23,False,False,False,0,False,False,False,3.003629213483146
SCA_2025,Skin Cancer Awareness,Educational Awareness,Seniors,facebook,2025-05-25,8714.61,215752.0,6288.0,88.0,4094.28,False,False,False,0,False,False,False,0.6511259541984733
AAR_2025,Anti-Aging Routine,Product Education,Young Adults,email,2025-03-17,2857.79,5758.0,0.0,0.0,0.0,False,False,False,0,False,False,False,36.645781081712364
TSF_2025,TikTok Skin Fails,Trend Counter,Young Adults,facebook,2025-03-23,35230.05,1682005.0,63627.0,1122.0,26427.18,False,False,False,0,False,False,False,0.41534537224763074
TSF_2025,TikTok Skin Fails,Trend Counter,Young Adults,instagram,2025-03-26,2609.6,84319.0,7071.0,325.0,19235.66,False,False,False,0,False,False,False,2.7203592136897186
AAR_2025,Anti-Aging Routine,Product Education,Young Adults,instagram,2025-05-30,4679.91,30157.0,1523.5,781.0,55906.57,False,False,False,1,True,True,False,36.69614046603216
NF_2025,Nature First,Brand Image,Parents,email,2025-04-16,6312.13,41366.0,2861.0,65.0,4962.15,False,False,False,0,False,False,False,1.7344110450891295
NF_2025,Nature First,Brand Image,Parents,facebook,2025-03-07,6963.71,121424.0,3733.0,137.0,13378.48,False,False,False,0,False,False,False,3.5838414144120008
AAR_2025,Anti-Aging Routine,Product Education,Adults,youtube,2025-01-20,3770.25,41130.0,1059.0,220.0,22901.12,False,False,False,0,False,False,False,21.6252313503305
AAR_2025,Anti-Aging Routine,Product Education,Adults,linkedin,2025-04-17,4830.64,30820.0,921.0,211.0,21870.68,False,False,False,0,False,False,False,23.746666666666666
BF_2025,Black Friday,Seasonal Sale,Seniors,email,2025-11-22,19516.97,34265.0,976.0,273.0,18404.37,False,False,False,0,False,False,False,18.856936475409835
NF_2025,Nature First,Brand Image,Young Adults,instagram,2025-04-25,3167.95,42330.0,1290.0,9.0,617.9,False,False,False,0,False,False,False,0.4789922480620155
SS_2025,Summer Sale,Seasonal Sale,Parents,email,2025-05-27,8800.11,25898.0,2133.0,1185.0,66441.71,False,False,False,0,False,False,False,31.149418659165498
HP_2025,Holiday Prep,Seasonal Education,Seniors,email,2025-11-05,2942.09,5722.0,406.0,179.0,17242.55,False,False,False,0,False,False,False,42.469334975369456
BF_2025,Black Friday,Seasonal Sale,Gen Z,instagram,2025-12-03,25739.57,713675.0,27015.0,1570.0,105860.27,False,False,False,0,False,False,False,3.918573755321118
BF_2025,Black Friday,Seasonal Sale,Adults,linkedin,2025-11-20,16193.88,152209.0,16769.0,2739.0,140273.4,False,False,False,0,False,False,False,8.365042638201443
TSF_2025,TikTok Skin Fails,Trend Counter,Young Adults,instagram,2025-03-16,13456.82,387302.0,9898.0,351.0,12807.01,False,False,False,0,False,False,False,1.293898767427763
SCA_2025,Skin Cancer Awareness,Educational Awareness,Young Adults,tiktok,2025-05-14,18874.85,1535968.0,62213.0,75.0,3158.85,False,False,False,0,False,False,False,0.05077475768730008
PL_2025,Product Launch,Product Launch,Seniors,email,2025-02-14,12505.03,133962.0,4792.0,490.0,25074.59,False,False,True,0,False,False,False,5.232593906510852
NF_2025,Nature First,Brand Image,Young Adults,instagram,2025-03-15,7718.12,119693.0,4224.0,70.0,5585.46,False,False,False,0,False,False,False,1.3223153409090909
BF_2025,Black Friday,Seasonal Sale,Gen Z,tiktok,2025-11-19,23734.06,391698.0,38178.0,2278.0,98466.74,False,False,False,0,False,False,False,2.579148724396249
AAR_2025,Anti-Aging Routine,Product Education,Young Adults,email,2025-05-06,5292.92,18933.0,0.0,0.0,0.0,False,False,False,0,False,False,False,36.645781081712364
PL_2025,Product Launch,Product Launch,Young Adults,youtube,2025-02-14,8299.86,447395.0,19077.0,920.0,88164.71,False,False,False,0,False,False,False,4.6215185825863605
TSF_2025,TikTok Skin Fails,Trend Counter,Young Adults,facebook,2025-03-31,16283.61,672442.0,33545.0,1090.0,48026.06,False,False,False,0,False,False,False,1.4316905649128036
SS_2025,Summer Sale,Seasonal Sale,Young Adults,instagram,2025-05-22,8074.48,251030.0,8630.0,1209.0,64901.23,False,False,False,0,False,False,False,7.520420625724218
NF_2025,Nature First,Brand Image,Gen Z,tiktok,2025-04-08,7082.45,190313.0,15094.0,107.0,8217.66,True,False,False,0,False,False,False,0.5444322247250563
SS_2025,Summer Sale,Seasonal Sale,Young Adults,youtube,2025-07-05,8182.7,273535.0,9123.0,580.0,37643.08,False,False,False,0,False,False,False,4.126173407870218
SS_2025,Summer Sale,Seasonal Sale,Gen Z,instagram,2025-06-03,19870.47,516015.0,31780.0,4960.0,278572.5,False,False,False,0,False,False,False,8.765654499685336
NF_2025,Nature First,Brand Image,Young Adults,youtube,2025-04-01,2782.18,41778.0,1632.0,23.0,2095.68,False,False,False,0,False,False,False,1.2841176470588234
AAR_2025,Anti-Aging Routine,Product Education,Seniors,facebook,2025-03-18,2515.61,9698.0,324.0,80.0,11675.95,False,False,False,0,False,False,False,36.036882716049384
HP_2025,Holiday Prep,Seasonal Education,Parents,facebook,2025-10-29,4430.78,19606.0,1243.0,554.0,55010.03,False,False,False,0,False,False,False,44.25585679806919
AAR_2025,Anti-Aging Routine, Product Education,Adults,youtube,2025-03-28,4253.24,41223.0,1064.0,80.0,5314.02,False,False,False,0,False,False,False,4.994379699248121
AAR_2025,Anti-Aging Routine,Product Education,Young Adults,facebook,2025-04-08,5231.2,91407.0,4258.0,553.0,50385.64,False,False,False,0,False,False,False,11.833170502583373
NF_2025,Nature First,Brand Image,Gen Z,youtube,2025-05-09,3984.39,168104.0,5426.0,84.0,6728.75,False,False,False,0,False,False,False,1.2400939918908958
SS_2025,Summer Sale,Seasonal Sale,Young Adults,email,2025-05-10,8948.83,48072.0,6295.0,1130.0,48089.19,False,False,False,0,False,False,False,7.639267672756156
TSF_2025,TikTok Skin Fails,Trend Counter,Gen Z,instagram,2025-06-01,6901.04,589732.0,15613.0,755.0,20221.86,False,False,False,0,False,False,False,1.2951937487990777
NF_2025,Nature First,Brand Image,Gen Z,instagram,2025-04-16,7127.54,87419.0,2322.5,22.0,1436.07,False,False,False,1,True,True,False,0.6183293864370291
AAR_2025,Anti-Aging Routine,Product Education,Young Adults,email,2025-04-06,6732.68,19108.0,491.0,111.0,6531.08,False,False,False,0,False,False,False,13.301588594704684
DBB_2025,Don't Burn for Beauty,Social Impact,Gen Z,youtube,2025-07-28,3870.39,624260.0,72098.0,3251.0,93107.16,False,False,False,0,False,False,False,1.291397264833976
SS_2025,Summer Sale,Seasonal Sale,Young Adults,instagram,2025-05-27,8898.08,233532.0,21239.0,3577.0,211268.88,False,False,False,0,False,False,False,9.947214087292245
BF_2025,Black Friday,Seasonal Sale,Parents,instagram,2025-11-28,4457.91,33670.0,2076.0,741.0,45153.83,False,False,False,0,False,False,False,21.750399807321774
BF_2025,Black Friday,Seasonal Sale,Gen Z,youtube,2025-11-17,4717.25,137003.0,7600.0,1993.0,109835.95,False,False,False,0,False,False,False,14.452098684210526
NF_2025,Nature First,Brand Image,Parents,instagram,2025-05-19,6652.74,52987.0,1671.0,36.0,2483.39,False,False,False,0,False,False,False,1.4861699581089167
NF_2025,Nature First,Brand Image,Young Adults,instagram,2025-05-05,7425.56,130889.0,3161.0,151.0,12832.43,False,False,False,0,False,False,False,4.059610882632079
NF_2025,Nature First,Brand Image,Parents,email,2025-05-20,3334.57,13250.0,0.0,0.0,0.0,False,False,False,0,False,False,False,4.32284649122807
SS_2025,Summer Sale,Seasonal Sale,Adults,facebook,2025-07-27,3728.2,61165.0,1885.0,387.0,10689.56,False,False,True,0,False,False,False,5.670854111405835
PL_2025,Product Launch,Product Launch,Seniors,email,2025-03-11,3444.26,11189.0,810.0,51.0,3878.22,False,False,False,0,False,False,False,4.787925925925926
BF_2025,Black Friday,Seasonal Sale,Adults,linkedin,2025-12-01,8318.25,55698.0,1780.0,177.0,14437.97,False,False,False,0,False,False,False,8.111219101123595
AAR_2025,Anti-Aging Routine,Product Education,Young Adults,youtube,2025-02-09,4563.36,45679.0,1073.0,213.0,20191.02,False,False,False,0,False,False,False,18.81735321528425
AAR_2025,Anti-Aging Routine,Product Education,Adults,email,2025-04-27,5881.43,6552.0,337.0,246.0,22327.44,False,False,False,0,False,False,False,66.25353115727003
SS_2025,Summer Sale,Seasonal Sale,Parents,facebook,2025-06-22,5619.85,45561.0,3368.0,677.0,40979.0,False,False,False,0,False,False,False,12.167161520190025
PL_2025,Product Launch,Product Launch,Young Adults,facebook,2025-02-26,24651.92,613954.0,24739.0,591.0,56263.96,False,False,False,0,False,False,False,2.2743021140709003
AAR_2025,Anti-Aging Routine,Product Education,Adults,facebook,2025-04-26,2887.07,33562.0,1563.0,344.0,25069.48,False,False,False,0,False,False,False,16.039334612923863
SS_2025,Summer Sale,Seasonal Sale,Gen Z,instagram,2025-05-18,6792.44,103585.5,11304.0,5124.0,216108.48,True,False,False,0,False,False,False,19.11787685774947
NF_2025,Nature First,Brand Image,Young Adults,youtube,2025-03-26,7005.9,81639.0,4443.5,95.0,1607.77,False,False,True,1,True,True,False,0.3618251378417914
HP_2025,Holiday Prep,Seasonal Education,Parents,email,2025-10-29,5722.42,11527.0,719.0,688.0,43594.01,False,False,False,0,False,False,False,60.63144645340751
AAR_2025,Anti-Aging Routine,Product Education,Young Adults,instagram,2025-04-16,4879.61,46248.0,1295.0,361.0,33158.21,False,False,False,0,False,False,False,25.604795366795365
TSF_2025,TikTok Skin Fails,Trend Counter,Young Adults,youtube,2025-05-20,2184.76,164944.0,12376.0,534.0,26086.03,False,False,False,0,False,False,False,2.107791693600517
AAR_2025,Anti-Aging Routine,Product Education,Adults,linkedin,2025-05-05,3428.62,35946.0,895.0,81.0,6436.6,False,False,False,0,False,False,False,7.191731843575419
PL_2025,Product Launch,Product Launch,Adults,facebook,2025-02-03,9813.83,142337.0,6000.0,151.0,12802.94,False,False,False,0,False,False,False,2.1338233333333334
DBB_2025,Don't Burn for Beauty,Social Impact,Young Adults,facebook,2025-07-15,17149.36,231229.0,19181.0,643.0,23207.56,False,False,False,0,False,False,False,1.2099244043584798
SS_2025,Summer Sale,Seasonal Sale,Adults,facebook,2025-05-29,3856.68,47118.0,1395.0,177.0,10174.42,False,False,False,0,False,False,False,7.293491039426524
SS_2025,Summer Sale,Seasonal Sale,Young Adults,email,2025-05-28,5496.43,59590.0,6751.0,4208.0,179348.12,False,False,False,0,False,False,False,26.566156125018516
AAR_2025,Anti-Aging Routine,Product Education,Young Adults,instagram,2025-04-20,3185.7,35818.0,1640.0,159.0,12366.32,False,False,False,0,False,False,False,7.540439024390244
NF_2025,Nature First,Brand Image,Parents,facebook,2025-02-26,7774.74,51901.0,7086.0,44.0,3775.26,True,False,False,0,False,False,False,0.5327773073666384
AAR_2025,Anti-Aging Routine,Product Education,Adults,linkedin,2025-04-06,4271.9,31119.0,1205.0,408.0,26551.99,False,False,False,0,False,False,False,22.034846473029045
TSF_2025,TikTok Skin Fails,Trend Counter,Gen Z,youtube,2025-05-08,6507.96,268980.0,4864.0,77.0,1015.55,False,False,False,0,False,False,False,0.20878906249999998
AAR_2025,Anti-Aging Routine,Product Education,Seniors,linkedin,2025-01-15,4409.2,30023.0,835.0,93.0,8979.19,False,False,False,0,False,False,False,10.753520958083833
PL_2025,Product Launch,Product Launch,Seniors,email,2025-03-20,18821.05,193566.0,16524.0,2153.0,233315.04,False,False,False,0,False,False,False,14.119767610748003
SS_2025,Summer Sale,Seasonal Sale,Gen Z,tiktok,2025-06-09,3651.93,87674.0,3163.0,50.0,1898.46,False,False,False,0,False,False,False,0.6002086626620298
DBB_2025,Don't Burn for Beauty,Social Impact,Adults,linkedin,2025-06-26,4023.71,87992.0,4458.0,123.0,6969.0,False,False,False,0,False,False,True,1.5633474303285209
AAR_2025,Anti-Aging Routine,Product Education,Young Adults,facebook,2025-01-28,3211.46,42400.0,1346.0,273.0,28490.57,False,False,False,0,False,False,False,21.16684249628529
SCA_2025,Skin Cancer Awareness,Educational Awareness,Young Adults,tiktok,2025-05-31,9880.15,1040001.0,0.0,0.0,0.0,False,False,False,0,False,False,False,0.19165174384994388
AAR_2025,Anti-Aging Routine,Product Education,Adults,facebook,2025-04-21,4204.22,22365.0,971.0,163.0,17800.0,False,False,False,0,False,False,True,18.332014213994107
DBB_2025,Don't Burn for Beauty,Social Impact,Young Adults,instagram,2025-07-07,6040.06,186294.0,8513.0,159.0,3982.55,False,False,False,0,False,False,False,0.46781980500411136
TSF_2025,TikTok Skin Fails,Trend Counter,Young Adults,instagram,2025-06-06,9945.25,1360786.0,49278.0,1656.0,99828.0,False,False,False,0,False,False,False,2.0258127359064897
AAR_2025,Anti-Aging Routine,Product Education,Young Adults,instagram,2025-03-20,4771.79,30772.0,1521.0,428.0,31456.72,False,False,False,0,False,False,False,20.681604207758056
AAR_2025,Anti-Aging Routine,Product Education,Seniors,facebook,2025-01-29,5157.15,42624.0,1060.0,208.0,19432.0,False,False,False,0,False,False,True,18.332014213994107
DBB_2025,Don't Burn for Beauty,Social Impact,Young Adults,facebook,2025-07-05,14258.13,618776.0,18209.0,697.0,23194.87,False,False,False,0,False,False,False,1.273813498819265
DBB_2025,Don't Burn for Beauty,Social Impact,Young Adults,tiktok,2025-07-05,3797.43,278865.0,15684.0,582.0,13987.69,False,False,False,0,False,False,False,0.8918445549604693
AAR_2025,Anti-Aging Routine,Product Education,Adults,linkedin,2025-03-23,6893.99,50848.0,1381.0,98.0,8008.68,False,False,False,0,False,False,False,5.799188993482984
AAR_2025,Anti-Aging Routine,Product Education,Seniors,facebook,2025-02-10,3878.2,11104.0,404.0,37.0,3549.45,False,False,False,0,False,False,False,8.785767326732673
NF_2025,Nature First,Brand Image,Gen Z,instagram,2025-02-20,8700.72,242531.0,8962.0,159.0,11637.5,False,False,False,0,False,False,False,1.298538272706985
TSF_2025,TikTok Skin Fails,Trend Counter,Young Adults,facebook,2025-03-26,8579.68,475729.0,30415.0,1702.0,99873.61,False,False,False,0,False,False,False,3.2836958737465065
SCA_2025,Skin Cancer Awareness,Educational Awareness,Seniors,linkedin,2025-05-07,6365.59,144904.0,4271.0,148.0,6141.4,False,False,False,0,False,False,False,1.4379302271130883
SS_2025,Summer Sale,Seasonal Sale,Parents,email,2025-06-17,2806.36,12682.0,1659.0,538.0,29918.22,False,False,False,0,False,False,False,18.03388788426763
SS_2025,Summer Sale,Seasonal Sale,Gen Z,tiktok,2025-07-06,4257.31,153129.0,13188.0,976.0,45018.25,False,False,False,0,False,False,False,3.413576736427055
SS_2025,Summer Sale,Seasonal Sale,Adults,email,2025-06-27,7533.07,28704.0,3088.0,1716.0,72872.81,False,False,False,0,False,False,False,23.598707901554402
SS_2025,Summer Sale,Seasonal Sale,Adults,facebook,2025-07-03,6306.68,85819.0,4956.0,1708.0,95584.64,False,False,False,0,False,False,False,19.286650524616626
DBB_2025,Don't Burn for Beauty,Social Impact,Young Adults,youtube,2025-07-15,1912.81,162975.0,6159.0,333.0,9259.9,False,False,False,0,False,False,False,1.503474590030849
BF_2025,Black Friday,Seasonal Sale,Gen Z,tiktok,2025-11-27,8321.43,183164.0,6582.0,451.0,30301.95,False,False,False,0,False,False,False,4.603760255241568
AAR_2025,Anti-Aging Routine,Product Education,Young Adults,youtube,2025-03-07,5696.23,46203.0,1245.0,191.0,14873.34,False,False,False,0,False,False,False,11.9464578313253
PL_2025,Product Launch,Product Launch,Adults,email,2025-03-30,13487.49,102622.0,5884.0,435.0,37747.9,False,False,False,0,False,False,False,6.415346702923181
NF_2025,Nature First,Brand Image,Young Adults,youtube,2025-04-22,8052.03,243491.0,13486.0,208.0,12898.62,False,False,False,0,False,False,False,0.9564452024321519
NF_2025,Nature First,Brand Image,Gen Z,instagram,2025-04-25,6133.2,90467.0,2604.0,30.0,1321.83,False,False,False,0,False,False,False,0.5076152073732718
SS_2025,Summer Sale,Seasonal Sale,Young Adults,instagram,2025-07-05,3689.49,62749.0,7050.0,1317.0,62942.07,False,False,False,0,False,False,False,8.927953191489362
NF_2025,Nature First,Brand Image,Gen Z,youtube,2025-06-03,5916.68,184917.0,7802.0,82.0,5449.29,False,False,False,0,False,False,False,0.6984478338887464
BF_2025,Black Friday,Seasonal Sale,Seniors,facebook,2025-11-21,14730.92,149366.0,5257.0,1795.0,103508.23,False,False,False,0,False,False,False,19.689600532623167
SS_2025,Summer Sale,Seasonal Sale,Adults,linkedin,2025-06-17,4078.19,23085.0,1198.0,147.0,11120.52,False,False,False,0,False,False,False,9.282570951585978
NF_2025,Nature First,Brand Image,Young Adults,youtube,2025-05-31,6205.47,130860.0,2995.0,173.0,13753.26,False,False,False,0,False,False,False,4.592073455759599
PL_2025,Product Launch,Product Launch,Seniors,linkedin,2025-02-25,10937.11,150622.0,4201.0,279.0,37118.69,False,False,False,0,False,False,False,8.835679600095215
AAR_2025,Anti-Aging Routine,Product Education,Seniors,linkedin,2025-02-12,4171.73,21020.0,412.0,37.0,3804.54,False,False,False,0,False,False,False,9.234320388349515
TSF_2025,TikTok Skin Fails,Trend Counter,Young Adults,facebook,2025-03-20,4366.21,288172.0,18751.0,2107.0,123359.54,False,False,False,0,False,False,False,6.578824596021545
SS_2025,Summer Sale,Seasonal Sale,Adults,email,2025-07-19,4768.67,65221.0,5392.0,600.0,68948.53,False,False,True,0,False,False,False,12.78719028189911
PL_2025,Product Launch,Product Launch,Adults,facebook,2025-02-02,32325.66,414078.0,15939.0,581.0,53592.79,False,False,False,0,False,False,False,3.3623684045423174
NF_2025,Nature First,Brand Image,Young Adults,instagram,2025-05-07,7294.05,130357.0,3248.0,107.0,9661.45,False,False,False,0,False,False,False,2.9745843596059114
AAR_2025,Anti-Aging Routine,Product Education,Seniors,email,2025-03-03,2863.95,9532.0,355.0,396.0,35759.77,False,False,False,0,False,False,False,100.73174647887323
AAR_2025,Anti-Aging Routine,Product Education,Young Adults,email,2025-01-20,3611.34,15742.0,1945.0,685.0,54864.87,False,False,False,0,False,False,False,28.208159383033422
AAR_2025,Anti-Aging Routine,Product Education,Adults,facebook,2025-03-07,3178.66,37694.0,1077.0,181.0,15918.16,False,False,False,0,False,False,False,14.780092850510679
SS_2025,Summer Sale,Seasonal Sale,Young Adults,instagram,2025-06-02,4502.07,113018.0,4968.0,618.0,27400.0,False,False,False,0,False,False,True,5.515245255411358
PL_2025,Product Launch,Product Launch,Adults,youtube,2025-03-22,21652.42,1075299.0,29581.0,1186.0,105224.25,False,False,False,0,False,False,False,3.5571566208038945
NF_2025,Nature First,Brand Image,Gen Z,youtube,2025-03-12,3383.31,84427.0,2647.0,35.0,2465.89,False,False,False,0,False,False,False,0.9315791462032489
SS_2025,Summer Sale,Seasonal Sale,Parents,facebook,2025-07-21,5444.64,92877.0,3856.0,432.0,28922.22,False,False,False,0,False,False,False,7.500575726141079
TSF_2025,TikTok Skin Fails,Trend Counter,Gen Z,tiktok,2025-04-24,14500.69,4313031.0,183920.0,5918.0,106675.27,False,False,False,0,False,False,False,0.5800090800347978
NF_2025,Nature First,Brand Image,Gen Z,youtube,2025-05-12,9516.57,209250.0,10467.0,296.0,18884.9,False,False,False,0,False,False,False,1.8042323492882393
AAR_2025,Anti-Aging Routine,Product Education,Adults,facebook,2025-02-08,5315.41,113129.0,6794.0,411.0,47919.73,False,False,False,0,False,False,False,7.053242566970857
NF_2025,Nature First,Brand Image,Gen Z,instagram,2025-05-09,7692.77,232340.0,10417.0,306.0,24769.95,False,False,False,0,False,False,False,2.3778391091485074
TSF_2025,TikTok Skin Fails,Trend Counter,Gen Z,tiktok,2025-05-17,14857.43,1299923.0,56087.0,3567.0,50988.17,False,False,False,0,False,False,False,0.9090906983793036
NF_2025,Nature First,Brand Image,Parents,instagram,2025-05-28,2543.68,24773.0,775.0,24.0,1714.27,False,False,False,0,False,False,False,2.2119612903225807
SS_2025,Summer Sale,Seasonal Sale,Gen Z,instagram,2025-07-23,5906.52,294103.0,17317.0,3802.0,95508.0,False,False,False,0,False,False,True,5.515245255411358
AAR_2025,Anti-Aging Routine,Product Education,Seniors,facebook,2025-01-10,3082.02,14785.0,196.0,73.0,10710.94,False,False,False,0,False,False,False,54.647653061224496
NF_2025,Nature First,Brand Image,Gen Z,youtube,2025-04-06,5938.6,217721.0,3877.0,86.0,4194.46,False,False,False,0,False,False,False,1.0818828991488265
PL_2025,Product Launch,Product Launch,Adults,facebook,2025-02-16,14130.92,309188.0,13337.0,715.0,57573.47,False,False,False,0,False,False,False,4.316823123640999
AAR_2025,Anti-Aging Routine,Product Education,Adults,youtube,2025-06-02,7444.72,221632.0,10651.0,1255.0,109674.31,False,False,False,0,False,False,False,10.297090414045629
AAR_2025,Anti-Aging Routine,Product Education,Young Adults,youtube,2025-04-19,7795.12,174663.0,5094.0,774.0,61438.64,False,False,False,0,False,False,False,12.060981546917942
AAR_2025,Anti-Aging Routine,Product Education,Young Adults,instagram,2025-04-03,2796.95,30497.0,691.0,60.0,5790.09,False,False,False,0,False,False,False,8.379290882778582
AAR_2025,Anti-Aging Routine,Product Education,Seniors,facebook,2025-05-27,4339.38,24970.0,826.0,152.0,15151.95,False,False,False,0,False,False,False,18.343765133171914
BF_2025,Black Friday,Seasonal Sale,Seniors,email,2025-11-19,9604.68,40832.0,1773.0,1060.0,65435.22,False,False,False,0,False,False,False,36.906497461928936
SCA_2025,Skin Cancer Awareness,Educational Awareness,Young Adults,tiktok,2025-05-11,6601.71,458495.0,10263.0,107.0,1974.57,False,False,False,0,False,False,False,0.19239695995323006
SS_2025,Summer Sale,Seasonal Sale,Gen Z,tiktok,2025-05-19,3432.9,79754.0,4586.0,205.0,8823.41,False,False,False,0,False,False,False,1.9239882250327083
PL_2025,Product Launch,Product Launch,Young Adults,youtube,2025-03-18,5684.08,106106.0,5427.0,233.0,17810.94,False,False,False,0,False,False,False,3.281912658927584
SS_2025,Summer Sale,Seasonal Sale,Gen Z,instagram,2025-07-16,3709.7,121724.0,10143.0,454.0,129611.41,False,False,True,0,False,False,False,12.778409740707877
PL_2025,Product Launch,Product Launch,Seniors,linkedin,2025-03-02,9579.85,52239.0,1915.0,261.0,23274.73,False,False,False,0,False,False,False,12.153906005221932
SS_2025,Summer Sale,Seasonal Sale,Adults,email,2025-06-04,4502.1,24242.0,3250.0,773.0,57048.91,False,False,False,0,False,False,False,17.55351076923077
PL_2025,Product Launch,Product Launch,Adults,youtube,2025-03-05,11398.16,377615.0,10162.0,623.0,70625.24,False,False,False,0,False,False,False,6.949935052155088
PL_2025,Product Launch,Product Launch,Adults,facebook,2025-01-24,13312.26,214197.0,6637.0,156.0,9112.47,False,False,False,0,False,False,False,1.3729802621666414
NF_2025,Nature First,Brand Image,Gen Z,tiktok,2025-04-05,5940.16,114562.0,3631.0,148.0,10589.55,False,False,False,0,False,False,False,2.9164279812723763
AAR_2025,Anti-Aging Routine,Product Education,Adults,email,2025-02-11,4079.74,9109.0,732.0,414.0,32382.08,False,False,False,0,False,False,False,44.237814207650274
PL_2025,Product Launch,Product Launch,Young Adults,youtube,2025-02-12,2958.06,140200.0,4631.0,68.0,4828.12,False,False,False,0,False,False,False,1.0425653206650831
PL_2025,Product Launch,Product Launch,Seniors,linkedin,2025-03-13,14805.06,77388.0,3457.0,91.0,11471.14,False,False,False,0,False,False,False,3.318235464275383
DBB_2025,Don't Burn for Beauty,Social Impact,Adults,youtube,2025-07-04,7121.25,386514.0,13883.0,254.0,8597.72,False,False,False,0,False,False,False,0.6192984225311532
DBB_2025,Don't Burn for Beauty,Social Impact,Young Adults,tiktok,2025-07-29,6669.9,356924.0,9743.0,113.0,4728.23,False,False,False,0,False,False,False,0.4852950836497998
DBB_2025,Don't Burn for Beauty,Social Impact,Adults,youtube,2025-08-01,5776.86,142993.0,13822.0,507.0,23628.49,False,False,False,0,False,False,False,1.7094841556938216
BF_2025,Black Friday,Seasonal Sale,Young Adults,facebook,2025-11-27,30368.51,355091.0,15242.0,3615.0,263427.21,False,False,False,0,False,False,False,17.28298189214014
DBB_2025,Don't Burn for Beauty,Social Impact,Young Adults,youtube,2025-07-26,7485.88,1169680.0,48700.0,899.0,23206.5,False,False,False,0,False,False,False,0.4765195071868583
SS_2025,Summer Sale,Seasonal Sale,Parents,instagram,2025-06-30,5571.21,65342.0,1800.0,134.0,7298.38,False,False,False,0,False,False,False,4.054655555555556
PL_2025,Product Launch,Product Launch,Young Adults,facebook,2025-02-08,11611.81,203403.0,3863.0,349.0,12734.0,False,False,False,0,False,False,True,3.2963992219790907
PL_2025,Product Launch,Product Launch,Young Adults,tiktok,2025-02-26,22898.45,1060465.0,54778.0,1339.0,114622.77,False,False,False,0,False,False,False,2.0924964401767134
AAR_2025,Anti-Aging Routine,Product Education,Adults,youtube,2025-04-05,7491.17,82250.0,6629.0,969.0,114959.37,False,False,False,0,False,False,False,17.341887162467945
TSF_2025,TikTok Skin Fails,Trend Counter,Young Adults,facebook,2025-03-25,20648.06,1121472.0,65337.0,4548.0,126014.8,False,False,False,0,False,False,False,1.9286897163934678
NF_2025,Nature First,Brand Image,Young Adults,youtube,2025-03-20,6146.2,74216.0,1665.0,25.0,2117.53,False,False,False,0,False,False,False,1.2717897897897898
AAR_2025,Anti-Aging Routine,Product Education,Young Adults,youtube,2025-05-27,3538.17,34540.0,1823.0,540.0,47010.83,False,False,False,0,False,False,False,25.787619308831598
PL_2025,Product Launch,Product Launch,Adults,email,2025-03-16,22219.03,222933.0,4943.0,4015.0,258291.37,False,False,False,1,True,True,False,52.25396924944366
SS_2025,Summer Sale,Seasonal Sale,Gen Z,instagram,2025-07-26,7142.77,190472.0,4585.0,251.0,11278.34,False,False,False,0,False,False,False,2.459834242093784
NF_2025,Nature First,Brand Image,Young Adults,linkedin,2025-05-05,3525.27,53233.0,911.0,13.0,1080.06,False,False,False,0,False,False,False,1.185576289791438
SS_2025,Summer Sale,Seasonal Sale,Parents,instagram,2025-06-01,6351.85,38770.0,1647.0,425.0,29573.23,False,False,False,0,False,False,False,17.95581663630844
AAR_2025,Anti-Aging Routine,Product Education,Young Adults,facebook,2025-04-20,4970.68,87338.0,1977.0,223.0,15716.61,False,False,False,0,False,False,False,7.949726858877087
AAR_2025,Anti-Aging Routine,Product Education,Adults,facebook,2025-06-04,4777.06,26715.0,1112.0,209.0,17917.23,False,False,False,0,False,False,False,16.11261690647482
NF_2025,Nature First,Brand Image,Parents,facebook,2025-04-05,3660.86,52547.0,2052.0,87.0,5357.27,False,False,False,0,False,False,False,2.610755360623782
HP_2025,Holiday Prep,Seasonal Education,Adults,email,2025-10-31,5202.76,24966.0,2785.0,1399.0,86491.35,False,False,False,0,False,False,False,31.056140035906644
SS_2025,Summer Sale,Seasonal Sale,Parents,email,2025-05-26,8939.26,49033.0,4248.0,718.0,52714.63,False,False,False,0,False,False,False,12.409282015065912
NF_2025,Nature First,Brand Image,Young Adults,instagram,2025-04-29,6440.53,65064.0,1483.0,41.0,3153.26,False,False,False,0,False,False,False,2.126271072151045
NF_2025,Nature First,Brand Image,Parents,facebook,2025-03-01,3506.06,23534.0,866.0,10.0,561.19,False,False,False,0,False,False,False,0.6480254041570439
AAR_2025,Anti-Aging Routine,Product Education,Seniors,facebook,2025-03-14,3845.76,15741.0,302.0,91.0,13202.05,False,False,False,0,False,False,False,43.71539735099338
SS_2025,Summer Sale,Seasonal Sale,Young Adults,facebook,2025-06-13,4898.73,81367.0,3137.5,615.0,36362.8,False,True,False,1,True,True,False,11.589737051792829
PL_2025,Product Launch,Product Launch,Young Adults,youtube,2025-03-17,38936.9,1033223.0,64666.0,2089.0,190424.85,False,False,False,0,False,False,False,2.9447445334487985
AAR_2025,Anti-Aging Routine,Product Education,Seniors,linkedin,2025-05-02,2093.0,7512.0,155.0,15.0,1451.56,False,False,False,0,False,False,False,9.36490322580645
SCA_2025,Skin Cancer Awareness,Educational Awareness,Adults,youtube,2025-06-03,11694.74,703416.0,21418.0,556.0,12493.33,False,False,False,0,False,False,False,0.5833098328508731
PL_2025,Product Launch,Product Launch,Adults,facebook,2025-03-04,14705.19,226774.0,6119.0,562.0,43798.51,False,False,False,0,False,False,False,7.157788854387972
NF_2025,Nature First,Brand Image,Gen Z,youtube,2025-05-13,6286.16,162705.0,7735.0,165.0,10286.76,False,False,False,0,False,False,False,1.3298978668390433
SS_2025,Summer Sale,Seasonal Sale,Gen Z,tiktok,2025-07-04,14229.69,470074.0,23848.0,4567.0,152993.6,False,False,False,0,False,False,False,6.415363971821536
TSF_2025,TikTok Skin Fails,Trend Counter,Gen Z,tiktok,2025-05-27,36031.15,3942250.0,101207.0,2851.0,107780.92,False,False,False,0,False,False,False,1.064955190846483
PL_2025,Product Launch,Product Launch,Young Adults,instagram,2025-02-10,16288.52,473060.0,25778.0,430.0,24528.7,False,False,False,0,False,False,False,0.9515361936535031
AAR_2025,Anti-Aging Routine,Product Education,Adults,youtube,2025-05-07,6352.46,58848.0,1902.0,566.0,46305.04,False,False,False,0,False,False,False,24.345446898002102
NF_2025,Nature First,Brand Image,Gen Z,youtube,2025-05-05,8332.84,210242.0,5096.0,19.0,1198.05,False,False,False,0,False,False,False,0.23509615384615384
BF_2025,Black Friday,Seasonal Sale,Gen Z,youtube,2025-11-21,6903.17,114113.0,4061.0,1746.0,94550.5,False,False,False,0,False,False,False,23.282565870475253
DBB_2025,Don't Burn for Beauty,Social Impact,Adults,youtube,2025-07-19,3251.88,156890.0,4659.0,217.0,7144.19,False,False,False,0,False,False,False,1.5334170422837519
DBB_2025,Don't Burn for Beauty,Social Impact,Gen Z,instagram,2025-07-22,6374.32,241802.0,31422.0,606.0,21873.65,False,False,False,0,False,False,False,0.6961253262045701
PL_2025,Product Launch,Product Launch,Adults,youtube,2025-03-16,6303.15,276168.0,11599.0,279.0,25509.36,False,False,False,0,False,False,False,2.199272351064747
TSF_2025,TikTok Skin Fails,Trend Counter,Gen Z,tiktok,2025-04-29,126865.1,12092273.0,252112.0,1982.0,46604.51,False,False,False,0,False,False,False,0.1848563733578727
HP_2025,Holiday Prep,Seasonal Education,Parents,email,2025-11-20,5567.3,27741.0,3234.0,1267.0,117590.69,False,False,False,0,False,False,False,36.360757575757575
PL_2025,Product Launch,Product Launch,Seniors,linkedin,2025-03-11,8214.77,54706.0,1789.0,49.0,4531.22,False,False,False,0,False,False,False,2.5328228060368922
AAR_2025,Anti-Aging Routine,Product Education,Adults,email,2025-03-11,3973.22,12863.0,2483.0,811.0,78898.24,True,False,False,0,False,False,False,31.77536850583971
AAR_2025,Anti-Aging Routine,Product Education,Seniors,linkedin,2025-02-21,5174.01,33325.0,1268.0,175.0,27509.91,False,False,False,0,False,False,False,21.69551261829653
AAR_2025,Anti-Aging Routine,Product Education,Adults,youtube,2025-04-06,4001.4,25862.0,1824.5,292.0,22853.55,False,False,True,1,True,True,False,12.525924910934503
PL_2025,Product Launch,Product Launch,Young Adults,facebook,2025-01-31,20644.79,691683.0,15064.0,189.0,12854.51,False,False,False,0,False,False,False,0.8533264737121614
NF_2025,Nature First,Brand Image,Young Adults,linkedin,2025-02-16,7533.68,88654.0,3723.0,48.0,4380.76,False,False,False,0,False,False,False,1.1766747246843943
AAR_2025,Anti-Aging Routine,Product Education,Adults,youtube,2025-03-11,5243.96,94855.0,1247.0,140.0,11033.53,False,False,False,0,False,False,False,8.848059342421813
NF_2025,Nature First, Brand Image,Parents,facebook,2025-05-04,3396.9,70091.0,2199.0,35.0,2113.88,False,False,False,0,False,False,False,0.9612914961346067
BF_2025,Black Friday,Seasonal Sale,Young Adults,facebook,2025-11-22,39442.6,411225.0,36791.0,14014.0,681283.77,False,False,False,0,False,False,False,18.51767470305238
SS_2025,Summer Sale,Seasonal Sale,Young Adults,youtube,2025-06-07,4624.7,153523.0,7011.0,675.0,45022.04,False,False,False,0,False,False,False,6.421628868920268
PL_2025,Product Launch,Product Launch,Seniors,facebook,2025-02-09,10149.55,209925.0,20347.0,859.0,109023.76,False,False,False,0,False,False,False,5.358222833832997
TSF_2025,TikTok Skin Fails,Trend Counter,Gen Z,instagram,2025-03-24,43377.86,1084361.0,0.0,0.0,0.0,False,False,False,0,False,False,False,1.4698740423386454
HP_2025,Holiday Prep,Seasonal Education,Adults,instagram,2025-11-03,3253.32,55839.0,2725.0,472.0,45911.21,False,False,False,0,False,False,False,16.848150458715597
PL_2025,Product Launch,Product Launch,Adults,facebook,2025-01-25,18253.82,205609.0,23116.0,529.0,60630.85,True,False,False,0,False,False,False,2.6228953971275306
NF_2025,Nature First,Brand Image,Gen Z,tiktok,2025-03-17,3705.95,75559.0,1945.0,44.0,3645.69,False,False,False,0,False,False,False,1.8743907455012854
SS_2025,Summer Sale,Seasonal Sale,Young Adults,instagram,2025-07-11,3752.28,33587.0,1848.0,508.0,35415.14,False,False,False,0,False,False,False,19.164036796536795
AAR_2025,Anti-Aging Routine,Product Education,Adults,youtube,2025-03-15,3902.39,46862.0,877.0,114.0,8668.38,False,False,False,0,False,False,False,9.88412770809578
AAR_2025,Anti-Aging Routine,Product Education,Adults,email,2025-02-18,3339.22,9021.0,680.0,189.0,14837.78,False,False,False,0,False,False,False,21.820264705882355
NF_2025,Nature First,Brand Image,Parents,facebook,2025-04-29,5288.01,41057.0,0.0,0.0,0.0,False,False,False,0,False,False,False,2.0340946314831663
TSF_2025,TikTok Skin Fails,Trend Counter,Gen Z,instagram,2025-03-21,10545.44,825506.0,26732.0,2470.0,71304.99,False,False,False,0,False,False,False,2.667401990124196
AAR_2025,Anti-Aging Routine,Product Education,Young Adults,facebook,2025-03-30,3419.74,26295.0,575.0,95.0,6435.48,False,False,False,0,False,False,False,11.192139130434782
NF_2025,Nature First,Brand Image,Gen Z,tiktok,2025-03-21,6831.28,265569.0,8969.0,57.0,2428.34,False,False,False,0,False,False,False,0.2707481324562382
NF_2025,Nature First,Brand Image,Young Adults,youtube,2025-04-08,3989.15,80301.0,1664.0,8.0,492.22,False,False,False,0,False,False,False,0.2958052884615385
SS_2025,Summer Sale,Seasonal Sale,Gen Z,youtube,2025-06-21,8868.58,157475.0,12435.0,1211.0,57858.0,False,False,False,0,False,False,True,4.652836093765778
AAR_2025,Anti-Aging Routine,Product Education,Adults,youtube,2025-05-11,4477.42,91788.0,3754.0,1379.0,146186.45,False,False,False,0,False,False,False,38.94151571656899
TSF_2025,TikTok Skin Fails,Trend Counter,Young Adults,facebook,2025-04-17,45078.49,2988929.0,68946.0,3056.0,14353.42,False,False,False,0,False,False,False,0.2081835059321788
NF_2025,Nature First,Brand Image,Parents,email,2025-04-18,3319.77,11800.0,900.0,33.0,2874.06,False,False,False,0,False,False,False,3.1934
HP_2025,Holiday Prep,Seasonal Education,Adults,instagram,2025-11-14,5318.1,26491.0,2383.0,863.0,54665.9,False,False,False,0,False,False,False,22.939949643306758
SS_2025,Summer Sale,Seasonal Sale,Adults,email,2025-07-04,6518.9,31631.0,1058.0,312.0,17313.2,False,False,False,0,False,False,False,16.364083175803405
SS_2025,Summer Sale,Seasonal Sale,Young Adults,email,2025-07-23,7630.86,54560.0,4523.0,683.0,35639.97,False,False,False,0,False,False,False,7.879719212911785
NF_2025,Nature First,Brand Image,Parents,instagram,2025-04-24,4163.58,41028.0,1247.0,41.0,2650.39,False,False,False,0,False,False,False,2.125412991178829
SS_2025,Summer Sale,Seasonal Sale,Young Adults,email,2025-07-09,10751.64,91561.0,4538.0,1042.0,51062.81,False,False,False,0,False,False,False,11.252271925958572
TSF_2025,TikTok Skin Fails,Trend Counter,Young Adults,facebook,2025-05-27,41205.64,2489796.0,148482.0,3022.0,147056.34,False,False,False,0,False,False,False,0.9903984321331878
SCA_2025,Skin Cancer Awareness,Educational Awareness,Young Adults,instagram,2025-06-01,21707.63,527263.5,18959.0,157.0,4166.91,True,False,False,0,False,False,False,0.2197853262302864
NF_2025,Nature First,Brand Image,Parents,instagram,2025-04-14,3906.18,51729.0,1978.0,99.0,8539.09,False,False,False,0,False,False,False,4.317032355915066
SCA_2025,Skin Cancer Awareness,Educational Awareness,Seniors,facebook,2025-05-16,14243.36,502616.0,11900.0,299.0,15259.72,False,False,False,0,False,False,False,1.2823294117647057
SS_2025,Summer Sale,Seasonal Sale,Young Adults,email,2025-05-15,6227.53,50027.0,3673.0,853.0,53729.71,False,False,False,0,False,False,False,14.628290225973318
SS_2025,Summer Sale,Seasonal Sale,Parents,email,2025-07-10,5669.51,34426.0,4649.0,902.0,53129.85,False,False,False,0,False,False,False,11.428231877823187
SS_2025,Summer Sale,Seasonal Sale,Gen Z,youtube,2025-07-16,10828.83,300718.0,8497.0,810.0,44764.2,False,False,False,0,False,False,False,5.268235847946333
PL_2025,Product Launch,Product Launch,Adults,facebook,2025-03-30,37455.18,966067.0,41884.0,752.0,138066.0,False,False,False,0,False,False,True,3.2963992219790907
NF_2025,Nature First,Brand Image,Gen Z,tiktok,2025-04-23,6815.96,437478.0,9614.0,214.0,14121.55,False,False,False,0,False,False,False,1.4688527147909298
AAR_2025,Anti-Aging Routine,Product Education ,Young Adults,instagram,2025-03-19,3918.86,61156.0,2012.0,286.0,31109.48,False,False,False,0,False,False,False,15.46196819085487
AAR_2025,Anti-Aging Routine,Product Education,Young Adults,instagram,2025-01-24,6158.47,82340.0,5311.0,483.0,35108.94,False,False,False,0,False,False,False,6.610608171719074
AAR_2025,Anti-Aging Routine,Product Education,Seniors,email,2025-04-25,3390.02,14322.0,497.0,577.0,50007.51,False,False,False,0,False,False,False,100.6187323943662
HP_2025,Holiday Prep,Seasonal Education,Parents,instagram,2025-11-03,5780.11,12397.0,613.0,107.0,6949.25,False,False,False,0,False,False,False,11.336460032626427
TSF_2025,TikTok Skin Fails, Trend Counter,Young Adults,facebook,2025-03-22,9454.1,333167.0,7675.0,220.0,4813.87,False,False,False,0,False,False,False,0.627214332247557
AAR_2025,Anti-Aging Routine,Product Education,Adults,email,2025-03-09,5252.04,22983.0,881.0,681.0,53675.91,False,False,False,0,False,False,False,60.9261180476731
SS_2025,Summer Sale,Seasonal Sale,Adults,email,2025-07-09,3750.36,14206.0,1463.0,443.0,28456.06,False,False,False,0,False,False,False,19.450485304169515
SS_2025,Summer Sale,Seasonal Sale,Adults,email,2025-06-15,9308.96,63641.0,5682.0,1089.0,47496.27,False,False,False,0,False,False,False,8.359076029567053
PL_2025,Product Launch,Product Launch,Seniors,linkedin,2025-02-01,9711.18,58721.0,1892.0,90.0,7740.88,False,False,False,0,False,False,False,4.091374207188161
NF_2025,Nature First,Brand Image,Parents,email,2025-04-06,7524.78,62321.0,4717.0,737.0,56596.08,False,False,False,0,False,False,False,11.998320966716134
AAR_2025,Anti-Aging Routine,Product Education,Young Adults,email,2025-05-14,5815.71,29772.0,2887.0,720.0,60054.05,False,False,False,0,False,False,False,20.80154139244891
HP_2025,Holiday Prep,Seasonal Education,Adults,email,2025-11-13,4367.91,21167.0,2272.0,728.0,67113.96,False,False,False,0,False,False,False,29.53959507042254
NF_2025,Nature First,Brand Image,Gen Z,tiktok,2025-04-02,4896.59,155504.0,1876.0,39.0,3198.9,False,False,False,0,False,False,False,1.7051705756929638
AAR_2025,Anti-Aging Routine,Product Education,Seniors,facebook,2025-01-21,3888.73,10918.0,504.0,136.0,17513.27,False,False,False,0,False,False,False,34.74855158730159
AAR_2025,Anti-Aging Routine,Product Education,Young Adults,facebook,2025-03-23,3309.46,21141.0,412.0,112.0,6903.93,False,False,False,0,False,False,False,16.757111650485438
AAR_2025,Anti-Aging Routine,Product Education,Young Adults,facebook,2025-04-25,4085.61,28333.0,631.0,225.0,12437.83,False,False,False,0,False,False,False,19.711299524564183
SS_2025,Summer Sale,Seasonal Sale,Parents,instagram,2025-06-21,6948.53,123262.0,10237.0,1662.0,78777.68,False,False,False,0,False,False,False,7.695387320504053
AAR_2025,Anti-Aging Routine,Product Education,Young Adults,facebook,2025-02-09,8059.03,51016.0,2078.0,356.0,38825.42,False,False,False,0,False,False,False,18.68403272377286
SS_2025,Summer Sale,Seasonal Sale,Young Adults,facebook,2025-06-24,3619.89,35440.0,1518.0,187.0,8304.24,False,False,False,0,False,False,False,5.4705138339920945
DBB_2025,Don't Burn for Beauty,Social Impact,Young Adults,instagram,2025-07-26,11588.94,588465.0,16207.0,720.0,27299.79,False,False,False,0,False,False,False,1.6844443758869625
TSF_2025,TikTok Skin Fails,Trend Counter,Gen Z,youtube,2025-05-26,16362.53,942993.0,17315.0,873.0,41349.97,False,False,False,0,False,False,False,2.388101068437771
NF_2025,Nature First,Brand Image,Gen Z,tiktok,2025-02-20,4648.13,78481.0,4064.0,48.0,2684.23,False,False,False,0,False,False,False,0.6604896653543307
TSF_2025,TikTok Skin Fails,Trend Counter,Gen Z,instagram,2025-03-14,1434.31,73455.0,3664.0,207.0,11908.44,False,False,False,0,False,False,False,3.250120087336245
BF_2025,Black Friday,Seasonal Sale,Young Adults,email,2025-11-24,157663.13,1398956.0,219403.0,109088.0,8392347.78,False,False,False,0,False,False,False,38.250834218310594
NF_2025,Nature First,Brand Image,Young Adults,linkedin,2025-03-07,6196.42,63774.0,1208.0,14.0,1139.95,False,False,False,0,False,False,False,0.9436672185430464
NF_2025,Nature First,Brand Image,Young Adults,instagram,2025-04-04,3092.1,45515.0,673.0,27.0,1461.23,False,False,False,0,False,False,False,2.171218424962853
TSF_2025,TikTok Skin Fails,Trend Counter,Gen Z,youtube,2025-05-25,15741.58,1040028.0,50492.0,3469.0,190619.53,False,False,False,0,False,False,False,3.7752422165887665
PL_2025,Product Launch,Product Launch,Seniors,facebook,2025-01-25,8523.63,131120.0,12887.0,1751.0,126090.79,False,False,False,0,False,False,False,9.784340032590983
SS_2025,Summer Sale,Seasonal Sale,Parents,instagram,2025-07-03,3613.46,42872.0,2816.0,294.0,12400.0,False,False,False,0,False,False,False,4.403409090909091
PL_2025,Product Launch,Product Launch,Young Adults,tiktok,2025-03-06,16104.19,673958.0,19565.0,943.0,82101.43,False,False,False,0,False,False,False,4.196341937132634
SCA_2025,Skin Cancer Awareness,Educational Awareness,Young Adults,youtube,2025-05-28,3563.59,338639.0,4069.0,37.0,760.63,False,False,False,0,False,False,False,0.1869329073482428
SCA_2025,Skin Cancer Awareness,Educational Awareness,Adults,facebook,2025-05-13,9147.74,400913.0,15988.0,245.0,7744.32,False,False,False,0,False,False,False,0.48438328746559917
AAR_2025,Anti-Aging Routine,Product Education,Young Adults,email,2025-06-02,7458.91,10764.0,806.0,294.0,27444.96,False,False,False,0,False,False,False,34.050818858560795
BF_2025,Black Friday,Seasonal Sale,Seniors,email,2025-11-24,26616.78,73425.0,5327.0,2083.0,120721.1,False,False,False,0,False,False,False,22.662117514548527
TSF_2025,TikTok Skin Fails,Trend Counter,Gen Z,instagram,2025-04-17,22954.51,2314570.0,326244.0,46807.0,1854338.52,False,False,False,0,False,False,False,5.683900761393313
SCA_2025,Skin Cancer Awareness,Educational Awareness,Seniors,linkedin,2025-05-30,12223.06,450677.0,12867.0,286.0,10522.26,False,False,False,0,False,False,False,0.8177710422009793
TSF_2025,TikTok Skin Fails,Trend Counter,Gen Z,youtube,2025-04-03,2759.95,585018.0,17838.0,609.0,17377.22,False,False,False,0,False,False,False,0.9741686287700415
HP_2025,Holiday Prep,Seasonal Education,Parents,email,2025-11-27,5453.04,16204.0,944.0,475.0,34809.58,False,False,False,0,False,False,False,36.874555084745765
AAR_2025,Anti-Aging Routine,Product Education,Adults,email,2025-05-20,5803.76,15170.0,516.0,177.0,14191.64,False,False,False,0,False,False,False,27.503178294573644
NF_2025,Nature First,Brand Image,Young Adults,youtube,2025-05-01,4507.93,222845.0,7587.0,56.0,2776.96,False,False,False,0,False,False,False,0.3660155529194675
SS_2025,Summer Sale,Seasonal Sale,Young Adults,facebook,2025-05-25,5497.61,57803.0,2208.0,97.0,6789.71,False,False,False,0,False,False,False,3.0750498188405797
SS_2025,Summer Sale,Seasonal Sale,Parents,facebook,2025-05-24,6278.09,102372.0,1876.0,331.0,12094.0,False,False,False,0,False,False,True,6.446572695278251
SS_2025,Summer Sale,Seasonal Sale,Adults,linkedin,2025-06-14,5633.76,56893.0,1649.0,169.0,7196.44,False,False,False,0,False,False,False,4.364123711340206
SS_2025,Summer Sale,Seasonal Sale,Gen Z,instagram,2025-06-23,7254.67,111039.0,5965.0,585.0,30328.04,False,False,False,0,False,False,False,5.0843319362950545
SS_2025,Summer Sale,Seasonal Sale,Gen Z,tiktok,2025-07-05,5091.5,290523.0,29155.0,1413.0,58005.94,False,False,False,0,False,False,False,1.9895709140799178
SS_2025,Summer Sale,Seasonal Sale,Adults,facebook,2025-05-27,2663.17,26250.0,1104.0,45.0,2264.27,False,False,False,0,False,False,False,2.0509692028985507
NF_2025,Nature First,Brand Image,Parents,instagram,2025-03-28,3193.47,60808.0,2697.0,89.0,7609.16,False,False,False,0,False,False,False,2.8213422321097514
DBB_2025,Don't Burn for Beauty,Social Impact,Adults,youtube,2025-07-13,6492.89,320262.0,16366.0,523.0,21728.51,False,False,False,0,False,False,False,1.3276616155444212
TSF_2025,TikTok Skin Fails,Trend Counter,Gen Z,youtube,2025-03-26,5172.7,1026884.0,105287.0,6555.0,129822.31,False,False,False,0,False,False,False,1.2330326631018074
NF_2025,Nature First,Brand Image,Young Adults,instagram,2025-04-21,5672.95,379086.0,15835.0,156.0,12996.32,False,True,False,0,False,False,False,0.8207338174928954
SCA_2025,Skin Cancer Awareness,Educational Awareness,Young Adults,youtube,2025-05-19,7637.1,490147.0,20635.0,116.0,3290.07,False,False,False,0,False,False,False,0.15944124061061304
SCA_2025,Skin Cancer Awareness,Educational Awareness,Seniors,linkedin,2025-06-01,6821.84,116754.0,4692.0,60.0,1820.07,False,False,False,0,False,False,False,0.3879092071611253
BF_2025,Black Friday,Seasonal Sale,Young Adults,facebook,2025-12-01,116925.8,3539447.0,185899.0,25178.0,1893580.39,False,False,False,0,False,False,False,10.186070877196757
DBB_2025,Don't Burn for Beauty,Social Impact,Adults,linkedin,2025-08-01,3891.97,100346.0,4332.0,189.0,9434.62,False,False,False,0,False,False,False,2.1778901200369347
SS_2025,Summer Sale,Seasonal Sale,Gen Z,youtube,2025-05-26,17927.02,1128351.0,40674.0,4152.0,264023.35,False,False,False,0,False,False,False,6.4912069135073995
AAR_2025,Anti-Aging Routine,Product Education,Seniors,email,2025-04-02,5262.97,8788.0,255.0,154.0,21719.18,False,False,False,0,False,False,False,85.17325490196079
AAR_2025,Anti-Aging Routine,Product Education,Young Adults,youtube,2025-05-01,5246.43,75241.0,4911.0,594.0,43578.73,False,False,False,0,False,False,False,8.873697821217675
HP_2025,Holiday Prep,Seasonal Education,Seniors,email,2025-11-19,4550.33,8392.0,944.0,331.0,22603.69,False,False,False,0,False,False,False,23.944586864406777
AAR_2025,Anti-Aging Routine,Product Education,Young Adults,facebook,2025-02-23,2789.2,49211.0,1901.0,126.0,10279.98,False,False,False,0,False,False,False,5.407669647553918
AAR_2025,Anti-Aging Routine,Product Education,Adults,youtube,2025-02-03,5389.77,44252.0,1223.0,210.0,22675.89,False,False,False,0,False,False,False,18.54120196238757
NF_2025,Nature First,Brand Image,Parents,facebook,2025-05-08,4836.39,50992.0,2225.0,70.0,5413.43,False,False,False,0,False,False,False,2.4330022471910113
HP_2025,Holiday Prep,Seasonal Education,Adults,instagram,2025-11-13,3747.95,60194.0,1654.0,455.0,31206.57,False,False,False,1,True,True,False,18.867333736396613
NF_2025,Nature First,Brand Image,Parents,facebook,2025-05-01,7720.86,44701.0,1558.0,47.0,3999.74,False,False,False,0,False,False,False,2.567227214377407
SCA_2025,Skin Cancer Awareness,Educational Awareness,Adults,youtube,2025-05-13,11049.7,471000.0,23696.0,381.0,14984.6,False,False,False,0,False,False,False,0.6323683322079676
TSF_2025,TikTok Skin Fails,Trend Counter,Young Adults,youtube,2025-04-15,33476.09,2559138.0,154868.0,10311.0,471700.33,False,False,False,0,False,False,False,3.045821796626805
SCA_2025,Skin Cancer Awareness,Educational Awareness,Adults,youtube,2025-05-30,9057.52,578057.0,11551.0,328.0,10423.41,False,False,False,0,False,False,False,0.9023816119816466
AAR_2025,Anti-Aging Routine,Product Education,Adults,facebook,2025-01-31,2374.06,26915.0,1019.0,111.0,10851.57,False,False,False,0,False,False,False,10.649234543670264
BF_2025,Black Friday,Seasonal Sale,Adults,email,2025-11-16,15415.45,267924.0,26060.0,16657.0,1193529.46,False,True,False,0,False,False,False,45.79928856485034
SS_2025,Summer Sale,Seasonal Sale,Adults,linkedin,2025-06-01,10408.06,26131.0,578.0,49.0,2310.6,False,False,False,0,False,False,False,3.99757785467128
DBB_2025,Don't Burn for Beauty,Social Impact,Gen Z,instagram,2025-06-22,1084.03,62345.0,6613.0,544.0,6436.0,False,False,False,0,False,False,True,0.9732815906556541
TSF_2025,TikTok Skin Fails,Trend Counter,Young Adults,facebook,2025-04-01,77182.96,5358406.0,192240.0,6025.0,102519.96,False,False,False,0,False,False,False,0.5332915106117354
TSF_2025,TikTok Skin Fails,Trend Counter,Gen Z,tiktok,2025-03-21,17536.48,1521228.5,118725.0,5503.0,67548.78,True,False,False,0,False,False,False,0.5689516108654453
AAR_2025,Anti-Aging Routine,Product Education,Seniors,facebook,2025-03-06,5376.8,19934.0,1180.0,156.0,13188.25,False,False,False,0,False,False,False,11.176483050847457
NF_2025,Nature First,Brand Image,Parents,instagram,2025-04-18,8664.91,40777.0,721.0,10.0,868.39,False,False,False,0,False,False,False,1.2044244105409154
SS_2025,Summer Sale,Seasonal Sale,Parents,instagram,2025-07-21,3741.72,53222.0,3301.0,361.0,23842.57,False,False,False,0,False,False,False,7.222832475007573
SS_2025,Summer Sale,Seasonal Sale,Young Adults,youtube,2025-07-23,8743.63,245903.0,13920.0,1113.0,61330.62,False,False,False,0,False,False,False,4.405935344827586
DBB_2025,Don't Burn for Beauty,Social Impact,Gen Z,tiktok,2025-08-10,3542.77,316078.0,31252.0,361.0,13224.15,False,False,False,0,False,False,False,0.42314571867400486
PL_2025,Product Launch,Product Launch,Young Adults,youtube,2025-03-04,13666.82,750895.0,26863.0,1016.0,72969.61,False,False,False,0,False,False,False,2.7163611659159437
AAR_2025,Anti-Aging Routine,Product Education,Adults,youtube,2025-04-13,4055.0,27539.0,575.0,44.0,5547.89,False,False,False,0,False,False,False,9.648504347826087
NF_2025,Nature First,Brand Image,Gen Z,tiktok,2025-03-02,8204.7,265216.0,6314.0,195.0,16507.74,False,False,False,0,False,False,False,2.6144662654418753
SS_2025,Summer Sale,Seasonal Sale,Adults,facebook,2025-06-29,4898.73,47612.0,1428.0,159.0,7154.68,False,True,False,0,False,False,False,5.010280112044818
PL_2025,Product Launch,Product Launch,Seniors,facebook,2025-03-16,9931.83,125221.0,3563.0,167.0,11465.65,False,False,False,0,False,False,False,3.2179764243614932
DBB_2025,Don't Burn for Beauty,Social Impact,Young Adults,instagram,2025-06-27,4848.64,143079.0,13554.0,408.0,13268.8,False,False,False,0,False,False,False,0.9789582411096355
PL_2025,Product Launch,Product Launch,Young Adults,facebook,2025-02-22,20046.07,441934.0,9130.0,605.0,61113.67,False,False,False,0,False,False,False,6.693720700985761
PL_2025,Product Launch,Product Launch,Young Adults,instagram,2025-03-04,4265.27,97349.0,1835.0,50.0,2905.0,False,False,False,0,False,False,False,1.5831062670299727
PL_2025,Product Launch,Product Launch,Young Adults,facebook,2025-02-19,19874.59,476590.0,18627.0,233.0,16813.47,False,False,False,0,False,False,False,0.9026397165405058
NF_2025,Nature First,Brand Image,Young Adults,instagram,2025-03-07,7297.28,129910.0,3820.0,195.0,10725.51,False,False,False,0,False,False,False,2.8077251308900526
AAR_2025,Anti-Aging Routine,Product Education,Adults,linkedin,2025-01-22,5903.4,25804.0,487.0,401.0,10763.0,False,False,False,1,True,True,True,22.099723046488624
DBB_2025,Don't Burn for Beauty,Social Impact,Gen Z,tiktok,2025-06-26,18624.54,2627607.0,298483.0,3884.0,132395.06,False,False,False,0,False,False,False,0.4435598007256695
SS_2025,Summer Sale,Seasonal Sale,Gen Z,youtube,2025-06-22,1017.79,22591.0,1306.0,180.0,6213.47,False,False,False,0,False,False,False,4.757633996937213
SS_2025,Summer Sale,Seasonal Sale,Gen Z,tiktok,2025-07-10,14968.98,1602388.0,110695.0,2771.0,172685.59,False,False,False,0,False,False,False,1.5600125570260626
PL_2025,Product Launch,Product Launch,Adults,facebook,2025-03-23,5626.77,268494.0,15280.0,1172.0,73434.48,False,False,False,0,False,False,False,4.805921465968586
SS_2025,Summer Sale,Seasonal Sale,Gen Z,instagram,2025-07-05,8505.56,129498.0,8847.0,498.0,21615.58,False,False,False,0,False,False,False,2.4432666440601336
TSF_2025,TikTok Skin Fails,Trend Counter,Gen Z,tiktok,2025-04-16,14438.91,1836901.0,193530.0,2821.0,143045.86,False,False,False,0,False,False,False,0.7391404950136929
AAR_2025,Anti-Aging Routine,Product Education,Adults,facebook,2025-03-10,3126.54,18866.0,580.0,72.0,7015.1,False,False,False,0,False,False,False,12.095
AAR_2025,Anti-Aging Routine,Product Education,Adults,facebook,2025-05-30,4722.25,31037.0,442.0,64.0,6317.18,False,False,False,0,False,False,False,14.292262443438915
DBB_2025,Don't Burn for Beauty,Social Impact,Young Adults,tiktok,2025-08-02,1817.95,554520.5,4040.0,106.0,2079.0,True,False,False,0,False,False,True,0.514658463901895
AAR_2025,Anti-Aging Routine,Product Education,Adults,facebook,2025-04-29,4837.65,25353.0,359.0,109.0,11408.42,False,False,False,0,False,False,False,31.7783286908078
NF_2025,Nature First,Brand Image,Parents,facebook,2025-05-22,5509.85,60444.0,2187.0,48.0,4697.89,False,False,False,0,False,False,False,2.1480978509373574
AAR_2025,Anti-Aging Routine,Product Education,Adults,facebook,2025-04-20,4376.73,28779.0,1450.0,201.0,22594.81,False,False,False,0,False,False,False,15.582627586206897
PL_2025,Product Launch,Product Launch,Young Adults,instagram,2025-03-28,20067.38,417126.0,16396.0,295.0,21741.34,False,False,False,0,False,False,False,1.3260148816784583
BF_2025,Black Friday,Seasonal Sale,Parents,instagram,2025-11-18,20846.57,671892.0,27824.0,3020.0,217687.5,False,False,False,0,False,False,False,7.823731311098332
PL_2025,Product Launch,Product Launch,Adults,facebook,2025-02-09,15810.7,553126.0,26537.0,1515.0,115427.02,False,False,False,0,False,False,False,4.349663488713872
HP_2025,Holiday Prep,Seasonal Education,Parents,email,2025-11-25,3644.01,13588.0,2334.0,1699.0,178203.15,False,False,False,0,False,False,False,76.35096401028278
SS_2025,Summer Sale,Seasonal Sale,Young Adults,email,2025-05-12,2849.01,23175.0,3375.0,600.0,0.0,False,False,True,0,False,False,False,0.0
PL_2025,Product Launch,Product Launch,Seniors,facebook,2025-01-31,10797.22,117409.0,6435.0,253.0,18837.36,False,False,False,0,False,False,False,2.9273286713286715
DBB_2025,Don't Burn for Beauty,Social Impact,Adults,linkedin,2025-08-06,6478.83,133801.0,16841.0,766.0,23770.68,False,False,False,0,False,False,False,1.4114767531619263
AAR_2025,Anti-Aging Routine,Product Education,Seniors,linkedin,2025-03-17,4775.08,6756.0,265.0,61.0,6610.81,False,False,False,0,False,False,False,24.94645283018868
AAR_2025,Anti-Aging Routine,Product Education,Young Adults,instagram,2025-01-28,2876.26,26381.0,1075.0,191.0,11881.67,False,False,False,0,False,False,False,11.052716279069768
TSF_2025,TikTok Skin Fails,Trend Counter,Young Adults,tiktok,2025-03-22,19371.52,1919835.0,279642.0,8881.0,526686.36,False,False,False,0,False,False,False,1.8834308151136094
AAR_2025,Anti-Aging Routine,Product Education,Adults,facebook,2025-04-09,4206.51,15059.0,672.0,99.0,10041.39,False,False,False,0,False,False,False,14.942544642857142
PL_2025,Product Launch,Product Launch,Adults,email,2025-02-02,3668.82,25836.0,1936.0,143.0,10991.73,False,False,False,0,False,False,False,5.677546487603306
TSF_2025,TikTok Skin Fails,Trend Counter,Young Adults,youtube,2025-04-12,10047.38,1038986.0,78489.5,2533.0,80075.9,False,False,False,1,True,True,False,1.0202116206626364
SS_2025,Summer Sale,Seasonal Sale,Gen Z,youtube,2025-07-08,7117.68,367445.0,35174.0,3827.0,230565.15,False,False,False,0,False,False,False,6.554988059362029
AAR_2025,Anti-Aging Routine,Product Education,Young Adults,facebook,2025-05-28,6601.3,95683.0,4433.0,1034.0,96961.01,False,False,False,0,False,False,False,21.872549063839386
NF_2025,Nature First,Brand Image,Parents,instagram,2025-04-19,6936.58,50375.0,2755.0,135.0,8160.44,False,False,False,0,False,False,False,2.9620471869328493
SS_2025,Summer Sale,Seasonal Sale,Young Adults,instagram,2025-07-17,2830.99,99474.0,3667.0,151.0,10403.1,False,False,False,0,False,False,False,2.8369511862557952
SS_2025,Summer Sale,Seasonal Sale,Adults,email,2025-05-18,5004.81,18699.0,1709.0,530.0,23421.54,False,False,False,0,False,False,False,13.70482153306027
TSF_2025,TikTok Skin Fails,Trend Counter,Young Adults,instagram,2025-03-20,18809.91,999819.0,0.0,0.0,0.0,False,False,False,0,False,False,False,1.4698740423386454
NF_2025,Nature First,Brand Image,Gen Z,instagram,2025-05-29,4533.27,93833.0,4531.0,32.0,6953.0,False,False,False,0,False,False,True,1.5345451262600327
DBB_2025,Don't Burn for Beauty,Social Impact,Gen Z,youtube,2025-07-15,10767.37,1008070.0,66516.0,5689.0,161786.4,False,False,False,0,False,False,False,2.4322929821396353
AAR_2025,Anti-Aging Routine,Product Education,Young Adults,instagram,2025-04-24,6408.31,64644.0,1413.0,127.0,13808.01,False,False,False,0,False,False,False,9.77212314225053
PL_2025,Product Launch,Product Launch ,Young Adults,tiktok,2025-01-31,4531.19,100343.0,6357.0,123.0,12938.86,False,False,False,0,False,False,False,2.0353720308321535
PL_2025,Product Launch,Product Launch,Young Adults,youtube,2025-03-05,19345.82,1276512.0,68252.0,1346.0,113855.54,False,False,False,0,False,False,False,1.6681641563617182
TSF_2025,TikTok Skin Fails,Trend Counter,Gen Z,youtube,2025-05-15,10400.13,1446049.0,98969.0,4886.0,267585.66,False,False,False,0,False,False,False,2.7037320777213063
NF_2025,Nature First,Brand Image,Gen Z,instagram,2025-06-03,8472.19,275089.0,10916.0,169.0,13356.74,False,False,False,0,False,False,False,1.2235928911689262
NF_2025,Nature First,Brand Image,Young Adults,instagram,2025-04-24,4140.91,35370.0,661.0,11.0,827.52,False,False,False,0,False,False,False,1.2519213313161877
BF_2025,Black Friday,Seasonal Sale,Parents,facebook,2025-12-03,28929.12,238259.0,17792.0,3276.0,159511.87,False,False,False,0,False,False,False,8.96537039118705
AAR_2025,Anti-Aging Routine,Product Education,Young Adults,youtube,2025-05-03,4750.65,78892.0,1881.0,512.0,34013.33,False,False,False,0,False,False,False,18.08257841573631
DBB_2025,Don't Burn for Beauty,Social Impact,Adults,facebook,2025-06-28,9084.11,170800.0,7526.0,279.0,9344.17,False,False,False,0,False,False,False,1.2415851714057933
AAR_2025,Anti-Aging Routine,Product Education,Seniors,facebook,2025-01-13,5032.12,25617.0,866.0,126.0,17548.08,False,False,False,0,False,False,False,20.263371824480373
HP_2025,Holiday Prep,Seasonal Education,Adults,instagram,2025-11-16,7603.21,64810.0,5248.0,759.0,42789.82,False,False,False,0,False,False,False,8.153548018292684
SS_2025,Summer Sale,Seasonal Sale,Adults,facebook,2025-07-25,2025.98,22083.0,621.0,103.0,7663.17,False,False,False,0,False,False,False,12.340048309178744
NF_2025,Nature First,Brand Image,Young Adults,youtube,2025-02-19,6108.15,113454.0,2356.0,122.0,10645.9,False,True,False,0,False,False,False,4.518633276740237
TSF_2025,TikTok Skin Fails,Trend Counter,Gen Z,youtube,2025-04-09,10524.43,1073768.0,134464.0,6914.0,123705.25,False,False,False,0,False,False,False,0.9199878777962874
SS_2025,Summer Sale,Seasonal Sale,Parents,email,2025-07-02,3208.8,6641.0,489.0,111.0,7761.49,False,False,False,0,False,False,False,15.872167689161554
PL_2025,Product Launch,Product Launch,Seniors,linkedin,2025-02-17,7735.42,28963.0,428.0,10.0,1025.76,False,False,False,0,False,False,False,2.3966355140186915
AAR_2025,Anti-Aging Routine,Product Education,Young Adults,email,2025-01-29,4573.56,14221.0,1232.0,401.0,36280.18,False,False,False,0,False,False,False,29.44819805194805
BF_2025,Black Friday,Seasonal Sale,Gen Z,instagram,2025-11-18,57593.73,844968.0,67440.0,14503.0,1079629.91,False,False,False,0,False,False,False,16.0087471826809
SS_2025,Summer Sale,Seasonal Sale,Gen Z,youtube,2025-07-19,2898.3,235668.0,12644.0,965.0,37454.81,False,False,False,0,False,False,False,2.962259569756406
AAR_2025,Anti-Aging Routine,Product Education,Adults,facebook,2025-05-03,2875.45,14787.0,559.0,135.0,12686.83,False,False,False,0,False,False,False,22.69558139534884
PL_2025,Product Launch,Product Launch,Seniors,facebook,2025-02-25,12518.38,115119.0,6379.0,250.0,29181.42,False,False,False,0,False,False,False,4.574607305220254
PL_2025,Product Launch,Product Launch,Adults,facebook,2025-02-08,6429.53,93737.0,3110.0,147.0,29569.98,False,False,False,0,False,False,False,9.508032154340835
PL_2025,Product Launch,Product Launch,Young Adults,youtube,2025-01-26,11286.97,456384.0,21038.0,342.0,33308.6,False,False,False,0,False,False,False,1.5832588649111132
AAR_2025,Anti-Aging Routine,Product Education,Seniors,email,2025-03-16,6184.49,17025.0,556.0,277.0,23099.74,False,False,False,0,False,False,False,41.54629496402878
SS_2025,Summer Sale,Seasonal Sale,Adults,facebook,2025-07-15,6674.41,57247.0,3073.0,376.0,25318.97,False,False,False,0,False,False,False,8.239170191994793
NF_2025,Nature First,Brand Image,Gen Z,youtube,2025-05-17,5634.47,190891.0,10339.0,240.0,17410.74,False,False,False,0,False,False,False,1.6839868459232035
DBB_2025,Don't Burn for Beauty,Social Impact,Adults,facebook,2025-07-30,2953.4,45763.0,3081.0,114.0,5608.82,False,False,False,0,False,False,False,1.8204543979227523
NF_2025,Nature First,Brand Image,Young Adults,instagram,2025-05-22,7342.5,88861.0,3234.0,86.0,7150.69,False,False,False,0,False,False,False,2.2110977118119974
SS_2025,Summer Sale,Seasonal Sale,Adults,facebook,2025-06-21,6034.35,92975.0,4014.0,452.0,28016.22,False,False,False,0,False,False,False,6.979626307922272
SS_2025,Summer Sale,Seasonal Sale,Young Adults,instagram,2025-06-29,8071.61,119573.0,2759.0,332.0,22406.87,False,False,False,0,False,False,False,8.121373686118158
AAR_2025,Anti-Aging Routine,Product Education,Seniors,linkedin,2025-03-04,4376.56,12085.0,700.0,263.0,40350.01,False,False,False,0,False,False,False,57.64287142857143
AAR_2025,Anti-Aging Routine,Product Education,Young Adults,youtube,2025-06-03,3166.44,34009.0,1631.0,171.0,15061.52,False,False,False,0,False,False,False,9.234530962599633
SCA_2025,Skin Cancer Awareness,Educational Awareness,Adults,facebook,2025-05-19,8014.68,351329.0,6949.0,27.0,637.84,False,False,False,0,False,False,False,0.09178874658224205
AAR_2025,Anti-Aging Routine,Product Education,Young Adults,facebook,2025-04-26,6882.49,38294.0,905.0,174.0,10883.26,False,False,False,0,False,False,False,12.025701657458564
NF_2025,Nature First,Brand Image,Gen Z,tiktok,2025-05-21,7687.18,395926.0,10291.0,80.0,4032.36,False,False,False,0,False,False,False,0.39183364104557383
SS_2025,Summer Sale,Seasonal Sale,Gen Z,instagram,2025-05-31,3931.93,109960.0,2505.0,174.0,11622.12,False,False,False,0,False,False,False,4.63956886227545
AAR_2025,Anti-Aging Routine,Product Education ,Young Adults,facebook,2025-04-14,7231.38,87570.0,4410.0,961.0,52133.67,False,False,False,0,False,False,False,11.82169387755102
PL_2025,Product Launch,Product Launch,Adults,youtube,2025-02-06,26978.83,654180.0,20310.0,387.0,29917.06,False,False,False,1,True,True,False,1.4730211718365338
BF_2025,Black Friday,Seasonal Sale,Adults,facebook,2025-12-05,14136.05,189932.0,17842.0,3900.0,316188.42,False,False,False,0,False,False,False,17.721579419347606
DBB_2025,Don't Burn for Beauty,Social Impact,Gen Z,instagram,2025-08-03,5367.11,157336.0,20319.0,681.0,25228.32,False,False,False,0,False,False,False,1.241612284069098
AAR_2025,Anti-Aging Routine,Product Education,Seniors,linkedin,2025-05-22,2228.32,9072.0,342.0,70.0,8520.9,False,False,False,0,False,False,False,24.914912280701753
AAR_2025,Anti-Aging Routine,Product Education,Young Adults,facebook,2025-06-07,5323.18,27586.5,1741.0,200.0,19496.01,True,False,False,0,False,False,False,11.19816771970132
SS_2025,Summer Sale,Seasonal Sale,Adults,facebook,2025-07-11,2125.68,17828.0,698.0,41.0,2931.31,False,False,False,0,False,False,False,4.1995845272206305
TSF_2025,TikTok Skin Fails,Trend Counter,Gen Z,youtube,2025-03-12,250426.05,25235633.0,1190228.0,2719.0,872587.59,False,False,True,0,False,False,False,0.733126417795582
PL_2025,Product Launch,Product Launch,Young Adults,tiktok,2025-01-27,7469.32,388249.0,15293.0,191.0,18707.23,False,False,False,0,False,False,False,1.2232544301314328
NF_2025,Nature First,Brand Image,Young Adults,linkedin,2025-05-30,3408.08,26410.0,993.0,23.0,1260.44,False,False,False,0,False,False,False,1.2693252769385701
HP_2025,Holiday Prep,Seasonal Education,Adults,instagram,2025-11-07,4030.55,32829.0,1657.0,265.0,25345.13,False,False,False,0,False,False,False,15.295793602896802
AAR_2025,Anti-Aging Routine,Product Education,Young Adults,email,2025-03-04,3574.52,9632.0,240.0,114.0,8557.68,False,False,False,0,False,False,False,35.657000000000004
AAR_2025,Anti-Aging Routine,Product Education,Young Adults,email,2025-05-21,4309.12,27900.0,1762.0,226.0,15807.69,False,False,False,0,False,False,False,8.97144721906924
PL_2025,Product Launch,Product Launch,Adults,youtube,2025-01-17,10738.7,543170.0,77660.0,2261.0,189672.14,False,False,False,0,False,False,False,2.442340200875612
NF_2025,Nature First,Brand Image,Parents,instagram,2025-03-05,5012.3,48065.0,3001.0,52.0,3241.0,False,False,False,0,False,False,False,1.0799733422192603
SS_2025,Summer Sale,Seasonal Sale,Adults,linkedin,2025-07-24,7056.65,43300.0,4582.0,633.0,25678.89,True,False,False,0,False,False,False,5.604297250109123
DBB_2025,Don't Burn for Beauty,Social Impact,Young Adults,instagram,2025-08-10,5836.92,237972.0,15909.0,425.0,12329.44,False,False,False,0,False,False,False,0.7749977999874286
NF_2025,Nature First,Brand Image,Young Adults,youtube,2025-03-03,10370.57,90767.0,3592.0,124.0,10525.23,False,False,False,0,False,False,False,2.930186525612472
TSF_2025,TikTok Skin Fails,Trend Counter,Young Adults,youtube,2025-05-15,8967.37,613792.0,76023.0,2722.0,93278.58,False,False,False,0,False,False,False,1.226978414427213
AAR_2025,Anti-Aging Routine,Product Education,Adults,email,2025-02-24,5422.61,16252.0,947.0,498.0,53921.26,False,False,False,0,False,False,False,56.93902851108765
DBB_2025,Don't Burn for Beauty,Social Impact,Adults,facebook,2025-07-19,4579.6,99399.0,10308.0,501.0,17395.46,False,False,False,0,False,False,False,1.687568878540939
TSF_2025,TikTok Skin Fails,Trend Counter,Gen Z,instagram,2025-04-05,41506.88,2543201.0,196734.0,8881.0,370692.34,False,False,False,0,False,False,False,1.8842311954212287
AAR_2025,Anti-Aging Routine,Product Education,Young Adults,instagram,2025-01-30,4857.91,49064.0,2077.0,253.0,21043.65,False,False,False,0,False,False,False,10.13175252768416
AAR_2025,Anti-Aging Routine,Product Education,Adults,facebook,2025-02-12,5452.86,26538.0,866.5,161.0,16600.79,False,False,True,1,True,True,False,19.158442008078477
SS_2025,Summer Sale,Seasonal Sale,Adults,email,2025-05-19,10508.85,40756.0,1174.0,333.0,18615.34,False,False,False,0,False,False,False,15.85633730834753
SCA_2025,Skin Cancer Awareness,Educational Awareness,Young Adults,instagram,2025-05-13,18192.32,450676.0,9924.0,205.0,7930.2,False,False,False,0,False,False,False,0.799093107617896
SCA_2025,Skin Cancer Awareness,Educational Awareness,Young Adults,tiktok,2025-05-26,11267.36,578254.0,5049.0,45.0,1244.03,False,True,False,0,False,False,False,0.24639136462665873
AAR_2025,Anti-Aging Routine,Product Education,Adults,linkedin,2025-05-17,5301.92,26481.0,1272.0,239.0,21253.18,False,False,False,0,False,False,False,16.708474842767295
PL_2025,Product Launch,Product Launch,Young Adults,tiktok,2025-02-28,15598.32,900929.0,44542.0,345.0,25153.05,False,False,False,0,False,False,False,0.564704099501594
AAR_2025,Anti-Aging Routine,Product Education,Adults,email,2025-02-22,5308.29,14350.0,502.0,220.0,21332.26,False,False,False,0,False,False,False,42.49454183266932
NF_2025,Nature First,Brand Image,Gen Z,youtube,2025-05-28,8152.99,254233.0,7678.0,115.0,7039.27,False,False,False,0,False,False,False,0.9168103672831467
SS_2025,Summer Sale,Seasonal Sale,Young Adults,youtube,2025-06-09,4198.55,54965.0,2802.0,287.0,12793.78,False,False,False,0,False,False,False,4.565945753033548
SS_2025,Summer Sale,Seasonal Sale,Parents,instagram,2025-05-22,3673.99,103585.5,1496.0,683.0,48099.01,True,False,False,0,False,False,False,32.15174465240642
TSF_2025,TikTok Skin Fails,Trend Counter,Young Adults,facebook,2025-04-04,14658.87,473384.0,27638.0,1717.0,94571.51,False,False,False,0,False,False,False,3.4217928214776756
HP_2025,Holiday Prep, Seasonal Education,Adults,facebook,2025-11-09,5799.55,73624.0,3589.0,1211.0,77185.8,False,False,False,0,False,False,False,21.50621342992477
DBB_2025,Don't Burn for Beauty,Social Impact,Young Adults,facebook,2025-07-30,9212.64,169833.0,9713.0,1185.0,28551.63,False,False,False,0,False,False,False,2.9395274374549576
AAR_2025,Anti-Aging Routine,Product Education,Seniors,facebook,2025-05-19,6592.76,43699.0,2325.0,596.0,79263.0,False,False,False,0,False,False,False,34.09161290322581
NF_2025,Nature First,Brand Image,Young Adults,instagram,2025-03-21,3589.51,111793.0,2855.0,40.0,3203.08,False,False,False,0,False,False,False,1.1219194395796848
NF_2025,Nature First,Brand Image,Young Adults,youtube,2025-04-11,8921.0,138998.5,0.0,0.0,0.0,True,False,False,0,False,False,False,1.393211034107895
AAR_2025,Anti-Aging Routine,Product Education,Adults,facebook,2025-04-07,5145.22,14034.0,960.0,59.0,4784.61,False,False,False,0,False,False,False,4.98396875
AAR_2025,Anti-Aging Routine,Product Education,Young Adults,instagram,2025-03-16,5560.16,61642.0,2806.0,604.0,37065.4,False,False,False,0,False,False,False,13.209337134711333
NF_2025,Nature First,Brand Image,Young Adults,linkedin,2025-04-16,9955.26,98740.0,10057.0,196.0,14358.67,False,False,False,0,False,False,False,1.4277289450134234
AAR_2025,Anti-Aging Routine,Product Education,Young Adults,facebook,2025-02-10,3473.49,42677.0,1341.0,372.0,36882.75,False,False,False,0,False,False,False,27.50391498881432
TSF_2025,TikTok Skin Fails,Trend Counter,Young Adults,facebook,2025-06-03,2814.88,175215.0,13423.0,680.0,15939.09,False,False,False,0,False,False,False,1.1874461744766445
NF_2025,Nature First,Brand Image,Young Adults,youtube,2025-04-17,5290.79,147609.0,4032.0,26.0,1667.17,False,False,False,0,False,False,False,0.413484623015873
AAR_2025,Anti-Aging Routine,Product Education,Adults,email,2025-06-07,5024.28,22730.0,1548.0,920.0,86155.23,False,False,False,0,False,False,False,55.655833333333334
AAR_2025,Anti-Aging Routine,Product Education,Young Adults,youtube,2025-06-07,3863.36,63273.0,2018.0,163.0,12864.76,False,False,False,0,False,False,False,6.375004955401388
AAR_2025,Anti-Aging Routine,Product Education,Seniors,linkedin,2025-04-15,3079.51,15694.0,425.0,38.0,9392.0,False,False,False,0,False,False,True,22.099723046488624
NF_2025,Nature First,Brand Image,Young Adults,instagram,2025-02-18,9378.78,415881.0,10488.0,221.0,11866.05,False,False,False,0,False,False,False,1.1313930205949656
AAR_2025,Anti-Aging Routine,Product Education,Seniors,linkedin,2025-01-28,2908.67,4705.0,163.0,25.0,3002.27,False,False,False,0,False,False,False,18.41883435582822
AAR_2025,Anti-Aging Routine,Product Education,Adults,email,2025-05-01,2540.87,7770.0,357.0,122.0,13673.32,False,False,False,0,False,False,False,38.3006162464986
HP_2025,Holiday Prep,Seasonal Education,Seniors,facebook,2025-11-28,5204.18,26565.0,3319.0,547.0,62953.39,False,False,False,0,False,False,False,18.967577583609522
BF_2025,Black Friday,Seasonal Sale,Young Adults,tiktok,2025-12-01,8570.07,535016.0,15485.0,967.0,57023.02,True,False,False,0,False,False,False,3.682468195027446
AAR_2025,Anti-Aging Routine,Product Education,Seniors,linkedin,2025-06-02,4685.3,15167.0,443.0,85.0,7848.17,False,False,False,0,False,False,False,17.715959367945825
PL_2025,Product Launch,Product Launch,Adults,youtube,2025-01-18,11379.22,271736.0,12502.0,428.0,27592.66,False,False,False,0,False,False,False,2.2070596704527277
HP_2025,Holiday Prep,Seasonal Education,Adults,facebook,2025-11-10,5510.45,29931.0,2284.0,379.0,22819.12,False,False,False,0,False,False,False,9.990858143607705
NF_2025,Nature First,Brand Image,Parents,email,2025-04-21,5643.38,21902.0,727.0,24.0,1960.4,False,False,False,0,False,False,False,2.6965612104539205
NF_2025,Nature First,Brand Image,Gen Z,instagram,2025-02-23,3958.87,50063.0,2134.0,51.0,3261.01,False,False,False,0,False,False,False,1.528120899718838
NF_2025,Nature First,Brand Image,Parents,facebook,2025-03-24,6790.3,97669.0,6724.0,47.0,4120.33,False,False,True,0,False,False,False,0.6127795954788816
AAR_2025,Anti-Aging Routine,Product Education,Adults,youtube,2025-05-08,4824.23,40874.0,1479.0,480.0,31361.66,False,False,False,0,False,False,False,21.204638269100744
HP_2025,Holiday Prep,Seasonal Education,Adults,email,2025-11-23,3140.62,19797.0,1766.0,1716.0,115373.28,False,False,False,0,False,False,False,65.33028312570781
AAR_2025,Anti-Aging Routine,Product Education,Adults,youtube,2025-05-21,7235.93,76822.0,1824.5,589.0,53237.35,False,False,False,1,True,True,False,29.179144971224993
BF_2025,Black Friday,Seasonal Sale,Seniors,email,2025-12-01,8206.06,26975.0,1354.0,574.0,47663.34,False,False,False,0,False,False,False,35.20187592319054
SCA_2025,Skin Cancer Awareness,Educational Awareness,Seniors,linkedin,2025-05-15,4088.0,68932.0,7512.0,27.0,1325.19,False,False,False,1,True,True,False,0.1764097444089457
SS_2025,Summer Sale,Seasonal Sale,Young Adults,youtube,2025-07-28,2128.81,83013.0,2526.0,310.0,12256.83,False,False,False,0,False,False,False,4.852268408551069
TSF_2025,TikTok Skin Fails,Trend Counter,Gen Z,instagram,2025-05-31,11029.08,849838.0,98972.0,7457.0,106145.48,False,False,False,0,False,False,False,1.0724798933031565
DBB_2025,Don't Burn for Beauty,Social Impact,Young Adults,instagram,2025-06-30,4779.97,416623.0,35617.0,1752.0,74375.6,False,False,False,0,False,False,False,2.0882050706123483
SS_2025,Summer Sale,Seasonal Sale,Adults,facebook,2025-06-27,8834.61,154150.0,5551.0,1946.0,110595.47,False,False,False,0,False,False,False,19.923521887948116
DBB_2025,Don't Burn for Beauty,Social Impact,Young Adults,youtube,2025-07-16,1507.34,85665.0,4180.0,213.0,8752.31,False,False,False,0,False,False,False,2.093854066985646
SCA_2025,Skin Cancer Awareness,Educational Awareness,Seniors,facebook,2025-05-20,7316.3,142479.0,4010.0,63.0,2800.79,False,False,False,0,False,False,False,0.6984513715710723
SS_2025,Summer Sale,Seasonal Sale,Parents,facebook,2025-05-28,5398.7,79774.0,3348.0,495.0,25759.58,False,False,False,0,False,False,False,7.694020310633214
NF_2025,Nature First,Brand Image,Parents,facebook,2025-03-23,4563.89,81147.0,2663.0,73.0,4263.37,False,False,False,0,False,False,False,1.6009650769808486
DBB_2025,Don't Burn for Beauty,Social Impact,Gen Z,tiktok,2025-07-26,11682.62,477921.0,36812.0,536.0,13381.95,False,False,False,0,False,False,False,0.3635214060632403
DBB_2025,Don't Burn for Beauty,Social Impact,Adults,youtube,2025-07-09,6555.03,194065.0,10316.0,104.0,4087.03,False,False,False,0,False,False,False,0.39618359829391236
NF_2025,Nature First,Brand Image,Gen Z,instagram,2025-02-25,4914.34,74061.0,0.0,0.0,0.0,True,False,False,0,False,False,False,1.5345451262600327
NF_2025,Nature First,Brand Image,Gen Z,instagram,2025-04-21,3902.58,68504.0,2087.0,50.0,2672.04,False,False,True,0,False,False,False,1.2803258265452804
AAR_2025,Anti-Aging Routine,Product Education,Adults,linkedin,2025-03-21,7436.97,19052.0,338.0,77.0,9446.17,False,False,False,0,False,False,False,27.94724852071006
TSF_2025,TikTok Skin Fails,Trend Counter,Gen Z,instagram,2025-03-18,25980.11,943200.0,66270.0,4941.0,97409.0,False,False,False,0,False,False,True,1.4698740423386454
AAR_2025,Anti-Aging Routine,Product Education,Seniors,linkedin,2025-02-14,4337.04,26445.0,571.0,180.0,19124.07,False,False,False,0,False,False,False,33.49224168126094
HP_2025,Holiday Prep,Seasonal Education,Adults,facebook,2025-11-05,2571.02,16684.0,861.0,142.0,12278.93,False,False,False,0,False,False,False,14.261242740998838
PL_2025,Product Launch,Product Launch,Adults,instagram,2025-02-26,57696.89,1023247.0,58865.0,2510.0,234126.08,False,False,False,0,False,False,False,3.977339335768283
PL_2025,Product Launch,Product Launch,Young Adults,tiktok,2025-03-14,16030.45,1358050.0,89635.0,1608.0,166164.37,False,False,False,0,False,False,False,1.8537889217381602
AAR_2025,Anti-Aging Routine,Product Education,Adults,youtube,2025-02-07,4927.32,55688.0,1824.5,320.0,29184.42,False,False,False,1,True,True,False,15.995845437106055
AAR_2025,Anti-Aging Routine,Product Education,Young Adults,instagram,2025-02-07,3238.38,24911.0,847.0,172.0,9920.28,False,False,False,0,False,False,False,11.712255017709564
AAR_2025,Anti-Aging Routine,Product Education,Adults,facebook,2025-04-11,4868.36,36712.0,1927.0,397.0,34946.73,False,False,False,0,False,False,False,18.135303580695382
PL_2025,Product Launch,Product Launch,Young Adults,youtube,2025-03-29,29084.95,1232689.0,46365.0,2421.0,145906.6,False,False,False,0,False,False,False,3.146912541787987
DBB_2025,Don't Burn for Beauty,Social Impact,Gen Z,tiktok,2025-08-01,13305.18,1122620.0,68297.0,1682.0,57008.37,False,False,False,0,False,False,False,0.8347126520930641
SS_2025,Summer Sale,Seasonal Sale,Young Adults,facebook,2025-07-19,3846.39,157438.0,5015.0,434.0,23727.88,False,False,False,0,False,False,False,4.73138185443669
AAR_2025,Anti-Aging Routine,Product Education,Adults,facebook,2025-02-26,5851.1,47621.0,803.0,186.0,20566.06,False,False,False,0,False,False,False,25.61153175591532
AAR_2025,Anti-Aging Routine,Product Education,Young Adults,instagram,2025-04-21,3946.9,34202.0,680.0,180.0,16753.23,False,False,False,0,False,False,False,24.63710294117647
PL_2025,Product Launch,Product Launch,Adults,instagram,2025-02-12,27606.58,384247.0,13229.0,490.0,55407.81,False,False,False,0,False,False,False,4.188359664373724
TSF_2025,TikTok Skin Fails,Trend Counter,Young Adults,youtube,2025-05-11,5898.75,785070.0,84387.0,6567.0,387383.72,False,False,False,0,False,False,False,4.59056157939019
AAR_2025,Anti-Aging Routine,Product Education,Adults,youtube,2025-03-20,4892.2,18066.0,508.0,61.0,5173.27,False,False,False,0,False,False,False,10.183602362204725
NF_2025,Nature First,Brand Image,Young Adults,instagram,2025-04-30,9101.03,112657.0,2155.0,45.0,3998.8,False,False,False,0,False,False,False,1.8555916473317866
HP_2025,Holiday Prep,Seasonal Education,Parents,email,2025-11-12,2392.37,5209.0,1049.0,451.0,40469.39,False,False,False,0,False,False,False,38.579018112488086
AAR_2025,Anti-Aging Routine,Product Education,Young Adults,instagram,2025-02-09,5686.2,83554.0,2600.0,329.0,20486.21,False,False,False,0,False,False,False,7.879311538461538
NF_2025,Nature First,Brand Image,Parents,email,2025-04-29,2931.22,18480.0,648.0,41.0,2451.96,False,False,False,0,False,False,False,3.783888888888889
DBB_2025,Don't Burn for Beauty,Social Impact,Gen Z,tiktok,2025-08-04,12738.21,1461013.0,129182.0,4733.0,107356.85,False,False,False,0,False,False,False,0.8310511526373644
AAR_2025,Anti-Aging Routine,Product Education,Young Adults,instagram,2025-03-13,7462.8,94367.0,1927.0,224.0,21146.23,False,False,False,0,False,False,False,10.97365334717177
SCA_2025,Skin Cancer Awareness,Educational Awareness,Young Adults,instagram,2025-05-22,6990.6,406736.0,8433.0,81.0,2080.81,False,False,False,0,False,False,False,0.2467461164472904
AAR_2025,Anti-Aging Routine,Product Education,Adults,linkedin,2025-04-07,4026.9849999999997,35844.0,487.0,218.0,16606.77,False,True,False,1,True,True,False,34.10014373716633
NF_2025,Nature First,Brand Image,Gen Z,tiktok,2025-03-14,8542.0,236372.0,3752.0,16.0,1410.13,False,False,False,0,False,False,False,0.37583422174840087
TSF_2025,TikTok Skin Fails,Trend Counter,Young Adults,youtube,2025-04-22,6748.86,607142.0,57050.0,2245.0,97559.44,False,False,False,0,False,False,False,1.7100690622261174
NF_2025,Nature First,Brand Image,Parents,email,2025-05-19,5316.43,27014.0,747.0,39.0,3846.15,False,False,False,0,False,False,False,5.1487951807228916
TSF_2025,TikTok Skin Fails,Trend Counter,Gen Z,youtube,2025-05-20,93121.32,8327655.0,802268.0,11546.0,548763.89,False,False,False,0,False,False,False,0.6840156780527206
SCA_2025,Skin Cancer Awareness,Educational Awareness,Adults,facebook,2025-05-15,9868.02,237469.0,4899.0,37.0,911.21,False,False,False,0,False,False,False,0.18599918350683814
AAR_2025,Anti-Aging Routine,Product Education,Seniors,linkedin,2025-04-22,3189.73,16729.5,446.0,174.0,22912.7,True,False,False,0,False,False,False,51.3737668161435
NF_2025,Nature First,Brand Image,Young Adults,youtube,2025-05-25,7186.0,129703.0,4933.0,49.0,4282.58,False,False,False,0,False,False,False,0.8681491992702209
PL_2025,Product Launch,Product Launch,Adults,email,2025-02-25,19701.43,120779.0,13730.0,1650.0,118558.84,False,False,False,0,False,False,False,8.635021121631464
AAR_2025,Anti-Aging Routine,Product Education,Young Adults,email,2025-01-30,4500.74,24482.0,984.0,301.0,32288.87,False,False,False,0,False,False,False,32.81389227642276
TSF_2025,TikTok Skin Fails,Trend Counter,Gen Z,youtube,2025-03-11,58536.43,5322200.0,461218.0,31041.0,1349827.1,False,False,False,0,False,False,False,2.9266574591624788
TSF_2025,TikTok Skin Fails,Trend Counter,Gen Z,instagram,2025-04-13,3769.49,449140.0,42344.0,324.0,5379.36,False,False,False,0,False,False,False,0.1270394861137351
HP_2025,Holiday Prep,Seasonal Education,Seniors,facebook,2025-10-30,3047.73,14782.0,605.0,363.0,26909.19,False,False,False,0,False,False,False,44.477999999999994
AAR_2025,Anti-Aging Routine,Product Education,Adults,youtube,2025-03-27,5056.85,75828.0,2749.0,151.0,15938.61,False,False,False,0,False,False,False,5.797966533284831
SS_2025,Summer Sale,Seasonal Sale,Gen Z,instagram,2025-07-14,6839.31,399546.0,13068.0,606.0,30625.11,False,False,False,0,False,False,False,2.3435192837465566
AAR_2025,Anti-Aging Routine,Product Education,Seniors,linkedin,2025-01-14,3720.77,28202.0,570.0,70.0,6843.91,False,False,False,0,False,False,False,12.006859649122807
DBB_2025,Don't Burn for Beauty,Social Impact,Adults,facebook,2025-07-18,9181.01,420634.0,20543.0,621.0,21992.08,False,False,False,0,False,False,False,1.0705388696879716
AAR_2025,Anti-Aging Routine,Product Education,Young Adults,facebook,2025-05-03,6080.27,53691.0,1089.0,164.0,12369.61,False,False,False,0,False,False,False,11.358686868686869
NF_2025,Nature First,Brand Image,Parents,facebook,2025-04-10,6805.15,52744.0,1719.0,37.0,2239.17,False,False,False,0,False,False,False,1.3026003490401397
SS_2025,Summer Sale,Seasonal Sale,Gen Z,youtube,2025-07-23,2898.9,63401.0,2564.0,102.0,4811.61,False,False,False,0,False,False,False,1.8766029641185646
DBB_2025,Don't Burn for Beauty,Social Impact,Young Adults,youtube,2025-07-04,7253.51,241676.0,17710.0,598.0,110415.43,False,False,False,0,False,False,False,6.23463749294184
SCA_2025,Skin Cancer Awareness,Educational Awareness,Adults,youtube,2025-05-24,10519.21,540166.0,14229.0,204.0,7475.06,False,False,False,0,False,False,False,0.5253397990020381
SS_2025,Summer Sale,Seasonal Sale,Gen Z,instagram,2025-06-26,4553.14,114961.0,5831.0,616.0,29038.55,False,False,False,0,False,False,False,4.980029154518951
AAR_2025,Anti-Aging Routine,Product Education,Young Adults,email,2025-01-31,3925.73,9652.0,804.0,304.0,19493.7,False,False,False,0,False,False,False,24.24589552238806
DBB_2025,Don't Burn for Beauty,Social Impact,Gen Z,youtube,2025-07-19,6207.01,5088561.0,275012.0,7062.0,231565.64,False,True,False,0,False,False,False,0.8420201300306897
NF_2025,Nature First,Brand Image,Young Adults,youtube,2025-03-06,6300.19,225503.0,9223.0,275.0,23961.37,False,False,False,0,False,False,False,2.598001734793451
NF_2025,Nature First,Brand Image,Gen Z,instagram,2025-04-14,8805.64,132402.0,7583.0,128.0,8870.01,False,False,False,0,False,False,False,1.169723064750099
SS_2025,Summer Sale,Seasonal Sale,Parents,instagram,2025-06-27,5212.86,56052.0,2384.0,252.0,12634.01,False,False,False,0,False,False,False,5.299500838926175
AAR_2025,Anti-Aging Routine,Product Education,Adults,email,2025-04-30,3546.96,19211.0,1569.0,1468.0,138448.3,False,False,False,0,False,False,False,88.23983428935627
AAR_2025,Anti-Aging Routine,Product Education,Adults,youtube,2025-02-10,2686.88,22669.0,1024.0,200.0,24051.02,False,False,False,0,False,False,False,23.48732421875
DBB_2025,Don't Burn for Beauty,Social Impact,Gen Z,tiktok,2025-07-04,5789.28,629724.0,28086.0,714.0,25315.07,False,False,False,0,False,False,False,0.9013412376272876
DBB_2025,Don't Burn for Beauty, Social Impact,Young Adults,tiktok,2025-07-12,2541.99,85988.0,5452.0,127.0,4255.02,False,False,False,0,False,False,False,0.7804512105649304
DBB_2025,Don't Burn for Beauty,Social Impact,Adults,linkedin,2025-07-26,9155.2,138661.0,12793.0,1476.0,67910.84,False,False,False,0,False,False,False,5.308437426717736
SS_2025,Summer Sale,Seasonal Sale,Young Adults,email,2025-06-17,3687.82,14867.0,0.0,0.0,0.0,False,False,False,0,False,False,False,14.187154185022026
DBB_2025,Don't Burn for Beauty,Social Impact,Adults,facebook,2025-08-09,3028.23,118829.0,13157.0,594.0,21659.04,False,False,False,0,False,False,False,1.646198981530744
AAR_2025,Anti-Aging Routine,Product Education,Young Adults,facebook,2025-04-29,5681.45,70657.0,3404.0,765.0,59401.46,False,False,False,0,False,False,False,17.450487661574616
SS_2025,Summer Sale,Seasonal Sale,Young Adults,facebook,2025-05-15,4701.76,85811.0,2687.0,433.0,16458.53,False,False,False,0,False,False,False,6.125243766282098
PL_2025,Product Launch,Product Launch,Seniors,email,2025-03-06,8778.05,67392.0,4256.0,1189.0,118015.23,False,False,False,0,False,False,False,27.729142387218044
TSF_2025,TikTok Skin Fails,Trend Counter,Young Adults,instagram,2025-05-31,2608.1,69002.0,8127.0,189.0,7098.11,False,False,False,0,False,False,False,0.8733985480497108
SS_2025,Summer Sale,Seasonal Sale,Parents,instagram,2025-05-30,3250.14,34664.0,1540.0,107.0,4676.36,False,False,False,0,False,False,False,3.0365974025974025
AAR_2025,Anti-Aging Routine,Product Education,Seniors,email,2025-02-19,3373.29,6854.0,0.0,0.0,0.0,False,False,False,0,False,False,False,36.645781081712364
SS_2025,Summer Sale,Seasonal Sale,Young Adults,instagram,2025-06-19,5944.71,77303.0,4191.0,181.0,9307.45,False,False,False,0,False,False,False,2.22081842042472
DBB_2025,Don't Burn for Beauty,Social Impact,Adults,facebook,2025-08-08,7000.31,167706.0,9357.0,464.0,37568.2,False,False,False,0,False,False,False,4.014983434861601
TSF_2025,TikTok Skin Fails,Trend Counter,Young Adults,instagram,2025-05-02,8469.01,542989.0,49530.0,1622.0,84908.52,False,False,False,0,False,False,False,1.7142846759539674
SCA_2025,Skin Cancer Awareness,Educational Awareness,Seniors,facebook,2025-05-17,7287.38,163628.0,6489.0,70.0,3236.86,False,False,False,0,False,False,False,0.49882262290029283
HP_2025,Holiday Prep,Seasonal Education,Adults,facebook,2025-11-11,4506.81,41026.0,1254.0,332.0,22510.6,False,False,False,0,False,False,False,17.95103668261563
HP_2025,Holiday Prep,Seasonal Education,Seniors,facebook,2025-11-18,2183.26,15724.0,977.0,127.0,13135.03,False,False,False,0,False,False,False,13.44424769703173
TSF_2025,TikTok Skin Fails,Trend Counter,Gen Z,youtube,2025-03-20,27208.54,5916006.0,398804.0,26667.0,484019.35,False,False,False,0,False,False,False,1.2136772700374119
PL_2025,Product Launch,Product Launch,Seniors,linkedin,2025-02-16,11029.27,121173.0,3474.0,157.0,15967.91,False,False,False,0,False,False,False,4.596404720782959
PL_2025,Product Launch,Product Launch,Seniors,linkedin,2025-03-09,9543.68,60788.0,1527.0,70.0,9300.03,False,False,False,0,False,False,False,6.090392927308448
BF_2025,Black Friday,Seasonal Sale,Adults,facebook,2025-11-28,15510.65,504533.0,37010.0,9066.0,528939.31,False,False,False,0,False,False,False,14.291794379897327
HP_2025,Holiday Prep,Seasonal Education,Adults,facebook,2025-10-29,4085.11,40402.0,1434.0,193.0,12209.91,False,False,False,0,False,False,False,8.514581589958159
BF_2025,Black Friday,Seasonal Sale,Parents,instagram,2025-12-04,13866.86,167281.0,0.0,0.0,0.0,False,False,False,0,False,False,False,14.053758496670753
TSF_2025,TikTok Skin Fails,Trend Counter,Gen Z,instagram,2025-05-25,4440.5,651315.0,73160.0,1375.0,85207.91,True,False,True,0,False,False,False,1.1646789229086933
TSF_2025,TikTok Skin Fails,Trend Counter,Gen Z,youtube,2025-06-01,27832.98,3543493.0,81917.0,3547.0,175497.19,False,False,False,0,False,False,False,2.1423781388478584
TSF_2025,TikTok Skin Fails,Trend Counter,Gen Z,tiktok,2025-04-13,1620.49,170594.0,83408.0,325.0,16957.8,False,False,False,1,True,True,False,0.20331143295607135
DBB_2025,Don't Burn for Beauty,Social Impact,Young Adults,youtube,2025-08-04,10540.33,847673.0,28735.0,396.0,15110.95,False,False,False,0,False,False,False,0.5258726291978424
SCA_2025,Skin Cancer Awareness,Educational Awareness,Young Adults,youtube,2025-06-04,16957.5,1507686.0,18446.0,677.0,26513.19,False,False,False,0,False,False,False,1.4373408869131519
NF_2025,Nature First,Brand Image,Young Adults,instagram,2025-03-23,7206.22,92303.0,1671.0,33.0,2800.94,False,False,False,0,False,False,False,1.6762058647516458
NF_2025,Nature First,Brand Image,Parents,email,2025-02-25,6281.19,42961.0,0.0,0.0,0.0,False,False,False,0,False,False,False,4.32284649122807
NF_2025,Nature First,Brand Image,Gen Z,youtube,2025-02-22,6108.15,229983.0,6253.0,95.0,6527.13,False,True,False,0,False,False,False,1.04383975691668
TSF_2025,TikTok Skin Fails,Trend Counter,Young Adults,instagram,2025-04-24,9871.63,651096.0,69804.0,12734.0,102603.0,False,False,False,0,False,False,True,1.4698740423386454
SS_2025,Summer Sale,Seasonal Sale,Adults,linkedin,2025-07-04,2460.3,22159.0,0.0,0.0,0.0,False,False,False,0,False,False,False,6.202856283824414
TSF_2025,TikTok Skin Fails,Trend Counter,Young Adults,tiktok,2025-04-22,73408.57,4833023.0,442788.0,3123.0,115439.72,False,False,False,0,False,False,False,0.2607110400462524
PL_2025,Product Launch,Product Launch,Adults,youtube,2025-02-11,12325.75,329799.0,9165.0,401.0,34582.71,False,False,False,0,False,False,False,3.773345335515548
AAR_2025,Anti-Aging Routine,Product Education,Adults,linkedin,2025-05-06,4435.74,17224.0,659.0,71.0,6953.31,False,False,False,0,False,False,False,10.551305007587255
NF_2025,Nature First,Brand Image,Parents,email,2025-04-05,6734.08,67690.0,3393.0,198.0,11741.36,False,False,False,0,False,False,False,3.460465664603596
PL_2025,Product Launch,Product Launch,Young Adults,instagram,2025-03-09,12183.56,365301.0,7077.0,316.0,23544.43,False,False,False,0,False,False,False,3.3268941641938676
AAR_2025,Anti-Aging Routine,Product Education,Young Adults,facebook,2025-02-12,2450.35,19918.0,0.0,0.0,0.0,False,False,False,0,False,False,False,18.332014213994107
AAR_2025,Anti-Aging Routine,Product Education,Young Adults,instagram,2025-06-01,5088.51,51523.0,1514.0,156.0,10702.84,False,False,False,0,False,False,False,7.069247027741083
DBB_2025,Don't Burn for Beauty,Social Impact,Gen Z,instagram,2025-07-12,11316.53,511160.0,53580.0,742.0,23556.35,False,False,False,0,False,False,False,0.4396481896229936
BF_2025,Black Friday,Seasonal Sale,Gen Z,tiktok,2025-11-20,9257.73,282029.0,24242.0,1702.0,97736.67,False,False,False,0,False,False,False,4.031708192393367
NF_2025,Nature First,Brand Image,Parents,facebook,2025-05-23,6508.26,123556.0,0.0,0.0,0.0,False,False,False,0,False,False,False,2.0340946314831663
SS_2025,Summer Sale,Seasonal Sale,Gen Z,youtube,2025-07-03,6294.54,200493.0,9759.0,1715.0,108809.1,True,False,False,0,False,False,False,11.149615739317554
SS_2025,Summer Sale,Seasonal Sale,Parents,instagram,2025-06-05,8721.69,312341.0,10856.0,1869.0,114333.86,False,False,False,0,False,False,False,10.531858879882092
HP_2025,Holiday Prep,Seasonal Education,Parents,email,2025-11-03,2982.03,6895.0,1128.0,607.0,42603.23,False,False,False,0,False,False,False,37.76882092198582
SS_2025,Summer Sale,Seasonal Sale,Young Adults,youtube,2025-05-15,8973.36,276401.0,11469.0,3418.0,201688.94,False,False,False,0,False,False,False,17.58557328450606
AAR_2025,Anti-Aging Routine,Product Education,Young Adults,facebook,2025-06-02,5131.82,76016.0,1393.0,232.0,19196.0,False,False,False,0,False,False,False,13.780330222541277
AAR_2025,Anti-Aging Routine,Product Education,Adults,facebook,2025-02-03,4288.81,28255.0,941.0,205.0,24326.4,False,False,False,0,False,False,False,25.85164718384697
PL_2025,Product Launch,Product Launch,Young Adults,facebook,2025-03-16,43446.5,1252057.0,55175.0,3659.0,359883.91,False,False,False,0,False,False,False,6.522590122338015
SS_2025,Summer Sale,Seasonal Sale,Parents,instagram,2025-06-24,8587.94,96072.0,8156.0,503.0,33812.48,False,False,False,0,False,False,False,4.145718489455616
AAR_2025,Anti-Aging Routine,Product Education,Adults,email,2025-01-17,4162.53,27066.0,1352.0,1114.0,94488.66,False,False,False,0,False,False,False,69.88806213017752
AAR_2025,Anti-Aging Routine,Product Education,Adults,youtube,2025-03-10,3606.38,28887.0,417.0,44.0,3003.5,False,False,False,0,False,False,False,7.2026378896882495
SS_2025,Summer Sale,Seasonal Sale,Adults,facebook,2025-06-13,3857.8,27286.0,600.0,76.0,7826.67,False,False,False,0,False,False,False,13.04445
SCA_2025,Skin Cancer Awareness,Educational Awareness,Adults,facebook,2025-05-30,18039.0,1454513.0,55192.0,1158.0,54612.84,False,False,False,0,False,False,False,0.9895064502101754
PL_2025,Product Launch,Product Launch,Adults,instagram,2025-01-15,8494.42,90449.0,5086.0,136.0,8686.12,False,False,False,0,False,False,False,1.7078489972473458
NF_2025,Nature First,Brand Image,Gen Z,youtube,2025-04-20,4030.5,58080.0,967.0,12.0,636.42,False,False,False,0,False,False,False,0.6581385729058945
AAR_2025,Anti-Aging Routine,Product Education,Seniors,linkedin,2025-05-05,5328.54,7705.0,261.0,66.0,9263.63,False,False,False,0,False,False,False,35.492835249042145
SS_2025,Summer Sale,Seasonal Sale,Parents,email,2025-06-20,3368.44,30023.0,2730.0,1375.0,87820.64,False,False,False,0,False,False,False,32.1687326007326
PL_2025,Product Launch,Product Launch,Adults,facebook,2025-03-22,46177.05,647512.0,31892.0,2117.0,223429.59,False,False,False,0,False,False,False,7.005819327731093
AAR_2025,Anti-Aging Routine,Product Education,Young Adults,email,2025-06-04,4450.88,33106.0,2372.0,631.0,86924.0,False,False,False,0,False,False,True,36.645781081712364
SS_2025,Summer Sale,Seasonal Sale,Adults,facebook,2025-06-30,5015.86,64564.0,2336.0,410.0,29210.22,False,False,False,0,False,False,False,12.504375000000001
AAR_2025,Anti-Aging Routine,Product Education,Young Adults,facebook,2025-05-29,4901.23,33569.0,798.0,190.0,17704.78,False,False,False,0,False,False,False,22.18644110275689
SCA_2025,Skin Cancer Awareness,Educational Awareness,Seniors,linkedin,2025-05-12,6868.52,130456.0,7512.0,110.0,2297.91,False,False,True,1,True,True,False,0.3058985623003195
DBB_2025,Don't Burn for Beauty,Social Impact,Young Adults,tiktok,2025-07-23,6796.74,408064.0,20091.0,544.0,14430.45,False,False,False,0,False,False,False,0.7182544422875915
AAR_2025,Anti-Aging Routine,Product Education,Seniors,facebook,2025-04-03,3847.67,26749.0,655.0,89.0,10689.12,False,False,False,0,False,False,False,16.31926717557252
PL_2025,Product Launch,Product Launch,Adults,youtube,2025-02-15,14658.09,329304.0,11227.0,675.0,52310.01,False,False,False,0,False,False,False,4.659304355571391
SS_2025,Summer Sale,Seasonal Sale,Adults,email,2025-05-27,1911.6,16723.0,1901.0,596.0,28513.55,False,False,False,0,False,False,False,14.999237243556022
PL_2025,Product Launch,Product Launch,Young Adults,tiktok,2025-03-27,18395.85,1447758.0,22848.0,540.0,52935.54,False,False,False,0,False,False,False,2.316856617647059
TSF_2025,TikTok Skin Fails,Trend Counter,Gen Z,youtube,2025-04-20,69716.33,5930137.0,174104.0,2309.0,30032.35,False,False,False,0,False,False,False,0.17249661122087948
SS_2025,Summer Sale,Seasonal Sale,Gen Z,instagram,2025-07-06,3537.85,59155.0,1522.0,84.0,14475.25,False,False,False,0,False,False,False,9.510676741130093
NF_2025,Nature First,Brand Image,Parents,email,2025-05-21,4351.59,14016.0,745.0,56.0,4854.95,False,False,False,0,False,False,False,6.516711409395973
SS_2025,Summer Sale,Seasonal Sale,Parents,instagram,2025-05-23,4294.52,49750.0,2245.0,272.0,19458.21,False,False,False,0,False,False,False,8.66735412026726
NF_2025,Nature First,Brand Image,Parents,email,2025-03-24,8519.65,22460.0,2285.0,226.0,17480.51,False,False,False,0,False,False,False,7.650113785557986
BF_2025,Black Friday,Seasonal Sale,Adults,email,2025-11-21,13962.21,181226.0,19841.0,11294.0,662151.58,False,False,False,0,False,False,False,33.37289350335164
DBB_2025,Don't Burn for Beauty,Social Impact,Gen Z,youtube,2025-06-20,22001.51,2281407.0,227348.0,5563.0,285175.0,False,False,False,0,False,False,True,1.2543555413413905
SS_2025,Summer Sale,Seasonal Sale,Young Adults,instagram,2025-07-06,6760.8,330918.0,10877.0,909.0,54259.35,False,False,False,0,False,False,False,4.988448101498575
AAR_2025,Anti-Aging Routine,Product Education,Adults,linkedin,2025-02-26,5767.52,25910.0,649.0,234.0,16659.38,False,False,False,0,False,False,False,25.669306625577814
SS_2025,Summer Sale,Seasonal Sale,Gen Z,youtube,2025-06-14,9440.12,331267.0,14923.0,1414.0,57959.1,False,False,False,0,False,False,False,3.8838772364806005
DBB_2025,Don't Burn for Beauty,Social Impact,Young Adults,tiktok,2025-07-10,13262.31,1271910.0,76449.0,1583.0,46990.45,False,False,False,0,False,False,False,0.6146640243822679
AAR_2025,Anti-Aging Routine,Product Education,Young Adults,youtube,2025-01-23,4644.88,123743.0,4801.0,1327.0,100708.13,False,False,False,0,False,False,False,20.97649031451781
NF_2025,Nature First,Brand Image,Young Adults,youtube,2025-05-04,10690.32,404626.0,10308.0,214.0,15061.6,False,False,False,0,False,False,False,1.4611563833915406
AAR_2025,Anti-Aging Routine,Product Education,Young Adults,youtube,2025-03-08,6009.96,54619.0,1677.0,262.0,20065.89,False,False,False,0,False,False,False,11.965348837209302
NF_2025,Nature First,Brand Image,Young Adults,youtube,2025-05-13,2361.7,40906.0,1238.0,56.0,3065.98,False,False,False,0,False,False,False,2.4765589660743133
AAR_2025,Anti-Aging Routine,Product Education,Young Adults,youtube,2025-05-26,4286.72,97952.0,1824.5,467.0,48767.22,False,False,False,1,True,True,False,26.72908742121129
PL_2025,Product Launch,Product Launch,Seniors,facebook,2025-03-07,12408.52,92153.0,3554.0,207.0,27884.99,False,False,False,0,False,False,False,7.846086100168824
DBB_2025,Don't Burn for Beauty,Social Impact,Adults,youtube,2025-06-25,1615.53,58601.0,3923.0,64.0,2615.11,False,False,False,0,False,False,False,0.6666097374458323
AAR_2025,Anti-Aging Routine,Product Education,Seniors,linkedin,2025-04-29,4649.3,14189.0,281.0,104.0,15424.37,False,False,False,0,False,False,False,54.89099644128114
NF_2025,Nature First,Brand Image,Young Adults,instagram,2025-02-21,5475.11,51100.0,1000.0,11.0,1046.8,False,False,False,0,False,False,False,1.0468
AAR_2025,Anti-Aging Routine,Product Education,Seniors,facebook,2025-03-11,4676.58,13976.0,276.0,56.0,8779.79,False,False,False,0,False,False,False,31.810833333333335
AAR_2025,Anti-Aging Routine,Product Education ,Adults,facebook,2025-06-08,6373.49,80584.0,0.0,0.0,0.0,False,False,False,0,False,False,False,18.332014213994107
PL_2025,Product Launch,Product Launch,Adults,facebook,2025-01-29,13743.78,242360.0,0.0,0.0,0.0,False,False,False,0,False,False,False,3.2963992219790907
TSF_2025,TikTok Skin Fails,Trend Counter,Gen Z,youtube,2025-03-24,11290.16,1836236.0,66535.0,2719.0,136527.38,False,False,True,0,False,False,False,2.0519633275719547
SS_2025,Summer Sale,Seasonal Sale,Gen Z,tiktok,2025-06-26,3743.17,119918.0,5378.0,168.0,8942.02,False,False,False,0,False,False,False,1.6627036072889552
AAR_2025,Anti-Aging Routine,Product Education,Adults,linkedin,2025-06-05,4987.63,17213.0,728.0,128.0,10232.71,False,False,False,0,False,False,False,14.055920329670329
DBB_2025,Don't Burn for Beauty,Social Impact,Adults,facebook,2025-06-27,8673.76,238528.0,16063.0,393.0,17881.54,False,False,False,0,False,False,False,1.113212973915209
NF_2025,Nature First,Brand Image,Gen Z,instagram,2025-11-04,5030.93,104680.0,2620.0,95.0,5940.81,False,False,False,0,False,False,False,2.2674847328244274
AAR_2025,Anti-Aging Routine,Product Education,Seniors,email,2025-05-12,4251.41,12709.0,1063.0,320.0,43690.6,False,False,False,0,False,False,False,41.10122295390404
HP_2025,Holiday Prep,Seasonal Education,Adults,facebook,2025-11-08,3179.8,21306.0,1199.0,369.0,25567.41,False,False,True,0,False,False,False,21.32394495412844
BF_2025,Black Friday,Seasonal Sale,Adults,email,2025-11-28,18328.56,87564.0,11844.0,4424.0,292570.9,False,False,False,0,False,False,False,24.702034785545425
TSF_2025,TikTok Skin Fails,Trend Counter,Young Adults,tiktok,2025-04-19,9639.27,810633.0,97964.0,1096.0,75055.0,False,False,False,0,False,False,True,0.7661460982148245
NF_2025,Nature First,Brand Image,Young Adults,linkedin,2025-04-05,3216.72,49142.0,1168.0,36.0,2747.05,False,False,False,0,False,False,False,2.3519263698630137
DBB_2025,Don't Burn for Beauty,Social Impact,Gen Z,instagram,2025-07-28,11422.59,376635.0,12761.0,683.0,19700.49,False,False,False,0,False,False,False,1.5438045607710995
HP_2025,Holiday Prep,Seasonal Education,Parents,facebook,2025-11-06,2951.25,30809.5,854.0,202.0,19595.56,True,False,False,0,False,False,False,22.9456206088993
NF_2025,Nature First,Brand Image,Parents,facebook,2025-06-02,5068.09,39981.0,1314.0,46.0,2769.71,False,False,False,0,False,False,False,2.1078462709284627
NF_2025,Nature First,Brand Image,Parents,instagram,2025-05-18,5057.3,244777.0,11387.0,185.0,11713.89,False,False,False,0,False,False,False,1.028707297795732
AAR_2025,Anti-Aging Routine,Product Education,Young Adults,instagram,2025-01-03,7272.59,59555.0,1019.0,209.0,8499.45,False,False,True,0,False,False,False,8.340971540726203
AAR_2025,Anti-Aging Routine,Product Education,Young Adults,instagram,2025-03-25,6074.51,56322.0,1887.0,180.0,17846.21,False,False,False,0,False,False,False,9.457450980392156
AAR_2025,Anti-Aging Routine,Product Education,Young Adults,youtube,2025-06-06,4311.14,84208.0,5578.0,551.0,35497.14,False,False,False,0,False,False,False,6.363775546790964
PL_2025,Product Launch,Product Launch,Adults,instagram,2025-03-03,30558.85,242557.0,21572.0,1433.0,130425.65,False,False,False,0,False,False,False,6.046062024847024
PL_2025,Product Launch,Product Launch,Adults,youtube,2025-03-02,20836.47,1128889.0,31935.0,567.0,36403.04,False,False,False,0,False,False,False,1.1399104430875215
SS_2025,Summer Sale,Seasonal Sale,Parents,instagram,2025-07-14,5008.29,35309.0,4585.0,430.0,32097.63,False,False,False,1,True,True,False,7.00057360959651
BF_2025,Black Friday,Seasonal Sale,Seniors,facebook,2025-11-20,4283.14,14827.0,761.0,263.0,19356.02,False,False,False,0,False,False,False,25.4349802890933
NF_2025,Nature First,Brand Image,Gen Z,youtube,2025-02-28,6700.42,238988.0,4443.5,160.0,13126.12,False,False,False,1,True,True,False,2.954004726004276
PL_2025,Product Launch,Product Launch,Adults,youtube,2025-02-23,14640.44,345655.0,39758.0,1808.0,146017.23,False,False,False,0,False,False,False,3.6726502842195283
SS_2025,Summer Sale,Seasonal Sale,Adults,linkedin,2025-06-21,2389.96,37409.0,1954.0,387.0,26111.8,False,False,False,0,False,False,False,13.363254861821904
SCA_2025,Skin Cancer Awareness,Educational Awareness,Young Adults,instagram,2025-05-05,9386.64,510857.0,9574.0,126.0,4788.7,False,False,False,0,False,False,False,0.5001775642364737
NF_2025,Nature First,Brand Image,Parents,email,2025-04-19,3611.16,13753.0,779.0,58.0,3562.01,False,False,False,0,False,False,False,4.572541720154044
NF_2025,Nature First,Brand Image ,Parents,instagram,2025-03-25,4996.27,26461.0,906.0,15.0,797.09,False,False,False,0,False,False,False,0.8797902869757175
AAR_2025,Anti-Aging Routine,Product Education ,Adults,linkedin,2025-05-29,4221.76,10338.0,362.0,48.0,4456.08,False,False,False,0,False,False,False,12.309613259668508
SS_2025,Summer Sale,Seasonal Sale,Gen Z,youtube,2025-06-09,4789.73,154011.0,4941.0,278.0,11495.31,False,False,False,0,False,False,False,2.326514875531269
SCA_2025,Skin Cancer Awareness,Educational Awareness,Young Adults,youtube,2025-05-09,5318.46,395410.0,9125.0,111.0,2586.94,False,False,False,0,False,False,False,0.28350027397260275
PL_2025,Product Launch,Product Launch,Young Adults,instagram,2025-01-27,3697.41,71476.0,2549.0,133.0,9281.82,False,False,False,0,False,False,False,3.641357395056885
AAR_2025,Anti-Aging Routine,Product Education,Adults,facebook,2025-04-06,3996.22,20777.0,658.0,93.0,11054.48,False,False,False,0,False,False,False,16.800121580547113
BF_2025,Black Friday,Seasonal Sale,Parents,facebook,2025-11-19,13435.56,184268.0,25893.0,4811.0,279932.74,False,False,False,0,False,False,False,10.81113582821612
TSF_2025,TikTok Skin Fails,Trend Counter,Young Adults,facebook,2025-04-23,7221.62,291738.0,10720.0,449.0,15290.45,False,False,False,0,False,False,False,1.426347947761194
AAR_2025,Anti-Aging Routine,Product Education,Seniors,email,2025-02-01,5067.32,9684.0,364.0,59.0,8059.65,False,False,False,0,False,False,False,22.141895604395604
SS_2025,Summer Sale,Seasonal Sale,Gen Z,instagram,2025-05-20,5726.88,155278.0,11511.0,981.0,40764.6,False,False,False,0,False,False,False,3.541360437842064
AAR_2025,Anti-Aging Routine,Product Education,Adults,linkedin,2025-05-07,3264.09,11956.0,553.0,55.0,12221.0,False,False,False,0,False,False,True,22.099723046488624
AAR_2025,Anti-Aging Routine,Product Education,Seniors,linkedin,2025-04-04,3942.33,14295.0,565.0,181.0,15682.55,False,False,False,0,False,False,False,27.756725663716814
PL_2025,Product Launch,Product Launch,Adults,facebook,2025-01-22,25549.6,598760.0,28053.0,1315.0,143317.23,False,False,False,0,False,False,False,5.108802267137205
HP_2025,Holiday Prep,Seasonal Education,Parents,facebook,2025-11-23,2362.84,7744.0,1177.0,497.0,42946.4,False,False,False,0,False,False,False,36.48802039082413
SS_2025,Summer Sale,Seasonal Sale,Young Adults,youtube,2025-06-16,4271.28,211657.0,8229.0,327.0,15927.8,False,False,False,0,False,False,False,1.9355693279863895
TSF_2025,TikTok Skin Fails,Trend Counter,Young Adults,facebook,2025-04-27,26875.35,1780214.0,96239.0,1939.0,87795.13,False,False,False,0,False,False,False,0.9122614532569957
AAR_2025,Anti-Aging Routine,Product Education,Young Adults,youtube,2025-04-08,3171.73,69218.0,1535.0,395.0,28705.02,False,False,False,0,False,False,False,18.700338762214983
NF_2025,Nature First,Brand Image,Gen Z,youtube,2025-05-26,3757.1,164938.0,2954.0,27.0,1174.19,False,False,False,0,False,False,False,0.39749153689911987
SCA_2025,Skin Cancer Awareness,Educational Awareness,Young Adults,tiktok,2025-05-15,12608.32,1255738.0,53556.0,431.0,10224.19,False,False,False,0,False,False,False,0.1909065277466577
SS_2025,Summer Sale,Seasonal Sale,Adults,email,2025-06-17,5758.44,37535.0,2590.0,700.0,44240.97,False,False,False,0,False,False,False,17.081455598455598
TSF_2025,TikTok Skin Fails,Trend Counter,Young Adults,tiktok,2025-05-22,18448.07,1649757.0,97525.0,2382.0,140268.32,False,False,False,0,False,False,False,1.4382806459882083
NF_2025,Nature First,Brand Image,Parents,instagram,2025-03-09,4529.76,50740.0,1444.0,64.0,5177.07,False,False,False,0,False,False,False,3.5852285318559556
AAR_2025,Anti-Aging Routine,Product Education,Young Adults,facebook,2025-03-09,4353.26,41955.0,866.5,483.0,30237.13,False,True,False,1,True,True,False,34.89570686670514
PL_2025,Product Launch,Product Launch,Young Adults,facebook,2025-03-26,28220.72,311667.0,13903.0,399.0,32927.5,False,False,False,0,False,False,False,2.368373732287995
NF_2025,Nature First,Brand Image,Gen Z,youtube,2025-03-31,6243.02,116986.0,4640.0,177.0,11947.87,False,False,False,0,False,False,False,2.574971982758621
AAR_2025,Anti-Aging Routine,Product Education,Adults,email,2025-05-10,3327.52,6961.0,431.0,119.0,8068.86,False,False,False,0,False,False,False,18.721252900232017
NF_2025,Nature First,Brand Image,Parents,email,2025-03-12,4677.75,33677.0,1409.0,207.0,19225.33,False,False,False,0,False,False,False,13.644662881476226
NF_2025,Nature First,Brand Image,Young Adults,linkedin,2025-05-11,8178.94,65216.0,2196.0,109.0,8358.28,False,False,False,0,False,False,False,3.806138433515483
TSF_2025,TikTok Skin Fails,Trend Counter,Gen Z,tiktok,2025-04-27,2932.67,303619.0,34219.0,787.0,29224.93,False,False,False,0,False,False,False,0.8540556416026185
SS_2025,Summer Sale,Seasonal Sale,Young Adults,facebook,2025-06-23,6676.57,247039.0,18551.0,562.0,21304.46,False,False,False,0,False,False,False,1.1484264999191418
AAR_2025,Anti-Aging Routine,Product Education,Young Adults,facebook,2025-03-19,7222.74,55607.0,1835.0,706.0,59567.48,False,False,False,0,False,False,False,32.46184196185286
AAR_2025,Anti-Aging Routine,Product Education,Seniors,email,2025-03-22,4922.75,21097.0,568.0,224.0,30982.73,False,False,False,0,False,False,False,54.54705985915493
BF_2025,Black Friday,Seasonal Sale,Gen Z,tiktok,2025-11-22,24842.61,971596.0,116095.0,16541.0,1231068.27,False,False,False,0,False,False,False,10.603973211593953
NF_2025,Nature First,Brand Image,Parents,facebook,2025-05-19,5113.8,45691.0,1119.0,52.0,3414.6,False,False,False,0,False,False,False,3.0514745308310993
TSF_2025,TikTok Skin Fails,Trend Counter ,Young Adults,instagram,2025-05-22,1723.8,63757.0,3417.0,110.0,6450.21,False,False,False,0,False,False,False,1.8876821773485515
AAR_2025,Anti-Aging Routine,Product Education ,Adults,youtube,2025-02-16,5042.03,40548.0,1163.0,337.0,35069.89,False,False,False,0,False,False,False,30.154677558039552
SS_2025,Summer Sale,Seasonal Sale,Young Adults,instagram,2025-07-14,4432.19,47916.0,2191.0,311.0,16538.96,False,False,False,0,False,False,False,7.548589685075307
TSF_2025,TikTok Skin Fails,Trend Counter,Young Adults,youtube,2025-05-16,3959.78,1099290.0,47372.0,1709.0,41376.25,True,False,False,0,False,False,False,0.8734326184243857
PL_2025,Product Launch,Product Launch,Adults,youtube,2025-10-02,10538.27,208607.0,5476.0,41.0,3472.1,False,False,False,0,False,False,False,0.6340577063550036
AAR_2025,Anti-Aging Routine,Product Education,Seniors,email,2025-04-27,2738.13,8490.0,447.0,241.0,34349.04,False,False,False,0,False,False,False,76.8434899328859
AAR_2025,Anti-Aging Routine,Product Education,Young Adults,facebook,2025-03-06,7319.63,90647.0,3829.0,1787.0,154661.66,False,False,False,0,False,False,False,40.392180726038134
AAR_2025,Anti-Aging Routine,Product Education,Adults,email,2025-03-14,3897.33,8409.0,676.0,311.0,29642.88,False,False,False,0,False,False,False,43.85041420118343
SS_2025,Summer Sale,Seasonal Sale,Young Adults,instagram,2025-07-28,8898.42,138492.0,0.0,454.0,0.0,False,False,True,0,False,False,False,5.515245255411358
AAR_2025,Anti-Aging Routine,Product Education,Young Adults,youtube,2025-02-18,5308.32,78634.0,4515.0,317.0,25743.78,False,False,False,0,False,False,False,5.701833887043189
TSF_2025,TikTok Skin Fails,Trend Counter,Young Adults,instagram,2025-04-11,8388.14,704987.0,23178.0,1375.0,9743.82,False,False,True,0,False,False,False,0.42039088791095003
SS_2025,Summer Sale,Seasonal Sale,Young Adults,instagram,2025-06-25,2891.89,18794.0,780.0,118.0,7183.63,False,False,False,0,False,False,False,9.209782051282051
AAR_2025,Anti-Aging Routine,Product Education,Adults,facebook,2025-05-08,6128.16,19754.0,336.0,58.0,5111.34,False,False,False,0,False,False,False,15.212321428571428
HP_2025,Holiday Prep,Seasonal Education,Adults,facebook,2025-11-12,3636.98,37794.0,758.0,167.0,12374.42,False,False,False,0,False,False,False,16.32509234828496
BF_2025,Black Friday,Seasonal Sale,Gen Z,youtube,2025-11-20,4549.33,200995.0,14291.0,3614.0,167029.47,False,False,False,0,False,False,False,11.687738436778393
PL_2025,Product Launch,Product Launch,Young Adults,instagram,2025-02-18,9839.69,272972.0,10442.0,322.0,28638.61,False,False,True,0,False,False,False,2.7426364681095574
AAR_2025,Anti-Aging Routine,Product Education,Adults,linkedin,2025-01-20,5407.55,20405.0,905.0,117.0,12596.2,False,False,False,0,False,False,False,13.918453038674034
DBB_2025,Don't Burn for Beauty,Social Impact,Gen Z,youtube,2025-06-24,31653.81,1669386.0,0.0,0.0,0.0,False,False,False,0,False,False,False,1.2543555413413905
PL_2025,Product Launch,Product Launch,Young Adults,youtube,2025-02-09,11936.28,481655.0,20362.0,462.0,32263.18,False,False,False,0,False,False,False,1.584479913564483
NF_2025,Nature First, Brand Image,Young Adults,instagram,2025-05-18,6103.08,53721.0,2098.0,37.0,1966.39,False,False,False,0,False,False,False,0.9372688274547188
NF_2025,Nature First,Brand Image,Parents,instagram,2025-03-16,6057.51,30102.0,897.0,47.0,1376.0,False,False,False,0,False,False,True,1.5345451262600327
PL_2025,Product Launch,Product Launch,Adults,facebook,2025-01-15,20191.8,310662.0,14856.0,202.0,20653.72,False,False,False,0,False,False,False,1.3902611739364568
PL_2025,Product Launch,Product Launch,Adults,facebook,2025-03-28,16999.67,205609.0,0.0,0.0,0.0,True,False,False,0,False,False,False,3.2963992219790907
AAR_2025,Anti-Aging Routine,Product Education,Adults,linkedin,2025-02-22,4324.43,11283.0,626.0,168.0,14129.87,False,False,False,0,False,False,False,22.571677316293933
BF_2025,Black Friday,Seasonal Sale,Parents,instagram,2025-11-24,107736.62,2893160.0,0.0,0.0,0.0,False,False,False,0,False,False,False,14.053758496670753
TSF_2025,TikTok Skin Fails,Trend Counter,Young Adults,tiktok,2025-03-15,36659.55,2083184.0,133652.0,1902.0,102397.0,False,False,True,0,False,False,True,0.7661460982148245
PL_2025,Product Launch,Product Launch,Seniors,email,2025-01-30,21957.41,35217.0,1441.0,47.0,3961.3,False,False,False,0,False,False,False,2.748993754337266
AAR_2025,Anti-Aging Routine,Product Education,Seniors,facebook,2025-05-25,4260.38,25270.0,240.0,97.0,15015.97,False,False,False,0,False,False,False,62.566541666666666
SS_2025,Summer Sale,Seasonal Sale,Parents,facebook,2025-06-16,7088.24,113792.0,8112.0,944.0,64326.91,False,False,False,0,False,False,False,7.929845907297831
PL_2025,Product Launch,Product Launch,Seniors,linkedin,2025-02-24,10891.51,115584.0,3082.0,219.0,15099.2,False,False,False,0,False,False,False,4.8991563919532775
AAR_2025,Anti-Aging Routine,Product Education,Young Adults,email,2025-05-31,5590.78,17664.0,1296.0,370.0,34035.53,False,False,False,0,False,False,False,26.261983024691357
TSF_2025,TikTok Skin Fails,Trend Counter,Gen Z,instagram,2025-05-07,8930.34,727688.0,46629.0,1925.0,75984.57,False,False,False,0,False,False,False,1.6295560702567073
AAR_2025,Anti-Aging Routine,Product Education,Adults,youtube,2025-03-08,5564.8,119838.0,5494.0,988.0,102516.86,False,False,False,0,False,False,False,18.659785220240263
NF_2025,Nature First,Brand Image,Gen Z,instagram,2025-03-02,8463.41,74061.0,1029.0,42.0,1818.48,False,False,False,0,False,False,False,1.7672303206997084
SS_2025,Summer Sale,Seasonal Sale,Gen Z,tiktok,2025-07-23,6016.58,356642.0,12116.0,761.0,46810.24,False,False,False,0,False,False,False,3.863506107626279
NF_2025,Nature First,Brand Image,Parents,email,2025-04-09,3871.04,26261.0,1153.0,57.0,3760.77,False,False,False,0,False,False,False,3.2617259323503904
NF_2025,Nature First,Brand Image,Parents,instagram,2025-06-02,4906.48,74061.0,1274.0,25.0,1359.43,True,False,False,0,False,False,False,1.0670565149136577
DBB_2025,Don't Burn for Beauty,Social Impact,Adults,linkedin,2025-08-12,5810.62,75427.0,4622.0,204.0,8618.02,False,False,False,0,False,False,False,1.8645651233232368
AAR_2025,Anti-Aging Routine,Product Education,Adults,facebook,2025-02-04,3930.14,23193.0,575.0,74.0,7290.04,False,False,False,0,False,False,False,12.678330434782609
AAR_2025,Anti-Aging Routine,Product Education,Adults,facebook,2025-05-19,3904.51,25488.0,951.0,510.0,46313.78,False,False,False,0,False,False,False,48.700084121976865
BF_2025,Black Friday,Seasonal Sale,Parents,facebook,2025-11-22,17396.28,320243.0,17009.0,8973.0,529554.03,False,False,False,0,False,False,False,31.133754482920807
AAR_2025,Anti-Aging Routine,Product Education,Adults,email,2025-01-16,5740.23,19736.0,1222.0,507.0,59671.36,False,False,False,0,False,False,False,48.83090016366612
SS_2025,Summer Sale,Seasonal Sale,Adults,email,2025-06-30,4901.61,14836.0,1579.0,621.0,47105.23,False,False,False,0,False,False,False,29.83231792273591
DBB_2025,Don't Burn for Beauty,Social Impact,Young Adults,tiktok,2025-08-01,10703.6,630409.0,79443.0,1273.0,38217.66,False,False,False,0,False,False,False,0.4810702012763869
SCA_2025,Skin Cancer Awareness,Educational Awareness,Adults,facebook,2025-06-01,11443.76,608507.0,14455.0,568.0,12550.61,False,False,False,0,False,False,False,0.8682538913870633
HP_2025,Holiday Prep,Seasonal Education,Adults,facebook,2025-11-25,2926.93,30303.0,2265.0,637.0,38753.17,False,False,False,0,False,False,False,17.10956732891832
PL_2025,Product Launch,Product Launch,Young Adults,tiktok,2025-01-30,29915.55,1897130.0,78760.0,2383.0,126990.64,False,False,False,0,False,False,False,1.612374809547994
AAR_2025,Anti-Aging Routine,Product Education,Seniors,linkedin,2025-05-20,4900.65,6524.0,156.0,69.0,9161.26,False,False,False,0,False,False,False,58.72602564102564
PL_2025,Product Launch,Product Launch,Seniors,facebook,2025-02-05,26289.89,537454.0,18518.0,473.0,63726.23,False,False,False,0,False,False,False,3.4413127767577496
HP_2025,Holiday Prep,Seasonal Education,Parents,facebook,2025-11-28,4043.61,30973.0,1318.0,188.0,14603.66,False,False,False,0,False,False,False,11.080166919575113
NF_2025,Nature First,Brand Image,Young Adults,linkedin,2025-03-30,4523.26,26135.0,724.0,38.0,3442.92,False,False,False,0,False,False,False,4.755414364640884
NF_2025,Nature First,Brand Image,Young Adults,instagram,2025-04-14,5731.64,112797.0,4878.0,69.0,5192.89,False,False,False,0,False,False,False,1.0645530955309555
NF_2025,Nature First,Brand Image,Parents,email,2025-03-21,5705.71,27281.0,1137.0,93.0,8376.54,False,False,False,0,False,False,False,7.367229551451188
AAR_2025,Anti-Aging Routine,Product Education,Young Adults,email,2025-02-20,4892.52,12863.0,798.0,187.0,11661.0,True,False,False,0,False,False,False,14.612781954887218
PL_2025,Product Launch,Product Launch,Young Adults,tiktok,2025-03-16,28223.07,1094061.0,86254.0,4160.0,254523.16,False,False,False,0,False,False,False,2.950856308113247
NF_2025,Nature First,Brand Image,Young Adults,linkedin,2025-06-04,3405.68,23077.0,637.0,15.0,1250.13,False,False,False,0,False,False,False,1.9625274725274726
SS_2025,Summer Sale,Seasonal Sale,Parents,facebook,2025-06-03,8975.11,85310.0,5068.0,2007.0,128746.6,False,False,False,0,False,False,False,25.403827940015788
AAR_2025,Anti-Aging Routine,Product Education,Young Adults,youtube,2025-04-03,5277.31,48783.0,3912.0,521.0,53935.13,False,False,False,0,False,False,False,13.787098670756645
SS_2025,Summer Sale,Seasonal Sale,Gen Z,instagram,2025-06-04,8192.47,169281.0,6373.0,1660.0,35149.0,False,False,False,0,False,False,True,5.515245255411358
AAR_2025,Anti-Aging Routine,Product Education,Adults,linkedin,2025-04-04,2657.85,13131.0,351.0,40.0,3459.35,False,False,False,0,False,False,False,9.855698005698006
AAR_2025,Anti-Aging Routine,Product Education,Young Adults,youtube,2025-04-09,6838.29,85366.0,2306.0,432.0,40516.87,False,False,False,0,False,False,False,17.570195143104943
AAR_2025,Anti-Aging Routine,Product Education,Seniors,facebook,2025-03-09,2694.89,9391.0,231.0,66.0,10144.88,False,False,False,0,False,False,False,43.91722943722943
AAR_2025,Anti-Aging Routine,Product Education,Young Adults,instagram,2025-05-21,3368.01,21721.0,524.0,74.0,4562.1,False,False,False,0,False,False,False,8.706297709923664
BF_2025,Black Friday,Seasonal Sale,Young Adults,facebook,2025-11-18,5902.89,100590.0,8083.0,1594.5,145490.18,False,False,True,0,False,False,False,17.999527403191884
NF_2025,Nature First,Brand Image,Gen Z,tiktok,2025-04-15,11145.68,466256.0,11684.0,36.0,2816.69,False,False,False,0,False,False,False,0.24107240671003083
PL_2025,Product Launch,Product Launch,Adults,instagram,2025-03-19,10464.5,95898.0,4155.0,353.0,23601.61,False,False,False,0,False,False,False,5.680291215403129
AAR_2025,Anti-Aging Routine,Product Education,Seniors,email,2025-02-07,4007.35,9869.0,562.0,135.0,14166.71,False,False,False,0,False,False,False,25.207669039145905
SS_2025,Summer Sale, Seasonal Sale,Gen Z,tiktok,2025-07-20,15125.36,895488.0,48159.0,2217.0,147721.39,False,False,False,0,False,False,False,3.0673683008368116
AAR_2025,Anti-Aging Routine,Product Education,Young Adults,facebook,2025-03-01,4588.05,56786.0,2040.0,418.0,29380.59,False,False,False,0,False,False,False,14.40225
AAR_2025,Anti-Aging Routine,Product Education,Seniors,email,2025-05-04,4796.15,12034.0,567.0,293.0,23825.73,False,False,False,0,False,False,False,42.02068783068783
PL_2025,Product Launch,Product Launch,Young Adults,tiktok,2025-03-01,18640.11,943879.0,60024.0,1077.0,72400.0,False,False,False,0,False,False,True,1.2061881078691423
SS_2025,Summer Sale,Seasonal Sale,Gen Z,youtube,2025-07-28,2274.09,47993.0,3090.0,197.0,14377.0,False,False,False,0,False,False,True,4.652836093765778
SS_2025,Summer Sale,Seasonal Sale,Gen Z,tiktok,2025-05-27,11592.83,679455.0,32672.0,3032.0,153973.72,False,False,False,0,False,False,False,4.71271180215475
AAR_2025,Anti-Aging Routine,Product Education,Seniors,facebook,2025-04-28,2327.22,10403.0,253.0,58.0,8876.64,False,False,False,0,False,False,False,35.08553359683794
DBB_2025,Don't Burn for Beauty,Social Impact,Gen Z,youtube,2025-08-05,9773.7,1081230.0,88620.0,2304.0,78212.4,False,False,False,0,False,False,False,0.8825592417061611
SS_2025,Summer Sale,Seasonal Sale,Parents,facebook,2025-06-08,5121.7,65501.0,7764.0,417.0,15936.31,False,False,False,0,False,False,False,2.052590159711489
AAR_2025,Anti-Aging Routine,Product Education,Seniors,email,2025-01-16,3637.36,6627.0,263.0,131.0,15264.27,False,False,False,0,False,False,False,58.039049429657794
SS_2025,Summer Sale,Seasonal Sale,Young Adults,instagram,2025-06-16,8838.48,91265.0,6263.0,649.0,26162.27,False,False,False,0,False,False,False,4.177274469104264
DBB_2025,Don't Burn for Beauty,Social Impact,Young Adults,youtube,2025-08-11,5686.26,623790.0,17939.0,474.0,12150.84,False,False,False,0,False,False,False,0.6773421037961982
AAR_2025,Anti-Aging Routine,Product Education,Adults,linkedin,2025-03-03,4820.03,26801.0,2251.0,743.0,48645.91,False,False,False,0,False,False,False,21.6107996446024
AAR_2025,Anti-Aging Routine,Product Education,Seniors,email,2025-03-24,4585.56,7291.0,257.0,157.0,17873.73,False,False,False,0,False,False,False,69.54758754863813
AAR_2025,Anti-Aging Routine,Product Education ,Adults,linkedin,2025-01-28,3327.08,22769.0,767.0,163.0,17736.97,False,False,False,0,False,False,False,23.125123859191657
PL_2025,Product Launch,Product Launch,Adults,youtube,2025-01-19,10012.0,221601.0,10643.0,475.0,43699.03,False,False,False,0,False,False,False,4.105894014845438
AAR_2025,Anti-Aging Routine,Product Education,Adults,facebook,2025-01-18,7161.53,49399.0,2090.0,384.0,39258.92,False,False,False,0,False,False,False,18.784172248803827
AAR_2025,Anti-Aging Routine,Product Education,Adults,linkedin,2025-01-31,6245.82,33716.0,1011.0,188.0,22342.82,False,False,False,0,False,False,False,22.099723046488624
TSF_2025,TikTok Skin Fails,Trend Counter,Gen Z,youtube,2025-03-23,4099.65,410484.0,20648.0,741.0,25115.89,False,False,False,0,False,False,False,1.216383669120496
PL_2025,Product Launch,Product Launch,Adults,instagram,2025-01-26,7705.26,71336.0,4786.0,163.0,13285.0,False,False,False,0,False,False,True,2.7758289348474485
NF_2025,Nature First,Brand Image,Young Adults,youtube,2025-05-07,2571.51,52537.0,2021.0,57.0,4261.77,False,False,False,0,False,False,False,2.1087431964374073
BF_2025,Black Friday,Seasonal Sale,Parents,instagram,2025-11-25,47947.92,635929.0,47775.0,7309.0,583067.86,False,False,False,0,False,False,False,12.204455468341182
SS_2025,Summer Sale,Seasonal Sale,Young Adults,youtube,2025-06-18,18429.09,293501.0,17012.0,2059.0,97871.28,False,False,False,0,False,False,False,5.753073124853045
AAR_2025,Anti-Aging Routine,Product Education,Seniors,email,2025-04-06,5024.35,14795.0,884.0,326.0,46024.42,False,False,False,0,False,False,False,52.06382352941176
AAR_2025,Anti-Aging Routine,Product Education,Seniors,email,2025-05-02,5126.81,3890.0,172.0,175.0,20028.66,False,False,False,0,False,False,False,116.44569767441861
BF_2025,Black Friday,Seasonal Sale,Gen Z,instagram,2025-11-17,33966.09,511772.0,34016.0,4762.0,293933.3,False,False,False,0,False,False,False,8.641030691439322
AAR_2025,Anti-Aging Routine,Product Education,Young Adults,facebook,2025-03-03,4328.27,51086.0,1931.0,857.0,56111.98,False,False,False,0,False,False,False,29.058508544795444
NF_2025,Nature First,Brand Image,Young Adults,linkedin,2025-02-17,5584.44,73229.0,4365.0,80.0,7079.54,False,False,False,0,False,False,False,1.6218877434135166
SS_2025,Summer Sale,Seasonal Sale,Adults,email,2025-07-24,2774.65,15302.0,746.0,166.0,6854.32,False,False,False,0,False,False,False,9.188096514745308
AAR_2025,Anti-Aging Routine,Product Education,Adults,linkedin,2025-04-19,4629.73,16729.5,341.0,28.0,1945.6,True,False,False,0,False,False,False,5.705571847507331
TSF_2025,TikTok Skin Fails,Trend Counter,Gen Z,youtube,2025-04-25,16635.65,1716836.0,124526.0,9813.0,535013.37,False,False,False,0,False,False,False,4.296398904646419
TSF_2025,TikTok Skin Fails,Trend Counter,Young Adults,tiktok,2025-05-04,21379.57,3345762.0,159282.0,8774.0,338950.97,False,False,False,0,False,False,False,2.127992930776861
BF_2025,Black Friday,Seasonal Sale,Young Adults,email,2025-12-04,37373.35,147202.0,13284.0,1457.0,82424.21,False,False,False,0,False,False,False,6.204773411623005
PL_2025,Product Launch,Product Launch,Adults,email,2025-01-25,11931.04,185142.0,12672.0,391.0,43343.11,False,False,False,0,False,False,False,3.4203843118686867
AAR_2025,Anti-Aging Routine,Product Education,Adults,linkedin,2025-03-05,4453.94,13948.0,1129.0,209.0,16027.23,False,False,False,0,False,False,False,14.195952170062002
TSF_2025,TikTok Skin Fails,Trend Counter,Young Adults,tiktok,2025-04-28,6899.55,493501.0,45010.0,837.0,17419.08,False,False,False,0,False,False,False,0.3870046656298601
AAR_2025,Anti-Aging Routine,Product Education,Adults,youtube,2025-03-18,4546.51,54335.0,3572.0,90.0,10691.28,False,True,False,0,False,False,False,2.9930795072788356
BF_2025,Black Friday,Seasonal Sale,Gen Z,youtube,2025-11-19,13671.83,199139.0,41600.0,6267.0,412105.8,False,False,False,0,False,False,False,9.906389423076924
PL_2025,Product Launch,Product Launch,Young Adults,youtube,2025-03-03,30365.49,1239720.0,56328.0,1178.0,61325.53,False,False,False,0,False,False,False,1.0887219500071013
DBB_2025,Don't Burn for Beauty,Social Impact,Adults,youtube,2025-08-07,9577.54,779764.0,33534.0,1186.0,51885.48,False,False,False,0,False,False,False,1.547249955269279
SCA_2025,Skin Cancer Awareness,Educational Awareness,Adults,linkedin,2025-05-22,9492.67,293373.0,7512.0,73.0,3075.44,False,False,False,1,True,True,False,0.4094036208732694
PL_2025,Product Launch,Product Launch,Seniors,email,2025-03-17,15320.15,113265.0,14722.0,2819.0,372740.87,False,False,False,0,False,False,False,25.318629941584025
TSF_2025,TikTok Skin Fails,Trend Counter ,Young Adults,instagram,2025-05-16,17974.11,745571.0,34234.0,2318.0,90399.05,False,False,False,0,False,False,False,2.6406218963603436
PL_2025,Product Launch,Product Launch,Young Adults,instagram,2025-03-22,16183.35,469695.0,18832.0,628.0,48268.11,False,False,False,0,False,False,False,2.563089953271028
AAR_2025,Anti-Aging Routine,Product Education,Young Adults,email,2025-02-03,5120.9,12863.0,254.0,41.0,4392.8,True,False,False,0,False,False,False,17.294488188976377
PL_2025,Product Launch,Product Launch,Adults,instagram,2025-01-22,7703.06,117539.0,3746.0,300.0,32639.88,False,False,False,0,False,False,False,8.713262146289376
NF_2025,Nature First,Brand Image,Parents,email,2025-03-22,5957.74,29640.0,2306.0,73.0,6529.47,False,False,False,0,False,False,False,2.831513443191674
AAR_2025,Anti-Aging Routine,Product Education,Adults,youtube,2025-05-26,4745.09,38775.0,0.0,0.0,0.0,False,False,False,0,False,False,False,14.135952140908914
AAR_2025,Anti-Aging Routine,Product Education,Seniors,linkedin,2025-02-27,2965.86,8425.0,155.0,58.0,5884.77,False,False,False,0,False,False,False,37.96625806451613
AAR_2025,Anti-Aging Routine,Product Education,Adults,youtube,2025-03-30,5834.08,44884.0,893.0,173.0,18200.91,False,False,False,0,False,False,False,20.381758118701008
AAR_2025,Anti-Aging Routine,Product Education,Young Adults,instagram,2025-01-25,4749.97,37335.0,2324.0,362.0,28294.33,False,False,False,0,False,False,False,12.174840791738383
AAR_2025,Anti-Aging Routine,Product Education,Adults,email,2025-03-21,3919.65,9335.0,366.0,404.0,51459.21,False,False,False,0,False,False,False,140.5989344262295
PL_2025,Product Launch,Product Launch,Seniors,linkedin,2025-01-22,5348.7,61060.0,3185.0,502.0,63565.85,False,False,False,0,False,False,False,19.957880690737834
NF_2025,Nature First,Brand Image,Gen Z,instagram,2025-03-21,7384.64,66483.0,1729.0,13.0,979.87,False,False,False,0,False,False,False,0.5667264314632736
SCA_2025,Skin Cancer Awareness,Educational Awareness,Young Adults,youtube,2025-05-26,4627.98,313445.0,6116.0,45.0,955.72,False,False,False,0,False,False,False,0.15626553302812296
NF_2025,Nature First,Brand Image,Gen Z,youtube,2025-05-15,5240.87,239587.0,7854.0,68.0,5087.59,False,False,False,0,False,False,False,0.6477705627705628
DBB_2025,Don't Burn for Beauty,Social Impact,Gen Z,youtube,2025-07-17,3853.36,295917.0,20580.0,2176.0,57017.64,False,False,False,0,False,False,False,2.770536443148688
HP_2025,Holiday Prep,Seasonal Education,Parents,instagram,2025-11-22,7278.0,47336.0,3477.0,1318.0,82252.49,False,False,False,0,False,False,False,23.656166235260283
HP_2025,Holiday Prep,Seasonal Education,Adults,facebook,2025-11-04,4417.58,43916.0,2172.0,796.0,66686.58,False,False,False,0,False,False,False,30.702845303867406
SS_2025,Summer Sale,Seasonal Sale,Parents,facebook,2025-07-24,3654.29,54818.0,2600.0,153.0,5936.9,False,False,False,0,False,False,False,2.2834230769230768
NF_2025,Nature First,Brand Image,Gen Z,youtube,2025-03-19,4414.69,126301.0,0.0,0.0,0.0,False,False,False,0,False,False,False,1.393211034107895
PL_2025,Product Launch,Product Launch,Seniors,email,2025-02-19,9187.59,56079.0,3674.0,128.0,12854.75,False,False,False,0,False,False,False,3.498843222645618
NF_2025,Nature First,Brand Image,Gen Z,tiktok,2025-05-01,6379.02,200731.0,9626.0,49.0,2320.49,False,False,False,0,False,False,False,0.24106482443382504
AAR_2025,Anti-Aging Routine,Product Education,Young Adults,instagram,2025-04-22,7121.61,59068.0,2417.0,370.0,28063.12,False,False,False,0,False,False,False,11.610724038063715
BF_2025,Black Friday,Seasonal Sale,Parents,facebook,2025-11-29,6809.91,80794.0,6525.0,1062.0,85142.96,False,False,False,0,False,False,False,13.04872950191571
AAR_2025,Anti-Aging Routine,Product Education,Adults,facebook,2025-01-29,3500.08,30887.0,1109.0,109.0,9626.63,False,False,False,0,False,False,False,8.680459873760144
TSF_2025,TikTok Skin Fails,Trend Counter,Young Adults,facebook,2025-05-24,5973.84,489729.0,65220.0,1152.0,255214.78,False,False,True,0,False,False,False,3.913136767862619
PL_2025,Product Launch,Product Launch,Adults,email,2025-01-15,12794.29,109322.0,5555.0,234.0,25009.84,False,False,False,0,False,False,False,4.502221422142214
TSF_2025,TikTok Skin Fails,Trend Counter,Gen Z,youtube,2025-04-08,29689.19,1645096.0,98475.0,2375.0,62463.26,False,False,False,0,False,False,False,0.6343057628839808
PL_2025,Product Launch,Product Launch,Seniors,facebook,2025-03-27,5565.38,90766.0,1064.0,21.0,2859.33,False,False,False,0,False,False,False,2.6873402255639096
SS_2025,Summer Sale,Seasonal Sale,Parents,facebook,2025-05-30,15726.24,259615.0,26053.0,3548.0,199425.86,False,False,False,0,False,False,False,7.654621732621963
NF_2025,Nature First,Brand Image,Gen Z,instagram,2025-02-24,3828.33,50423.0,1022.0,44.0,2158.66,False,False,False,0,False,False,False,2.1121917808219175
DBB_2025,Don't Burn for Beauty,Social Impact,Young Adults,youtube,2025-08-13,7870.54,413622.0,19748.0,879.0,34428.65,False,False,False,0,False,False,False,1.7433993315778813
BF_2025,Black Friday,Seasonal Sale,Parents,email,2025-11-27,1576.07,2885.0,290.0,132.0,9158.94,False,False,False,0,False,False,False,31.582551724137932
HP_2025,Holiday Prep,Seasonal Education,Parents,email,2025-10-31,5339.64,34345.0,3558.0,1933.0,126795.62,False,False,False,0,False,False,False,35.63676784710511
PL_2025,Product Launch,Product Launch,Seniors,facebook,2025-02-27,12195.94,83405.0,2435.0,59.0,7378.36,False,False,False,0,False,False,False,3.0301273100616015
DBB_2025,Don't Burn for Beauty,Social Impact,Gen Z,instagram,2025-07-09,15738.98,511840.0,25209.0,423.0,8802.8,False,False,False,0,False,False,False,0.34919274862152405
SS_2025,Summer Sale,Seasonal Sale,Gen Z,tiktok,2025-07-24,9029.69,212448.0,6440.0,567.0,35698.69,False,False,False,0,False,False,False,5.543274844720497
DBB_2025,Don't Burn for Beauty,Social Impact,Young Adults,instagram,2025-08-13,7912.2,405777.0,20230.0,434.0,9882.63,False,False,False,0,False,False,False,0.4885135936727632
PL_2025,Product Launch,Product Launch,Young Adults,instagram,2025-01-25,3833.96,75305.0,2650.0,118.0,6978.81,False,False,False,0,False,False,False,2.63351320754717
SCA_2025,Skin Cancer Awareness,Educational Awareness,Young Adults,youtube,2025-05-20,17214.12,1108818.0,43392.0,937.0,27000.16,False,False,False,0,False,False,False,0.6222382005899705
AAR_2025,Anti-Aging Routine,Product Education,Young Adults,instagram,2025-05-28,7294.77,76834.0,0.0,0.0,0.0,False,False,False,0,False,False,False,10.850630763068924
NF_2025,Nature First,Brand Image,Gen Z,youtube,2025-05-30,4854.7,120069.0,2549.0,95.0,3771.75,False,False,True,0,False,False,False,1.4796979207532366
AAR_2025,Anti-Aging Routine,Product Education,Young Adults,youtube,2025-04-14,8472.92,72992.0,1125.0,162.0,9233.31,False,False,False,0,False,False,False,8.207386666666666
NF_2025,Nature First,Brand Image,Parents,email,2025-05-08,2556.51,13254.0,1444.0,46.0,4134.99,False,False,False,0,False,False,False,2.8635664819944595
AAR_2025,Anti-Aging Routine,Product Education,Seniors,linkedin,2025-02-09,6126.83,13429.0,397.0,134.0,18547.21,False,False,False,0,False,False,False,46.71841309823677
NF_2025,Nature First,Brand Image,Young Adults,youtube,2025-06-04,3156.13,39299.0,1377.0,9.0,647.66,False,False,False,0,False,False,False,0.4703413217138707
PL_2025,Product Launch,Product Launch,Young Adults,youtube,2025-03-23,15490.31,651817.0,19133.0,515.5,46884.78,False,False,True,0,False,False,False,2.4504667328699106
DBB_2025,Don't Burn for Beauty,Social Impact,Young Adults,youtube,2025-07-27,6902.7,608831.0,24513.0,2384.0,50036.68,False,False,False,0,False,False,False,2.04123036756007
PL_2025,Product Launch,Product Launch,Young Adults,youtube,2025-03-11,11128.24,268925.0,7004.0,275.0,23042.64,False,False,False,0,False,False,False,3.289925756710451
HP_2025,Holiday Prep,Seasonal Education,Adults,facebook,2025-10-26,5798.02,19389.0,856.0,279.0,26403.12,False,False,False,0,False,False,False,30.844766355140187
AAR_2025,Anti-Aging Routine,Product Education,Young Adults,email,2025-05-27,6617.17,26074.0,1335.0,688.0,67851.37,False,False,False,0,False,False,False,50.82499625468164
AAR_2025,Anti-Aging Routine,Product Education,Adults,facebook,2025-03-18,7297.88,25064.0,1137.0,161.0,13254.43,False,False,True,0,False,False,False,11.657370272647318
AAR_2025,Anti-Aging Routine,Product Education ,Adults,facebook,2025-02-14,4636.31,36798.0,1570.0,161.0,25074.7,False,False,True,0,False,False,False,15.971146496815287
AAR_2025,Anti-Aging Routine,Product Education,Young Adults,youtube,2025-05-16,3963.27,72291.0,1344.0,251.0,14862.17,False,False,False,0,False,False,False,11.058162202380952
AAR_2025,Anti-Aging Routine,Product Education,Seniors,linkedin,2025-05-15,3772.8,7180.0,390.0,109.0,14833.2,False,False,False,0,False,False,False,38.033846153846156
SS_2025,Summer Sale,Seasonal Sale,Young Adults,facebook,2025-07-16,1615.0,23629.0,1208.0,72.0,3323.6,False,False,False,0,False,False,False,2.7513245033112583
NF_2025,Nature First,Brand Image,Young Adults,youtube,2025-06-03,5544.73,155609.0,6004.0,131.0,10202.47,False,False,False,0,False,False,False,1.6992788141239172
PL_2025,Product Launch,Product Launch,Adults,youtube,2025-03-20,44296.31,1368230.0,60678.0,592.0,47407.08,False,False,False,0,False,False,False,0.7812894294472461
BF_2025,Black Friday,Seasonal Sale,Young Adults,instagram,2025-11-24,82688.04,880299.0,24793.0,7518.0,625183.08,False,False,False,0,False,False,False,25.216112612430926
SS_2025,Summer Sale,Seasonal Sale,Adults,email,2025-07-05,5922.25,25164.0,2063.0,509.0,26107.96,False,False,False,0,False,False,False,12.655336888027145
TSF_2025,TikTok Skin Fails,Trend Counter,Gen Z,instagram,2025-05-20,15059.24,731952.0,51116.0,665.0,25667.99,False,False,False,0,False,False,False,0.502151772439158
PL_2025,Product Launch,Product Launch,Young Adults,youtube,2025-01-21,5349.32,277055.0,9926.0,513.0,43140.07,False,False,False,0,False,False,False,4.346168647995164
SS_2025,Summer Sale,Seasonal Sale,Young Adults,youtube,2025-05-21,14554.5,967949.0,86435.0,8742.0,481871.02,False,False,False,0,False,False,False,5.57495250766472
SS_2025,Summer Sale,Seasonal Sale,Young Adults,youtube,2025-07-04,5879.87,129066.0,7441.0,1123.0,40918.14,False,False,False,0,False,False,False,5.499010885633651
TSF_2025,TikTok Skin Fails,Trend Counter,Young Adults,facebook,2025-03-16,2586.5,152351.0,6052.0,123.0,5945.71,False,False,False,0,False,False,False,0.982437210839392
DBB_2025,Don't Burn for Beauty,Social Impact,Gen Z,instagram,2025-07-13,7914.01,360665.0,23196.0,1321.0,41637.37,False,False,False,0,False,False,False,1.7950237109846527
NF_2025,Nature First,Brand Image,Parents,facebook,2025-04-21,7472.31,48302.0,2844.0,71.0,4758.66,False,False,False,0,False,False,False,1.6732278481012657
AAR_2025,Anti-Aging Routine,Product Education,Seniors,linkedin,2025-01-19,4499.04,17574.0,388.0,109.0,16307.8,False,False,False,0,False,False,False,42.03041237113402
TSF_2025,TikTok Skin Fails,Trend Counter,Young Adults,instagram,2025-05-20,2279.97,209663.0,9131.0,129.0,2413.78,False,False,False,0,False,False,False,0.2643500164275545
DBB_2025,Don't Burn for Beauty,Social Impact,Adults,linkedin,2025-07-28,5229.21,64851.0,1940.0,107.0,4979.4,False,False,False,0,False,False,False,2.566701030927835
AAR_2025,Anti-Aging Routine,Product Education,Seniors,linkedin,2025-05-21,2411.79,6110.0,202.0,96.0,0.0,False,False,True,0,False,False,False,0.0
NF_2025,Nature First,Brand Image,Parents,instagram,2025-05-21,3358.04,33324.0,518.0,11.0,898.52,False,False,False,0,False,False,False,1.7345945945945946
NF_2025,Nature First,Brand Image,Parents,email,2025-03-09,5254.34,43099.0,2292.0,92.0,9908.0,False,False,False,0,False,False,True,4.32284649122807
AAR_2025,Anti-Aging Routine,Product Education,Adults,linkedin,2025-02-23,5727.14,33563.0,873.0,179.0,22720.8,False,False,False,0,False,False,False,26.026116838487972
NF_2025,Nature First,Brand Image,Young Adults,instagram,2025-05-24,7527.93,119618.0,2191.0,31.0,2540.41,False,False,False,0,False,False,False,1.159475125513464
PL_2025,Product Launch,Product Launch,Adults,facebook,2025-03-01,22942.29,237291.0,8549.0,126.0,7699.81,False,False,False,0,False,False,False,0.9006679143759504
AAR_2025,Anti-Aging Routine,Product Education,Seniors,linkedin,2025-01-30,3504.92,11965.0,753.0,67.0,9441.68,False,False,False,0,False,False,False,12.538751660026561
NF_2025,Nature First,Brand Image,Parents,facebook,2025-03-06,6110.95,68406.0,1678.0,110.0,6929.08,False,False,False,0,False,False,False,4.129368295589988
SCA_2025,Skin Cancer Awareness, Educational Awareness,Seniors,facebook,2025-05-05,6849.69,176318.0,4293.0,54.0,2406.18,False,False,False,0,False,False,False,0.5604891684136967
NF_2025,Nature First,Brand Image,Gen Z,instagram,2025-03-22,6999.05,150580.0,4233.0,53.0,3581.25,False,False,False,0,False,False,False,0.8460311835577604
SS_2025,Summer Sale,Seasonal Sale,Young Adults,youtube,2025-07-18,4097.66,200493.0,3851.0,190.0,10512.27,True,False,False,0,False,False,False,2.7297507141002337
DBB_2025,Don't Burn for Beauty,Social Impact,Adults,linkedin,2025-06-25,13834.04,310401.0,23607.0,1477.0,73036.24,False,False,False,0,False,False,False,3.093838268310247
AAR_2025,Anti-Aging Routine,Product Education,Young Adults,email,2025-06-03,5382.48,6369.0,174.0,22.0,1295.65,False,False,False,0,False,False,False,7.4462643678160925
TSF_2025,TikTok Skin Fails,Trend Counter,Young Adults,facebook,2025-05-26,140201.74,6451523.0,428021.0,24661.0,618173.41,False,False,False,0,False,False,False,1.4442595339948274
AAR_2025,Anti-Aging Routine,Product Education,Young Adults,facebook,2025-02-17,5463.46,51591.0,2683.0,260.0,20011.81,False,False,False,0,False,False,False,7.458743943347
TSF_2025,TikTok Skin Fails,Trend Counter,Gen Z,instagram,2025-04-10,5047.48,121767.0,10605.0,472.0,9807.61,False,False,False,0,False,False,False,0.9248099952852429
HP_2025,Holiday Prep,Seasonal Education,Adults,instagram,2025-11-24,3321.21,49522.0,1987.0,571.0,43967.69,False,False,False,0,False,False,False,22.127674886763966
DBB_2025,Don't Burn for Beauty,Social Impact,Young Adults,tiktok,2025-07-25,2492.41,71942.0,3817.0,77.0,3168.21,False,False,False,0,False,False,False,0.8300261985852764
BF_2025,Black Friday,Seasonal Sale,Parents,email,2025-11-20,24421.69,126832.0,0.0,0.0,0.0,False,False,False,0,False,False,False,29.77045716723938
AAR_2025,Anti-Aging Routine,Product Education,Adults,linkedin,2025-04-09,4999.87,55573.0,1446.0,308.0,28439.69,False,False,False,0,False,False,False,19.66783540802213
DBB_2025,Don't Burn for Beauty,Social Impact,Young Adults,facebook,2025-08-04,7576.45,381395.0,26285.0,1265.0,35362.3,False,False,False,0,False,False,False,1.3453414494959104
TSF_2025,TikTok Skin Fails,Trend Counter,Young Adults,instagram,2025-05-27,4627.07,157790.0,8023.0,288.0,15967.3,False,False,False,0,False,False,False,1.9901907017325189
TSF_2025,TikTok Skin Fails, Trend Counter,Gen Z,youtube,2025-04-11,45799.74,5876793.0,426809.0,17548.0,950116.66,False,False,False,0,False,False,False,2.226093311059514
SCA_2025,Skin Cancer Awareness,Educational Awareness,Adults,linkedin,2025-06-03,16047.16,275458.0,12824.0,288.0,7180.0,False,False,False,0,False,False,True,0.5598989368883202
AAR_2025,Anti-Aging Routine,Product Education,Seniors,linkedin,2025-02-04,5215.31,48116.0,1480.0,431.0,54310.6,False,False,False,0,False,False,False,36.69635135135135
TSF_2025,TikTok Skin Fails,Trend Counter,Gen Z,tiktok,2025-03-24,6715.75,656013.0,33476.0,726.0,17137.47,False,False,False,0,False,False,False,0.5119330266459553
AAR_2025,Anti-Aging Routine,Product Education,Seniors,email,2025-01-24,2311.95,6401.0,242.0,154.0,15174.92,False,False,False,0,False,False,False,62.70628099173554
BF_2025,Black Friday,Seasonal Sale,Adults,facebook,2025-11-25,17550.86,238397.0,14567.0,2230.0,168835.27,False,False,False,0,False,False,False,11.590256744696918
TSF_2025,TikTok Skin Fails,Trend Counter,Gen Z,youtube,2025-04-13,22733.4,1629121.0,76066.0,2063.0,97661.38,False,False,False,0,False,False,False,1.283903189335577
PL_2025,Product Launch,Product Launch,Adults,youtube,2025-03-10,11787.02,1753355.0,129159.0,4197.0,418228.22,False,False,False,0,False,False,False,3.2380880929706795
BF_2025,Black Friday,Seasonal Sale,Gen Z,tiktok,2025-11-28,12571.28,501223.0,46174.0,2348.0,160167.38,False,False,False,0,False,False,False,3.46877853337376
AAR_2025,Anti-Aging Routine,Product Education,Adults,email,2025-05-07,3648.03,17728.0,1808.0,556.0,56042.59,False,False,False,0,False,False,False,30.99700774336283
AAR_2025,Anti-Aging Routine,Product Education,Young Adults,instagram,2025-03-02,6557.29,37816.0,1525.0,114.0,6525.62,False,False,False,0,False,False,False,4.279095081967213
AAR_2025,Anti-Aging Routine,Product Education,Young Adults,instagram,2025-06-05,2725.63,22108.0,747.0,168.0,11192.68,False,False,False,0,False,False,False,14.983507362784472
AAR_2025,Anti-Aging Routine,Product Education,Adults,email,2025-03-20,2241.74,6757.0,773.0,171.0,20793.96,False,False,False,0,False,False,False,26.900336351875808
AAR_2025,Anti-Aging Routine,Product Education,Seniors,facebook,2025-06-02,5247.48,19461.0,294.0,66.0,9606.02,False,False,False,0,False,False,False,32.673537414965985
NF_2025,Nature First,Brand Image,Young Adults,linkedin,2025-03-03,5803.6,99298.0,1224.5,75.0,5208.79,False,False,False,1,True,True,False,4.253809718252348
BF_2025,Black Friday,Seasonal Sale,Adults,email,2025-11-17,47709.73,251226.0,27033.0,10974.0,562157.91,False,False,False,0,False,False,False,20.795246920430586
AAR_2025,Anti-Aging Routine,Product Education,Seniors,email,2025-01-18,4239.67,10491.0,645.0,426.0,59530.3,False,False,False,0,False,False,False,92.29503875968993
SCA_2025,Skin Cancer Awareness,Educational Awareness,Seniors,youtube,2025-05-30,10995.7,620092.0,28684.0,718.0,19165.84,False,False,False,0,False,False,False,0.6681718030958026
DBB_2025,Don't Burn for Beauty,Social Impact,Gen Z,tiktok,2025-07-01,24143.91,3960757.0,226375.0,1667.0,32475.58,False,False,False,0,False,False,False,0.14345921590281613
DBB_2025,Don't Burn for Beauty,Social Impact,Gen Z,youtube,2025-06-26,16757.67,2500449.0,241255.0,14676.0,360670.48,False,False,False,0,False,False,False,1.4949761870220306
AAR_2025,Anti-Aging Routine,Product Education,Young Adults,instagram,2025-01-26,4590.4,54855.0,2684.0,927.0,64270.22,False,False,False,0,False,False,False,23.945685543964235
TSF_2025,TikTok Skin Fails,Trend Counter,Young Adults,instagram,2025-03-29,54723.18,2317294.0,224128.0,14688.0,874210.38,False,False,False,0,False,False,False,3.9004960558252426
SCA_2025,Skin Cancer Awareness,Educational Awareness,Seniors,facebook,2025-05-08,13125.81,320475.0,2103.0,27.0,1351.16,False,False,False,0,False,False,False,0.6424916785544461
SS_2025,Summer Sale,Seasonal Sale,Gen Z,youtube,2025-06-23,2077.46,51099.0,3081.0,907.0,11819.98,False,False,True,0,False,False,False,3.8364102564102565
AAR_2025,Anti-Aging Routine,Product Education,Adults,linkedin,2025-04-10,4315.81,18252.0,308.0,86.0,9750.5,False,False,False,0,False,False,False,31.657467532467532
BF_2025,Black Friday,Seasonal Sale,Gen Z,tiktok,2025-11-21,11326.44,305477.0,17187.0,2277.0,156516.25,False,False,False,0,False,False,False,9.106664921161343
PL_2025,Product Launch,Product Launch,Young Adults,facebook,2025-01-28,6281.64,123069.0,5092.0,212.0,20297.12,False,False,False,0,False,False,False,3.9860801256873524
SS_2025,Summer Sale,Seasonal Sale,Parents,instagram,2025-06-03,7775.08,117426.0,8392.0,915.0,37179.44,False,False,False,0,False,False,False,4.430343183984748
AAR_2025,Anti-Aging Routine,Product Education,Young Adults,youtube,2025-02-21,3897.75,78059.0,1824.5,189.0,20418.94,False,False,False,1,True,True,False,11.191526445601534
SCA_2025,Skin Cancer Awareness,Educational Awareness,Adults,youtube,2025-05-19,13209.6,499316.0,18266.0,194.0,7292.49,False,False,False,0,False,False,False,0.39923847585678307
NF_2025,Nature First,Brand Image,Parents,facebook,2025-05-20,3451.36,48026.0,1988.0,31.0,1692.95,False,False,False,0,False,False,False,0.8515845070422535
BF_2025,Black Friday,Seasonal Sale,Gen Z,instagram,2025-12-05,6246.86,85386.0,3148.0,928.0,64855.51,False,False,False,0,False,False,False,20.602131512071157
DBB_2025,Don't Burn for Beauty,Social Impact,Young Adults,tiktok,2025-07-01,9237.3,554520.5,30094.0,1086.0,25720.01,True,False,False,0,False,False,False,0.8546557453312952
SCA_2025,Skin Cancer Awareness,Educational Awareness,Young Adults,instagram,2025-05-04,9450.92,393234.0,13916.0,253.0,7209.38,False,False,False,0,False,False,False,0.5180640988789882
PL_2025,Product Launch,Product Launch,Young Adults,instagram,2025-02-22,17060.02,590383.0,59540.0,1669.0,143896.63,False,False,False,0,False,False,False,2.4168060127645283
SS_2025,Summer Sale,Seasonal Sale,Parents,facebook,2025-05-20,5807.16,74959.0,2863.0,202.0,13318.63,False,False,False,0,False,False,False,4.651983932937478
NF_2025,Nature First,Brand Image,Young Adults,linkedin,2025-04-10,8645.98,42448.0,1221.0,36.0,2887.14,False,False,False,0,False,False,False,2.3645700245700243
PL_2025,Product Launch,Product Launch,Adults,instagram,2025-02-18,9435.05,119879.0,4115.0,125.0,12586.08,False,False,False,0,False,False,False,3.0585856622114216
AAR_2025,Anti-Aging Routine,Product Education,Seniors,linkedin,2025-04-28,2743.72,19553.0,604.0,183.0,17005.27,False,False,False,0,False,False,False,28.154420529801325
PL_2025,Product Launch,Product Launch,Young Adults,facebook,2025-03-08,28754.96,767291.0,61599.0,5174.0,385517.72,False,False,False,0,False,False,False,6.258506144580268
AAR_2025,Anti-Aging Routine,Product Education,Young Adults,youtube,2025-03-20,6284.92,93342.0,5636.0,718.0,61987.51,False,False,False,0,False,False,False,10.99849361249113
AAR_2025,Anti-Aging Routine,Product Education,Young Adults,instagram,2025-03-12,5707.74,74661.0,5043.0,293.0,15391.94,False,False,False,0,False,False,False,3.052139599444775
SS_2025,Summer Sale,Seasonal Sale,Young Adults,facebook,2025-06-10,9206.21,150077.0,4598.0,1095.0,43476.35,False,False,False,0,False,False,False,9.455491518051327
PL_2025,Product Launch,Product Launch,Young Adults,youtube,2025-02-07,27752.05,753450.0,40645.0,1190.0,74789.64,False,False,False,0,False,False,False,1.840069873293148
SS_2025,Summer Sale,Seasonal Sale,Gen Z,tiktok,2025-06-07,10574.67,394802.0,46693.0,2521.0,94876.6,False,False,False,0,False,False,False,2.0319234146445937
TSF_2025,TikTok Skin Fails,Trend Counter,Young Adults,facebook,2025-04-15,3322.23,286936.0,80878.0,4500.0,200042.24,False,False,False,0,False,False,False,2.4733826256831275
DBB_2025,Don't Burn for Beauty,Social Impact,Adults,facebook,2025-07-20,15240.66,205430.0,15276.0,749.0,33406.38,False,False,False,0,False,False,False,2.1868538884524744
TSF_2025,TikTok Skin Fails,Trend Counter,Gen Z,tiktok,2025-06-12,3126.82,311043.0,9938.0,233.0,6933.73,False,False,False,0,False,False,False,0.6976987321392634
AAR_2025,Anti-Aging Routine,Product Education,Young Adults,facebook,2025-04-04,5942.11,58249.0,8103.0,3224.0,173306.8,False,False,False,0,False,False,False,21.3879797605825
TSF_2025,TikTok Skin Fails,Trend Counter,Gen Z,instagram,2025-04-04,2857.21,228231.0,5581.0,1375.0,12594.83,False,False,True,0,False,False,False,2.256733560293854
HP_2025,Holiday Prep,Seasonal Education,Adults,email,2025-11-06,3517.31,23044.0,866.0,474.0,28620.99,False,False,False,0,False,False,False,33.049642032332564
PL_2025,Product Launch,Product Launch,Young Adults,instagram,2025-02-13,11924.89,183595.0,6391.0,131.0,10746.55,False,False,False,0,False,False,False,1.6815130652480048
PL_2025,Product Launch,Product Launch,Young Adults,instagram,2025-02-24,38859.52,1815117.0,84004.0,6786.0,512602.73,False,False,False,0,False,False,False,6.102122875101186
SS_2025,Summer Sale,Seasonal Sale,Young Adults,instagram,2025-06-17,3457.46,162024.0,6201.0,499.0,35024.0,False,False,False,0,False,False,False,5.64812127076278
PL_2025,Product Launch,Product Launch,Young Adults,youtube,2025-02-15,15768.78,450795.0,7196.0,291.0,17740.87,False,False,False,0,False,False,False,2.4653793774319066
SCA_2025,Skin Cancer Awareness,Educational Awareness,Young Adults,youtube,2025-05-23,11493.77,737234.0,11800.0,97.0,2496.49,False,False,False,0,False,False,False,0.21156694915254234
HP_2025,Holiday Prep,Seasonal Education,Adults,instagram,2025-11-10,4367.84,27729.0,0.0,0.0,0.0,False,False,False,0,False,False,False,22.127674886763966
SS_2025,Summer Sale,Seasonal Sale,Young Adults,youtube,2025-05-11,15707.97,314284.0,0.0,0.0,0.0,False,False,False,0,False,False,False,4.652836093765778
TSF_2025,TikTok Skin Fails,Trend Counter,Young Adults,youtube,2025-04-27,45106.44,4058092.0,384209.0,7868.0,389014.14,False,False,False,0,False,False,False,1.0125065784507912
TSF_2025,TikTok Skin Fails,Trend Counter,Gen Z,youtube,2025-05-23,16850.86,2669583.0,96153.0,9794.0,185251.56,False,False,False,0,False,False,False,1.9266331783719697
TSF_2025,TikTok Skin Fails,Trend Counter,Gen Z,instagram,2025-04-25,11380.68,722998.0,70096.0,3041.0,109134.97,False,False,False,0,False,False,False,1.556935773795937
NF_2025,Nature First,Brand Image,Parents,instagram,2025-03-13,5636.69,93308.0,1656.0,20.0,1723.28,False,False,False,0,False,False,False,1.0406280193236714
DBB_2025,Don't Burn for Beauty,Social Impact,Young Adults,facebook,2025-07-31,7590.19,374284.0,15510.0,678.0,28006.22,False,False,False,0,False,False,False,1.8056879432624113
DBB_2025,Don't Burn for Beauty,Social Impact,Young Adults,instagram,2025-07-22,3566.09,129238.0,7647.0,420.0,9353.45,False,False,False,0,False,False,False,1.2231528704066956
SS_2025,Summer Sale,Seasonal Sale,Adults,facebook,2025-06-16,5119.17,96257.0,3904.0,506.0,29785.94,False,False,False,0,False,False,False,7.6295952868852455
TSF_2025,TikTok Skin Fails,Trend Counter,Gen Z,youtube,2025-05-05,9069.87,1103366.0,26167.0,1080.0,48116.08,False,False,False,0,False,False,False,1.8388076585011657
SCA_2025,Skin Cancer Awareness,Educational Awareness,Adults,facebook,2025-05-28,10752.0,468457.0,12376.0,370.0,10252.2,False,False,False,0,False,False,False,0.8283936651583711
SS_2025,Summer Sale,Seasonal Sale,Parents,facebook,2025-07-25,3052.89,35912.0,2316.0,446.0,25398.25,False,False,False,0,False,False,False,10.966429188255614
NF_2025,Nature First,Brand Image,Gen Z,tiktok,2025-04-17,3711.77,140700.0,5273.0,67.0,4567.44,False,False,False,0,False,False,False,0.8661938175611605
AAR_2025,Anti-Aging Routine,Product Education,Young Adults,instagram,2025-04-29,5662.6,38217.0,679.0,97.0,6424.29,False,False,False,0,False,False,False,9.46139911634757
TSF_2025,TikTok Skin Fails,Trend Counter,Gen Z,instagram,2025-05-02,23656.69,1415662.0,56914.0,3023.0,77092.51,False,False,False,0,False,False,False,1.3545438732122148
SS_2025,Summer Sale,Seasonal Sale,Young Adults,facebook,2025-07-12,2114.38,23411.0,675.0,51.0,3041.29,False,False,False,0,False,False,False,4.505614814814815
SCA_2025,Skin Cancer Awareness,Educational Awareness,Adults,youtube,2025-06-01,10270.71,769841.0,19751.0,234.0,6886.29,False,False,False,0,False,False,False,0.34865525796162217
PL_2025,Product Launch,Product Launch,Adults,facebook,2025-03-06,16658.36,452641.0,25837.0,1479.0,85169.0,False,False,False,0,False,False,True,3.2963992219790907
SS_2025,Summer Sale,Seasonal Sale,Gen Z,instagram,2025-05-28,30252.23,492932.0,17224.0,4030.0,223189.14,False,False,False,0,False,False,False,12.9580318160706
PL_2025,Product Launch,Product Launch,Young Adults,facebook,2025-03-22,18532.17,833318.0,25338.0,1246.0,70793.39,False,False,False,0,False,False,False,2.793961243981372
SS_2025,Summer Sale,Seasonal Sale,Gen Z,youtube,2025-07-07,6127.44,358924.0,17071.0,750.0,34954.92,False,False,False,0,False,False,False,2.047619940249546
NF_2025,Nature First,Brand Image,Young Adults,linkedin,2025-03-19,3837.21,12820.0,347.0,5.0,305.66,False,False,False,0,False,False,False,0.8808645533141211
NF_2025,Nature First,Brand Image,Young Adults,linkedin,2025-03-29,5490.48,42655.0,1853.0,64.0,5268.78,True,False,False,0,False,False,False,2.8433783054506203
PL_2025,Product Launch,Product Launch,Adults,email,2025-01-27,19635.81,407126.0,21288.0,3359.0,310819.32,False,False,False,0,False,False,False,14.600682074408118
HP_2025,Holiday Prep,Seasonal Education,Seniors,email,2025-11-14,2779.16,5832.0,353.0,318.0,24471.68,False,False,False,0,False,False,False,69.32487252124646
TSF_2025,TikTok Skin Fails,Trend Counter,Gen Z,tiktok,2025-03-16,7512.44,670391.0,53795.0,2043.0,25019.58,False,False,False,0,False,False,False,0.46509117947764667
NF_2025,Nature First,Brand Image,Gen Z,instagram,2025-03-13,3382.78,29356.0,947.0,21.0,1549.1,False,False,False,0,False,False,False,1.6357972544878563
SCA_2025,Skin Cancer Awareness,Educational Awareness,Adults,facebook,2025-05-17,4923.41,156208.0,7167.0,141.0,3449.26,False,False,False,0,False,False,False,0.4812697083856565
DBB_2025,Don't Burn for Beauty,Social Impact,Gen Z,instagram,2025-07-15,6096.65,370634.0,23699.0,1011.0,29944.27,False,False,False,0,False,False,False,1.2635246212920377
BF_2025,Black Friday,Seasonal Sale,Young Adults,tiktok,2025-12-04,21003.02,466883.0,17849.0,3924.0,264035.89,False,False,False,0,False,False,False,14.792755336433414
SS_2025,Summer Sale,Seasonal Sale,Gen Z,tiktok,2025-07-19,7539.48,428964.0,0.0,0.0,0.0,False,False,False,0,False,False,False,2.80956829827236
SCA_2025,Skin Cancer Awareness,Educational Awareness,Young Adults,youtube,2025-05-12,6866.24,1036016.0,0.0,0.0,0.0,False,False,False,0,False,False,False,0.4939690590920619
TSF_2025,TikTok Skin Fails,Trend Counter,Young Adults,tiktok,2025-03-27,3504.48,264485.0,19641.0,662.0,20068.96,False,False,False,0,False,False,False,1.0217891146071991
AAR_2025,Anti-Aging Routine,Product Education,Young Adults,facebook,2025-05-24,5707.52,42942.0,2040.0,628.0,67795.87,False,False,False,0,False,False,False,33.233269607843134
AAR_2025,Anti-Aging Routine,Product Education,Seniors,linkedin,2025-04-21,3257.62,7164.0,232.0,16.0,1882.37,False,False,False,0,False,False,False,8.113663793103449
NF_2025,Nature First,Brand Image,Gen Z,instagram,2025-05-10,3350.89,31409.0,682.0,10.0,579.24,False,False,False,0,False,False,False,0.849325513196481
SS_2025,Summer Sale,Seasonal Sale,Young Adults,facebook,2025-06-28,3934.45,53582.0,2162.0,139.0,7211.3,False,False,False,0,False,False,False,3.335476410730805
NF_2025,Nature First,Brand Image,Young Adults,linkedin,2025-03-20,5996.12,35493.0,1187.0,11.0,832.13,False,False,False,0,False,False,False,0.7010362257792755
TSF_2025,TikTok Skin Fails,Trend Counter,Gen Z,instagram,2025-04-03,9945.99,597909.0,37849.0,857.0,27488.25,False,False,False,0,False,False,False,0.7262609315966075
SS_2025,Summer Sale,Seasonal Sale,Young Adults,youtube,2025-07-22,5779.57,244970.0,12296.0,1710.0,90422.79,False,False,False,0,False,False,False,7.353837833441769
NF_2025,Nature First,Brand Image,Gen Z,tiktok,2025-04-18,5740.17,140981.0,6780.0,83.0,6266.12,False,False,False,0,False,False,False,0.9242064896755162
TSF_2025,TikTok Skin Fails,Trend Counter,Gen Z,tiktok,2025-04-08,55796.06,5852849.0,649778.0,22605.0,902634.77,False,False,False,0,False,False,False,1.3891433227964012
NF_2025,Nature First,Brand Image,Parents,instagram,2025-06-04,7112.75,74061.0,2229.0,71.0,4428.38,True,False,False,0,False,False,False,1.9867115298340063
NF_2025,Nature First,Brand Image,Gen Z,tiktok,2025-04-26,5063.7,267677.0,12471.0,151.0,7858.66,False,False,False,0,False,False,False,0.6301547590409751
SS_2025,Summer Sale,Seasonal Sale,Adults,facebook,2025-07-13,13755.16,230500.0,5921.0,451.0,21895.73,False,False,False,0,False,False,False,3.6979783820300622
NF_2025,Nature First,Brand Image,Parents,instagram,2025-04-02,5580.26,31238.0,734.0,17.0,1444.84,False,False,False,0,False,False,False,1.9684468664850134
NF_2025,Nature First,Brand Image,Young Adults,linkedin,2025-04-07,5009.77,31620.0,692.0,17.0,1318.47,False,False,False,0,False,False,False,1.9053034682080925
PL_2025,Product Launch,Product Launch,Young Adults,tiktok,2025-02-23,14432.5,588080.0,46253.0,841.0,54232.88,False,False,False,0,False,False,False,1.1725267550212959
PL_2025,Product Launch,Product Launch,Seniors,linkedin,2025-01-30,7960.28,31455.0,1980.0,64.0,5603.2,False,False,False,0,False,False,False,2.82989898989899
PL_2025,Product Launch,Product Launch,Adults,facebook,2025-02-07,19597.59,514533.0,24969.0,738.0,76644.57,False,False,False,0,False,False,False,3.069589090472186
SS_2025,Summer Sale,Seasonal Sale,Gen Z,tiktok,2025-07-26,6842.63,291396.0,9319.0,362.0,20701.19,True,False,False,0,False,False,False,2.221396072539972
TSF_2025,TikTok Skin Fails,Trend Counter,Gen Z,tiktok,2025-04-11,6218.73,383049.0,49971.0,3550.0,74006.96,False,False,False,0,False,False,False,1.4809981789437876
SCA_2025,Skin Cancer Awareness,Educational Awareness,Young Adults,instagram,2025-05-18,7053.23,203065.0,6510.0,124.0,3890.19,False,False,False,0,False,False,False,0.5975714285714285
TSF_2025,TikTok Skin Fails,Trend Counter,Young Adults,facebook,2025-05-03,60830.32,1994384.0,100603.0,2254.0,55089.99,False,False,False,0,False,False,False,0.5475978847549278
NF_2025,Nature First,Brand Image,Parents,email,2025-03-23,7440.47,52793.0,2143.0,148.0,8821.36,False,False,False,0,False,False,False,4.11636024265049
HP_2025,Holiday Prep,Seasonal Education,Parents,facebook,2025-10-26,4415.89,60128.0,0.0,0.0,0.0,False,False,False,0,False,False,False,19.778427752554908
SS_2025,Summer Sale,Seasonal Sale,Gen Z,instagram,2025-05-25,10681.34,262501.0,20599.0,3731.0,121461.94,False,False,False,0,False,False,False,5.8964969173260835
SCA_2025,Skin Cancer Awareness,Educational Awareness,Adults,linkedin,2025-05-27,12841.95,158821.0,3581.0,11.0,417.93,False,False,False,0,False,False,False,0.11670762356883552
PL_2025,Product Launch,Product Launch,Adults,facebook,2025-02-12,8647.4,135035.0,14862.0,1092.0,66091.71,False,False,False,0,False,False,False,4.447026645135245
TSF_2025,TikTok Skin Fails,Trend Counter,Young Adults,tiktok,2025-03-17,17579.89,1497984.0,99956.0,1407.0,60546.07,False,False,False,0,False,False,False,0.6057272199767898
DBB_2025,Don't Burn for Beauty,Social Impact,Young Adults,instagram,2025-06-29,4176.25,192745.0,12429.0,523.0,13302.8,False,False,False,0,False,False,False,1.0703033228739238
DBB_2025,Don't Burn for Beauty,Social Impact,Adults,youtube,2025-07-24,5713.15,159530.0,6004.0,140.0,4582.59,False,False,False,0,False,False,False,0.7632561625582945
NF_2025,Nature First,Brand Image,Gen Z,youtube,2025-03-13,4743.68,116039.0,0.0,0.0,0.0,False,False,False,0,False,False,False,1.393211034107895
NF_2025,Nature First,Brand Image,Gen Z,instagram,2025-05-19,3507.66,47654.0,1668.0,62.0,4420.03,False,False,False,0,False,False,False,2.649898081534772
AAR_2025,Anti-Aging Routine,Product Education,Adults,facebook,2025-02-09,5020.54,41742.0,759.0,108.0,12062.55,False,False,False,0,False,False,False,15.892687747035572
SS_2025,Summer Sale,Seasonal Sale,Gen Z,instagram,2025-07-04,9539.39,373250.0,31882.0,2311.0,90284.43,False,False,False,0,False,False,False,2.831830813625243
NF_2025,Nature First,Brand Image,Young Adults,youtube,2025-05-23,4974.68,199767.0,4729.0,142.0,9087.73,False,False,False,0,False,False,False,1.9217022626348064
AAR_2025,Anti-Aging Routine,Product Education,Adults,youtube,2025-02-11,3994.18,30788.0,914.0,102.0,7703.31,False,False,False,0,False,False,False,8.42812910284464
AAR_2025,Anti-Aging Routine,Product Education,Seniors,email,2025-05-18,4295.31,10139.0,364.0,139.0,50170.36,False,False,False,0,False,False,False,137.83065934065934
NF_2025,Nature First,Brand Image,Gen Z,instagram,2025-04-27,7714.91,172325.0,5879.0,180.0,9415.04,False,False,False,0,False,False,False,1.6014696376934854
SCA_2025,Skin Cancer Awareness,Educational Awareness,Adults,youtube,2025-05-14,13265.67,705870.0,21107.0,738.0,21380.4,False,False,False,0,False,False,False,1.012953048751599
TSF_2025,TikTok Skin Fails,Trend Counter,Young Adults,youtube,2025-05-21,77041.82,5735361.0,488505.0,13131.0,600638.76,False,False,False,0,False,False,False,1.2295447538919766
TSF_2025,TikTok Skin Fails,Trend Counter,Young Adults,tiktok,2025-05-23,4895.22,555382.0,52677.0,2114.0,126277.59,False,False,False,0,False,False,False,2.3972054217210546
HP_2025,Holiday Prep,Seasonal Education,Seniors,email,2025-11-25,2523.42,11853.0,571.0,520.0,40069.86,False,False,False,0,False,False,False,70.17488616462347
TSF_2025,TikTok Skin Fails,Trend Counter,Young Adults,tiktok,2025-07-06,12779.32,11071951.0,1383722.0,58448.0,2242799.84,False,True,False,0,False,False,False,1.6208456901024917
SS_2025,Summer Sale,Seasonal Sale,Young Adults,youtube,2025-06-30,2903.91,114121.0,5990.0,334.0,19138.93,False,False,False,0,False,False,False,3.1951469115191986
AAR_2025,Anti-Aging Routine,Product Education,Seniors,facebook,2025-03-25,5016.94,25948.0,452.0,71.0,6757.13,False,False,False,0,False,False,False,14.949402654867257
HP_2025,Holiday Prep,Seasonal Education,Adults,facebook,2025-11-06,3937.7,13671.0,290.0,114.0,6012.34,False,False,False,0,False,False,False,20.732206896551723
SCA_2025,Skin Cancer Awareness,Educational Awareness,Seniors,youtube,2025-05-25,6681.88,369237.0,15946.0,563.0,26778.12,False,False,False,0,False,False,False,1.679300137965634
PL_2025,Product Launch,Product Launch,Young Adults,facebook,2025-03-06,24557.87,454406.0,37793.0,2082.0,176943.33,False,False,False,0,False,False,False,4.6819074960971605
AAR_2025,Anti-Aging Routine,Product Education,Young Adults,youtube,2025-02-20,3607.22,79786.0,3696.0,456.0,30323.21,False,False,False,0,False,False,False,8.20433170995671
PL_2025,Product Launch,Product Launch,Adults,facebook,2025-03-19,48635.05,782321.0,41681.0,1133.0,108964.55,False,False,False,0,False,False,False,2.614249898035076
AAR_2025,Anti-Aging Routine,Product Education,Adults,youtube,2025-03-26,5574.67,122225.0,2311.0,367.0,28070.21,False,False,False,0,False,False,False,12.14634790134141
AAR_2025,Anti-Aging Routine,Product Education,Young Adults,youtube,2025-04-11,6241.36,40214.0,2088.0,354.0,22883.18,False,False,False,0,False,False,False,10.959377394636016
SS_2025,Summer Sale,Seasonal Sale,Young Adults,youtube,2025-06-19,8240.19,225293.0,8791.0,486.0,33480.56,False,False,False,0,False,False,False,3.808504151973609
SCA_2025,Skin Cancer Awareness,Educational Awareness,Seniors,linkedin,2025-05-19,12313.77,392713.0,13646.0,252.0,6822.87,False,False,False,0,False,False,False,0.49999047339879815
NF_2025,Nature First,Brand Image,Parents,email,2025-03-06,5863.71,11176.0,939.0,49.0,4758.03,False,False,False,0,False,False,False,5.067124600638977
AAR_2025,Anti-Aging Routine,Product Education,Young Adults,youtube,2025-02-12,2467.94,52453.5,1135.0,327.0,33488.01,True,False,False,0,False,False,False,29.504854625550664
HP_2025,Holiday Prep,Seasonal Education,Parents,email,2025-10-26,3650.07,15303.0,1735.0,565.0,41248.84,False,False,False,0,False,False,False,23.774547550432274
NF_2025,Nature First,Brand Image,Gen Z,youtube,2025-04-18,8407.35,72809.0,4443.5,28.0,2117.68,False,False,False,1,True,True,False,0.4765792730955328
DBB_2025,Don't Burn for Beauty,Social Impact,Young Adults,youtube,2025-06-28,5179.92,152075.0,3922.0,194.0,8337.41,False,False,False,0,False,False,False,2.1258057113717492
SS_2025,Summer Sale,Seasonal Sale,Young Adults,email,2025-07-24,2138.59,7211.0,526.0,78.0,5317.4,False,False,False,0,False,False,False,10.10912547528517
PL_2025,Product Launch,Product Launch,Young Adults,youtube,2025-03-21,19270.25,699844.0,30839.0,494.0,36834.71,False,False,False,0,False,False,False,1.1944197282661564
NF_2025,Nature First,Brand Image,Parents,email,2025-05-09,2826.23,36006.0,2431.0,164.0,8874.02,False,False,False,0,False,False,False,3.650357877416701
NF_2025,Nature First,Brand Image,Gen Z,tiktok,2025-05-13,4866.44,252265.0,8117.0,92.0,5049.33,False,False,False,0,False,False,False,0.6220684982136258
NF_2025,Nature First,Brand Image,Parents,instagram,2025-03-01,5331.68,136536.0,3485.0,133.0,8081.34,False,False,False,0,False,False,False,2.3188923959827834
NF_2025,Nature First,Brand Image,Parents,email,2025-03-02,4841.98,29872.0,1218.5,165.0,14167.72,False,True,False,1,True,True,False,11.627180960196963
HP_2025,Holiday Prep,Seasonal Education,Parents,facebook,2025-10-28,5595.25,58027.0,6568.0,1475.0,132613.06,False,False,False,0,False,False,False,20.19078258221681
AAR_2025,Anti-Aging Routine,Product Education,Young Adults,email,2025-04-20,6003.41,33351.0,645.0,502.0,52583.63,False,False,False,1,True,True,False,81.52500775193798
SS_2025,Summer Sale,Seasonal Sale,Parents,facebook,2025-07-19,3340.83,36675.0,1406.0,110.0,6967.54,False,False,False,0,False,False,False,4.955576102418208
AAR_2025,Anti-Aging Routine,Product Education,Young Adults,email,2025-03-11,5287.74,15969.0,837.0,288.0,22939.58,False,False,False,0,False,False,False,27.406905615292715
PL_2025,Product Launch,Product Launch,Young Adults,facebook,2025-01-24,10418.3,192025.0,8227.0,287.0,15853.37,False,False,False,0,False,False,False,1.9269928284915523
TSF_2025,TikTok Skin Fails,Trend Counter,Young Adults,facebook,2025-03-21,5930.48,556588.0,22294.0,229.0,8878.42,False,False,False,0,False,False,False,0.3982425764779761
AAR_2025,Anti-Aging Routine,Product Education,Seniors,facebook,2025-05-30,2987.07,12683.0,476.0,118.0,15817.17,False,False,False,0,False,False,False,33.2293487394958
PL_2025,Product Launch,Product Launch,Young Adults,facebook,2025-01-26,20881.83,621770.0,38443.0,494.0,26746.07,False,False,False,0,False,False,False,0.6957331633847514
AAR_2025,Anti-Aging Routine,Product Education,Seniors,email,2025-04-21,3203.27,11513.0,1481.0,761.0,101561.7,False,False,False,0,False,False,False,68.57643484132343
NF_2025,Nature First,Brand Image,Gen Z,tiktok,2025-03-27,4665.85,140198.0,5162.0,41.0,2367.1,False,False,False,0,False,False,False,0.4585625726462611
AAR_2025,Anti-Aging Routine,Product Education,Seniors,linkedin,2025-03-10,4322.58,8955.0,219.0,37.0,3779.37,False,False,False,0,False,False,False,17.257397260273972
AAR_2025,Anti-Aging Routine,Product Education,Seniors,email,2025-03-05,5192.48,12863.0,587.0,305.0,25310.62,False,False,False,0,False,False,False,43.11860306643952
TSF_2025,TikTok Skin Fails,Trend Counter,Young Adults,youtube,2025-05-25,10648.65,690342.0,112670.0,6778.0,190024.51,False,False,False,0,False,False,False,1.686558178752108
DBB_2025,Don't Burn for Beauty,Social Impact,Young Adults,tiktok,2025-07-20,16315.71,2342287.0,187271.0,1995.0,73925.49,False,False,False,0,False,False,False,0.39475140304692136
AAR_2025,Anti-Aging Routine,Product Education,Seniors,linkedin,2025-05-24,2880.71,5404.0,0.0,0.0,0.0,False,False,False,0,False,False,False,22.099723046488624
SS_2025,Summer Sale,Seasonal Sale,Young Adults,youtube,2025-06-12,23180.3,867829.0,44613.0,1928.0,75794.39,False,False,False,0,False,False,False,1.6989305807724207
AAR_2025,Anti-Aging Routine,Product Education,Young Adults,instagram,2025-05-25,4137.53,58584.0,2290.0,111.0,6051.95,False,False,False,0,False,False,False,2.642772925764192
PL_2025,Product Launch,Product Launch,Seniors,email,2025-02-12,7666.15,47046.0,1631.0,135.0,9664.11,False,False,False,0,False,False,False,5.925266707541386
HP_2025,Holiday Prep,Seasonal Education,Parents,instagram,2025-10-28,5076.49,29238.0,1171.0,149.0,14721.39,False,False,False,0,False,False,False,12.571639624252775
NF_2025,Nature First,Brand Image,Parents,facebook,2025-03-04,3064.42,25551.0,1147.0,24.0,1811.8,False,False,False,0,False,False,False,1.5795989537925021
HP_2025,Holiday Prep,Seasonal Education,Seniors,email,2025-11-04,3134.47,5293.0,572.0,245.0,22512.43,False,False,False,0,False,False,False,39.357395104895105
HP_2025,Holiday Prep,Seasonal Education,Parents,instagram,2025-11-04,4379.9,116499.0,0.0,0.0,0.0,False,False,False,0,False,False,False,22.127674886763966
AAR_2025,Anti-Aging Routine,Product Education,Young Adults,email,2025-05-11,4708.26,22071.0,0.0,0.0,0.0,False,False,False,0,False,False,False,36.645781081712364
TSF_2025,TikTok Skin Fails,Trend Counter,Gen Z,youtube,2025-04-15,5864.5,645243.0,60706.0,11205.0,244170.67,False,False,False,0,False,False,False,4.022183474450631
TSF_2025,TikTok Skin Fails,Trend Counter,Young Adults,youtube,2025-02-06,9152.25,933364.0,23873.0,387.0,13872.39,False,False,False,0,False,False,False,0.5810911908851003
TSF_2025,TikTok Skin Fails,Trend Counter,Young Adults,youtube,2025-05-22,6620.04,540716.0,15604.0,518.0,9448.62,False,False,False,0,False,False,False,0.605525506280441
SS_2025,Summer Sale,Seasonal Sale,Young Adults,email,2025-06-09,10279.23,60388.0,5883.0,1179.0,50222.86,False,False,False,0,False,False,False,8.53694713581506
AAR_2025,Anti-Aging Routine,Product Education,Seniors,email,2025-05-20,4666.42,10589.0,531.0,456.0,62383.02,False,False,False,0,False,False,False,117.48214689265536
AAR_2025,Anti-Aging Routine,Product Education,Adults,facebook,2025-04-19,3749.4,31549.0,1094.0,284.0,34331.94,False,False,False,0,False,False,False,31.38202925045704
SS_2025,Summer Sale,Seasonal Sale,Adults,linkedin,2025-06-07,1810.98,13538.0,1547.0,144.0,10299.1,False,False,False,0,False,False,False,6.657466063348417
SS_2025,Summer Sale,Seasonal Sale,Young Adults,youtube,2025-07-15,2953.17,74238.0,3055.0,337.0,12646.03,False,False,False,0,False,False,False,4.139453355155483
AAR_2025,Anti-Aging Routine,Product Education,Young Adults,email,2025-05-12,3955.74,7100.0,282.0,107.0,6884.84,False,False,False,0,False,False,False,24.414326241134752
BF_2025,Black Friday,Seasonal Sale,Adults,linkedin,2025-11-26,30452.93,315578.0,4967.0,2602.0,140163.38,False,False,False,1,True,True,False,28.218920877793437
SS_2025,Summer Sale,Seasonal Sale,Adults,linkedin,2025-06-20,3719.12,34471.0,1004.0,42.0,2324.25,False,False,False,0,False,False,False,2.3149900398406373
AAR_2025,Anti-Aging Routine,Product Education,Seniors,facebook,2025-03-04,6197.89,14430.0,301.0,29.0,4555.52,False,False,False,0,False,False,False,15.134617940199337
SS_2025,Summer Sale,Seasonal Sale,Parents,facebook,2025-06-19,5226.42,62896.0,2124.0,135.0,8536.12,False,False,False,0,False,False,False,4.018888888888889
PL_2025,Product Launch,Product Launch,Adults,email,2025-03-21,14994.15,102174.0,12629.0,3624.0,404042.9,False,False,False,0,False,False,False,31.993261540897937
NF_2025,Nature First,Brand Image,Parents,instagram,2025-04-08,6603.69,115682.0,4818.0,149.0,9852.04,False,False,False,0,False,False,False,2.044840182648402
AAR_2025,Anti-Aging Routine,Product Education,Adults,linkedin,2025-03-16,5444.83,49013.0,1162.0,116.0,9846.63,False,False,False,0,False,False,False,8.473864027538726
AAR_2025,Anti-Aging Routine,Product Education,Young Adults,email,2025-03-02,4044.19,6527.0,303.0,121.0,8013.2,False,False,False,0,False,False,False,26.446204620462044
AAR_2025,Anti-Aging Routine,Product Education,Adults,email,2025-02-01,5427.74,25710.0,2155.0,825.0,51701.55,False,False,False,0,False,False,False,23.991438515081207
BF_2025,Black Friday,Seasonal Sale,Parents,facebook,2025-11-28,8303.23,65871.0,4009.0,737.0,47299.29,False,False,False,0,False,False,False,11.798276378149165
PL_2025,Product Launch,Product Launch,Adults,email,2025-01-28,22263.59,289785.0,25619.0,4452.0,223138.0,False,False,False,0,False,False,True,8.709877626083228
AAR_2025,Anti-Aging Routine,Product Education,Young Adults,youtube,2025-02-17,3758.19,57100.0,1695.0,283.0,19975.37,False,False,False,0,False,False,False,11.784879056047197
AAR_2025,Anti-Aging Routine,Product Education,Young Adults,email,2025-03-18,4250.12,20535.0,1519.0,259.0,23599.92,False,False,True,0,False,False,False,15.536484529295588
DBB_2025,Don't Burn for Beauty,Social Impact,Adults,linkedin,2025-06-29,6666.45,169529.0,9552.0,371.0,11448.11,False,False,False,0,False,False,False,1.1985039782244558
AAR_2025,Anti-Aging Routine,Product Education,Adults,facebook,2025-01-21,3908.74,12949.0,364.0,146.0,18069.71,False,False,False,0,False,False,False,49.64206043956044
SCA_2025,Skin Cancer Awareness,Educational Awareness,Young Adults,youtube,2025-05-16,10968.2,543343.0,15754.0,297.0,9579.44,False,False,False,1,True,True,False,0.6080639837501587
NF_2025,Nature First,Brand Image,Young Adults,instagram,2025-03-06,6131.64,105560.0,2706.0,58.0,3269.74,False,False,False,0,False,False,False,1.208329637841833
SCA_2025,Skin Cancer Awareness,Educational Awareness,Seniors,youtube,2025-05-29,6058.35,259464.0,29267.0,688.0,22207.65,False,False,False,0,False,False,False,0.7587948884409061
SS_2025,Summer Sale,Seasonal Sale,Young Adults,youtube,2025-05-13,4568.81,248288.0,14676.0,2173.0,116456.63,False,False,False,0,False,False,False,7.935175115835378
SCA_2025,Skin Cancer Awareness,Educational Awareness,Young Adults,youtube,2025-05-25,9614.04,485366.0,7975.0,156.0,5426.16,False,False,False,0,False,False,False,0.6803962382445141
BF_2025,Black Friday,Seasonal Sale,Seniors,facebook,2025-12-04,6605.45,62552.0,3830.0,921.0,84100.39,False,False,False,0,False,False,False,21.95832637075718
SS_2025,Summer Sale,Seasonal Sale,Adults,linkedin,2025-06-04,6189.64,84723.0,0.0,0.0,0.0,False,False,False,0,False,False,False,6.202856283824414
SS_2025,Summer Sale,Seasonal Sale,Parents,facebook,2025-06-24,10563.49,104045.0,5375.0,221.0,14140.62,False,False,False,0,False,False,False,2.630813023255814
BF_2025,Black Friday,Seasonal Sale,Seniors,email,2025-12-05,17398.35,156629.0,9353.0,3670.0,366342.65,False,False,False,0,False,False,False,39.16846466374425
HP_2025,Holiday Prep, Seasonal Education,Adults,instagram,2025-05-11,5531.17,81686.0,3890.0,1408.0,102908.24,False,False,False,0,False,False,False,26.454560411311057
AAR_2025,Anti-Aging Routine,Product Education,Adults,linkedin,2025-03-02,6319.49,33975.0,487.0,176.0,20169.24,False,False,False,1,True,True,False,41.4152772073922
HP_2025,Holiday Prep,Seasonal Education,Parents,instagram,2025-11-09,6390.44,25709.0,1090.0,500.0,40424.82,False,False,False,0,False,False,False,37.086990825688076
SS_2025,Summer Sale,Seasonal Sale,Parents,instagram,2025-06-22,6944.2,117718.0,4998.0,454.0,49755.16,False,False,True,0,False,False,False,9.955014005602242
DBB_2025,Don't Burn for Beauty,Social Impact,Gen Z,youtube,2025-07-22,3441.32,270648.0,0.0,0.0,0.0,False,False,False,0,False,False,False,1.2543555413413905
BF_2025,Black Friday,Seasonal Sale,Young Adults,tiktok,2025-11-24,69470.4,1327032.0,134817.0,8563.0,685863.23,False,False,False,0,False,False,False,5.0873645756840755
SS_2025,Summer Sale,Seasonal Sale,Parents,email,2025-05-21,15898.21,135168.0,5084.0,981.0,42397.37,False,False,False,0,False,False,False,8.339372541306059
SS_2025,Summer Sale,Seasonal Sale,Parents,instagram,2025-07-18,2796.11,32148.0,1719.0,198.0,10455.45,False,False,False,0,False,False,False,6.082286212914486
PL_2025,Product Launch,Product Launch,Adults,youtube,2025-02-26,24994.79,606568.0,20258.0,952.0,82333.84,False,False,False,0,False,False,False,4.064263007207029
AAR_2025,Anti-Aging Routine,Product Education,Seniors,email,2025-03-15,2943.68,5895.0,171.0,38.0,4393.8,False,False,False,0,False,False,False,25.694736842105264
BF_2025,Black Friday,Seasonal Sale,Adults,linkedin,2025-11-18,18638.93,102977.0,7315.0,1282.0,175531.78,False,False,True,0,False,False,False,23.99614217361586
PL_2025,Product Launch,Product Launch,Young Adults,instagram,2025-02-28,10317.13,158213.0,5407.0,124.0,10964.57,False,False,False,0,False,False,False,2.027847235065656
SS_2025,Summer Sale,Seasonal Sale,Adults,email,2025-06-14,5601.58,29104.0,2179.0,631.0,47664.68,False,True,False,0,False,False,False,21.874566314823312
SS_2025,Summer Sale,Seasonal Sale,Adults,linkedin,2025-06-03,4718.51,65370.0,1810.0,206.0,12462.46,False,False,False,0,False,False,False,6.885337016574585
AAR_2025,Anti-Aging Routine,Product Education,Young Adults,instagram,2025-04-11,8330.29,50349.0,1467.0,149.0,8266.45,False,False,False,0,False,False,False,5.6349352419904575
AAR_2025,Anti-Aging Routine,Product Education,Adults,youtube,2025-05-24,5575.11,29684.0,1343.0,425.0,26778.27,False,False,False,0,False,False,False,19.93914370811616
AAR_2025,Anti-Aging Routine,Product Education,Adults,linkedin,2025-02-14,2553.04,6871.0,321.0,85.0,6828.64,False,False,False,0,False,False,False,21.273021806853585
AAR_2025,Anti-Aging Routine,Product Education,Young Adults,instagram,2025-01-29,5978.42,46811.0,1867.0,202.0,15880.25,False,False,False,0,False,False,False,8.505757900374933
SS_2025,Summer Sale,Seasonal Sale,Young Adults,email,2025-06-29,5951.74,80932.0,3526.0,1185.0,72629.24,False,False,False,0,False,False,False,20.59819625638117
TSF_2025,TikTok Skin Fails,Trend Counter,Young Adults,youtube,2025-06-08,20156.05,1776091.0,39111.0,2719.0,96197.87,False,False,True,0,False,False,False,2.4596116182148244
SS_2025,Summer Sale,Seasonal Sale,Parents,email,2025-06-12,4556.31,79852.0,3898.0,793.0,53490.1,False,False,False,0,False,False,False,13.722447408927655
DBB_2025,Don't Burn for Beauty,Social Impact,Young Adults,facebook,2025-07-07,16970.25,501639.0,19945.0,515.0,27053.0,False,False,False,0,False,False,True,1.356402540054723
AAR_2025,Anti-Aging Routine,Product Education,Adults,youtube,2025-03-12,3151.04,34084.0,637.0,128.0,12129.06,False,False,False,0,False,False,False,19.040910518053373
NF_2025,Nature First,Brand Image,Gen Z,youtube,2025-03-23,7469.96,158195.0,6491.0,216.0,17712.5,False,False,False,0,False,False,False,2.728778308427053
AAR_2025,Anti-Aging Routine,Product Education ,Adults,email,2025-02-16,3465.26,25417.0,1947.0,349.0,30493.1,False,False,False,0,False,False,False,15.661581920903954
BF_2025,Black Friday,Seasonal Sale,Gen Z,youtube,2025-11-24,24480.44,892044.0,94879.0,25804.0,1641506.5,False,False,False,0,False,False,False,17.301051866060984
BF_2025,Black Friday,Seasonal Sale,Seniors,facebook,2025-11-24,9254.72,69422.0,3825.0,458.0,40680.44,False,False,False,0,False,False,False,10.635409150326797
DBB_2025,Don't Burn for Beauty,Social Impact,Young Adults,tiktok,2025-08-08,5734.68,335552.0,31175.0,500.0,11530.89,False,False,False,0,False,False,False,0.36987618283881313
AAR_2025,Anti-Aging Routine,Product Education,Adults,email,2025-04-14,5123.58,16200.0,759.0,339.0,32215.83,False,False,False,0,False,False,False,42.445098814229254
SS_2025,Summer Sale,Seasonal Sale,Gen Z,youtube,2025-06-18,8774.22,297097.0,15289.0,1000.0,35355.92,False,False,False,0,False,False,False,2.312507031198901
DBB_2025,Don't Burn for Beauty,Social Impact,Gen Z,tiktok,2025-07-21,3980.55,279515.0,9603.0,159.0,3323.52,False,False,False,0,False,False,False,0.34609184629803186
PL_2025,Product Launch,Product Launch,Adults,email,2025-03-20,17699.98,142054.0,12121.0,937.0,105572.0,False,False,False,0,False,False,True,8.709877626083228
AAR_2025,Anti-Aging Routine,Product Education,Young Adults,instagram,2025-03-08,6668.31,51426.0,4540.0,1036.0,81073.84,False,False,False,0,False,False,False,17.857674008810573
SS_2025,Summer Sale,Seasonal Sale,Young Adults,email,2025-07-01,6400.42,34686.0,1899.0,385.0,24433.14,False,False,False,0,False,False,False,12.866319115323854
SS_2025,Summer Sale,Seasonal Sale,Adults,linkedin,2025-05-16,6140.53,55647.0,2421.0,213.0,14890.41,False,False,False,0,False,False,False,6.150520446096654
SS_2025,Summer Sale,Seasonal Sale,Young Adults,instagram,2025-07-18,7891.03,91512.0,4678.0,353.0,17792.36,False,False,False,0,False,False,False,3.8034117144078667
NF_2025,Nature First,Brand Image,Parents,email,2025-04-03,3399.79,12922.0,2018.0,146.0,13548.57,False,False,False,0,False,False,False,6.713860257680872
DBB_2025,Don't Burn for Beauty,Social Impact,Adults,youtube,2025-06-29,10274.29,445346.0,24449.0,739.0,28783.15,False,False,False,0,False,False,False,1.177273099104258
SS_2025,Summer Sale,Seasonal Sale,Adults,linkedin,2025-06-06,4553.16,88596.0,4499.0,328.0,21720.45,False,False,False,0,False,False,False,4.82783951989331
TSF_2025,TikTok Skin Fails,Trend Counter,Gen Z,tiktok,2025-05-28,9721.27,1964932.0,225029.0,1641.0,81291.9,False,False,False,0,False,False,False,0.3612507721227042
HP_2025,Holiday Prep,Seasonal Education,Adults,instagram,2025-11-17,5543.64,31558.0,2904.0,1324.0,75197.15,False,False,False,0,False,False,False,25.894335399449034
PL_2025,Product Launch,Product Launch,Young Adults,instagram,2025-01-30,7181.31,257781.0,12982.0,1042.0,62871.96,False,False,False,0,False,False,False,4.843010321984286
AAR_2025,Anti-Aging Routine,Product Education,Young Adults,youtube,2025-03-15,5205.0,73080.0,5556.0,759.0,46353.01,False,False,False,0,False,False,False,8.342874370050396
AAR_2025,Anti-Aging Routine,Product Education,Adults,email,2025-04-02,3261.05,5540.0,294.0,146.0,10926.17,False,False,False,0,False,False,False,37.16384353741497
SS_2025,Summer Sale,Seasonal Sale,Young Adults,facebook,2025-06-04,9534.19,406355.0,11021.0,1233.0,63551.77,False,False,False,0,False,False,False,5.76642500680519
NF_2025,Nature First,Brand Image,Young Adults,linkedin,2025-05-19,5871.67,26064.0,1291.0,40.0,2771.59,False,False,False,0,False,False,False,2.1468551510457012
AAR_2025,Anti-Aging Routine,Product Education,Young Adults,youtube,2025-04-05,6475.75,97216.0,2969.0,319.0,28896.48,False,False,False,0,False,False,False,9.732731559447625
SCA_2025,Skin Cancer Awareness,Educational Awareness,Young Adults,tiktok,2025-05-12,4808.68,429447.0,8027.0,9.0,382.45,False,False,False,0,False,False,False,0.04764544661766538
NF_2025,Nature First,Brand Image,Parents,email,2025-05-25,3935.32,28962.0,2304.0,174.0,9824.25,False,False,False,0,False,False,False,4.263997395833333
SS_2025,Summer Sale,Seasonal Sale,Young Adults,instagram,2025-05-19,6732.39,125332.0,0.0,0.0,0.0,False,False,False,0,False,False,False,5.515245255411358
AAR_2025,Anti-Aging Routine,Product Education,Young Adults,facebook,2025-03-04,7735.04,29718.0,0.0,0.0,0.0,False,False,False,0,False,False,False,18.332014213994107
SS_2025,Summer Sale,Seasonal Sale,Young Adults,youtube,2025-06-24,14038.26,1083467.0,48315.0,7334.0,291739.94,False,False,False,0,False,False,False,6.038289144158129
AAR_2025,Anti-Aging Routine,Product Education,Adults,youtube,2025-04-03,4074.34,45452.0,2479.0,302.0,35944.92,False,False,False,0,False,False,False,14.499766034691406
TSF_2025,TikTok Skin Fails,Trend Counter,Young Adults,facebook,2025-05-17,9778.48,772860.0,97230.0,1182.0,38454.42,False,False,False,0,False,False,False,0.39549953717988273
AAR_2025,Anti-Aging Routine,Product Education,Adults,youtube,2025-05-30,5059.66,52453.5,0.0,0.0,0.0,True,False,False,0,False,False,False,14.135952140908914
NF_2025,Nature First,Brand Image,Gen Z,youtube,2025-06-04,6291.1,133791.0,5467.0,87.0,5071.43,False,False,False,0,False,False,False,0.9276440460947504
SS_2025,Summer Sale,Seasonal Sale,Adults,email,2025-07-25,6153.39,40090.0,3855.0,422.0,20494.0,False,False,False,0,False,False,False,5.31621271076524
SS_2025,Summer Sale,Seasonal Sale,Parents,facebook,2025-06-28,5765.4,78681.0,3741.0,234.0,12626.44,False,False,False,0,False,False,False,3.3751510291365947
SS_2025,Summer Sale,Seasonal Sale,Young Adults,email,2025-06-21,4049.99,15850.0,1311.0,562.0,20777.26,False,False,False,0,False,False,False,15.848405797101448
AAR_2025,Anti-Aging Routine,Product Education,Seniors,linkedin,2025-05-23,5941.8,20114.0,437.0,87.0,11282.62,False,False,False,0,False,False,False,25.818352402745997
SS_2025,Summer Sale,Seasonal Sale,Young Adults,email,2025-07-02,3649.72,24000.0,2196.0,396.0,22921.48,False,False,False,0,False,False,False,10.43783242258652
AAR_2025,Anti-Aging Routine,Product Education,Adults,facebook,2025-05-20,3530.86,28494.0,1587.0,560.0,53239.3,False,False,False,0,False,False,False,33.5471329552615
TSF_2025,TikTok Skin Fails,Trend Counter,Gen Z,youtube,2025-04-24,10466.62,1115828.0,52436.0,1956.0,43828.96,False,False,False,0,False,False,False,0.8358562819437028
NF_2025,Nature First,Brand Image,Parents,instagram,2025-04-29,3243.58,50197.0,1025.0,18.0,1573.0,False,False,False,0,False,False,True,1.5345451262600327
NF_2025,Nature First,Brand Image,Young Adults,linkedin,2025-03-22,6426.82,67053.0,1147.0,31.0,1942.83,False,False,False,0,False,False,False,1.6938360941586748
SS_2025,Summer Sale,Seasonal Sale,Parents,instagram,2025-06-23,3099.74,17399.0,924.0,89.0,3556.18,False,False,False,0,False,False,False,3.8486796536796537
AAR_2025,Anti-Aging Routine,Product Education,Young Adults,instagram,2025-05-11,3369.21,65575.0,2737.0,579.0,51605.14,False,False,False,0,False,False,False,18.854636463280965
HP_2025,Holiday Prep,Seasonal Education,Adults,email,2025-11-02,4809.93,11112.0,1156.0,716.0,61555.3,False,False,False,0,False,False,False,53.24852941176471
SS_2025,Summer Sale,Seasonal Sale,Gen Z,youtube,2025-06-05,8670.76,321993.0,17005.0,2573.0,88582.01,False,False,False,0,False,False,False,5.209174360482211
DBB_2025,Don't Burn for Beauty,Social Impact,Gen Z,instagram,2025-08-04,19451.55,931131.0,46566.0,3671.0,128031.74,False,False,False,0,False,False,False,2.7494682815788343
AAR_2025,Anti-Aging Routine,Product Education,Young Adults,instagram,2025-05-14,3604.97,42077.0,2336.0,149.0,10358.88,False,False,False,0,False,False,False,4.43445205479452
TSF_2025,TikTok Skin Fails,Trend Counter,Gen Z,instagram,2025-03-27,34877.72,2141115.0,160872.0,5606.0,267124.98,False,False,False,0,False,False,False,1.660481500820528
AAR_2025,Anti-Aging Routine,Product Education,Adults,facebook,2025-05-09,4418.78,27874.0,1339.0,246.0,30753.95,False,False,False,0,False,False,False,22.96784914115011
DBB_2025,Don't Burn for Beauty,Social Impact,Adults,linkedin,2025-08-05,4762.14,60806.0,2837.0,143.0,6456.52,False,False,False,0,False,False,False,2.275826577370462
SCA_2025,Skin Cancer Awareness,Educational Awareness,Young Adults,tiktok,2025-05-03,12301.24,1282757.0,43430.0,307.0,12457.52,False,False,False,0,False,False,False,0.28684135390283216
AAR_2025,Anti-Aging Routine,Product Education,Adults,facebook,2025-02-02,4913.45,20042.0,829.0,212.0,16284.86,False,False,False,0,False,False,False,19.643980699638117
SCA_2025,Skin Cancer Awareness,Educational Awareness,Young Adults,youtube,2025-05-03,13839.73,2883344.0,65679.0,425.0,13290.14,False,False,False,0,False,False,False,0.20234991397554772
NF_2025,Nature First,Brand Image,Parents,instagram,2025-04-23,3536.37,26108.0,329.0,8.0,628.45,False,False,False,0,False,False,False,1.9101823708206689
AAR_2025,Anti-Aging Routine,Product Education,Seniors,facebook,2025-02-04,4884.43,41595.0,806.0,193.0,22641.56,False,False,False,0,False,False,False,28.091265508684867
PL_2025,Product Launch,Product Launch,Adults,email,2025-01-24,8777.14,98467.0,8804.0,169.0,16891.87,False,False,False,0,False,False,False,1.9186585642889595
PL_2025,Product Launch,Product Launch,Seniors,facebook,2025-02-12,12817.62,146163.0,3749.0,144.0,15913.41,False,False,False,0,False,False,False,4.244707922112563
DBB_2025,Don't Burn for Beauty,Social Impact,Young Adults,facebook,2025-07-11,10815.08,415708.0,39117.0,843.0,27436.06,False,False,False,0,False,False,False,0.7013845642559501
AAR_2025,Anti-Aging Routine,Product Education,Young Adults,facebook,2025-04-22,6978.88,106864.0,4301.0,671.0,67535.95,False,False,False,0,False,False,False,15.702383166705417
NF_2025,Nature First,Brand Image,Young Adults,youtube,2025-02-24,6219.68,128621.0,5672.0,117.0,7779.51,False,False,False,0,False,False,False,1.3715638222849083
PL_2025,Product Launch,Product Launch,Young Adults,facebook,2025-03-14,12756.51,315950.0,25626.0,1355.0,124635.54,False,False,False,0,False,False,False,4.86363615078436
AAR_2025,Anti-Aging Routine,Product Education,Seniors,linkedin,2025-05-13,2870.14,5423.0,178.0,56.0,8326.66,False,False,False,0,False,False,False,46.778988764044946
AAR_2025,Anti-Aging Routine,Product Education,Adults,youtube,2025-05-20,4279.73,43533.0,1427.0,523.0,40071.12,False,False,False,0,False,False,False,28.080672740014016
NF_2025,Nature First,Brand Image,Gen Z,youtube,2025-04-09,6877.2,140270.0,4005.0,309.0,5580.0,False,False,False,0,False,False,True,1.393211034107895
AAR_2025,Anti-Aging Routine,Product Education,Adults,youtube,2025-01-22,4439.04,39563.0,1139.0,139.0,13130.71,False,False,False,0,False,False,False,11.528279192273924
SS_2025,Summer Sale,Seasonal Sale,Parents,instagram,2025-07-20,2536.18,28026.0,2705.0,304.0,20062.79,False,False,False,0,False,False,False,7.416927911275416
SS_2025,Summer Sale,Seasonal Sale,Parents,email,2025-06-28,6698.16,24179.0,1945.0,342.0,24099.67,False,False,False,0,False,False,False,12.390575835475577
AAR_2025,Anti-Aging Routine,Product Education,Adults,youtube,2025-04-24,4949.61,45001.0,3603.0,827.0,58046.06,False,False,False,0,False,False,False,16.110480155426032
SCA_2025,Skin Cancer Awareness,Educational Awareness,Adults,facebook,2025-05-11,7300.36,179270.0,4732.0,52.0,1443.77,False,False,False,0,False,False,False,0.30510777683854606
AAR_2025,Anti-Aging Routine,Product Education,Seniors,email,2025-04-09,4022.39,10980.0,485.0,602.0,48582.9,False,False,False,0,False,False,False,100.17092783505154
NF_2025,Nature First,Brand Image,Gen Z,tiktok,2025-04-22,7265.16,322643.0,11054.0,229.0,10459.02,False,False,False,0,False,False,False,0.9461751402207346
SS_2025,Summer Sale,Seasonal Sale,Gen Z,instagram,2025-06-17,3003.61,89480.0,6655.0,656.0,22561.43,False,False,False,0,False,False,False,3.390147257700977
TSF_2025,TikTok Skin Fails,Trend Counter,Young Adults,facebook,2025-05-29,1074.09,83905.0,2859.0,50.0,1642.83,False,False,False,0,False,False,False,0.5746169989506821
AAR_2025,Anti-Aging Routine,Product Education,Seniors,email,2025-03-31,3030.18,4318.0,179.0,148.0,19366.48,False,False,False,0,False,False,False,108.19262569832402
PL_2025,Product Launch,Product Launch,Young Adults,facebook,2025-01-23,17382.95,292977.0,19310.0,424.0,32228.3,False,False,False,0,False,False,False,1.6689953392024857
SS_2025,Summer Sale,Seasonal Sale,Gen Z,tiktok,2025-05-15,10271.56,412907.0,25831.0,1309.0,75761.97,False,False,False,0,False,False,False,2.932986334249545
DBB_2025,Don't Burn for Beauty,Social Impact,Gen Z,tiktok,2025-08-02,6455.39,901615.0,55772.0,288.0,6270.54,False,False,False,0,False,False,False,0.11243168615075665
AAR_2025,Anti-Aging Routine,Product Education,Adults,linkedin,2025-03-26,3683.57,20799.0,1340.0,96.0,19018.91,False,False,True,0,False,False,False,14.193216417910447
SCA_2025,Skin Cancer Awareness,Educational Awareness,Adults,facebook,2025-06-04,12532.75,286115.0,0.0,0.0,0.0,False,False,False,0,False,False,False,0.6426069075874439
SS_2025,Summer Sale,Seasonal Sale,Parents,email,2025-06-04,8278.47,30655.0,2846.0,1517.0,105159.57,False,False,False,0,False,False,False,36.94995432185524
AAR_2025,Anti-Aging Routine,Product Education,Seniors,facebook,2025-05-10,6995.64,52187.0,1259.0,239.0,29987.09,False,False,False,0,False,False,False,23.818181096108024
AAR_2025,Anti-Aging Routine,Product Education,Young Adults,youtube,2025-04-24,4254.61,54069.0,1474.0,260.0,25593.62,False,False,False,0,False,False,False,17.36337856173677
NF_2025,Nature First,Brand Image,Young Adults,instagram,2025-02-17,7662.06,217545.0,4906.0,36.0,2430.4,False,False,False,0,False,False,False,0.49539339584182635
PL_2025,Product Launch,Product Launch,Adults,instagram,2025-03-15,19115.47,385867.0,19455.0,471.0,31723.82,False,False,False,0,False,False,False,1.6306255461320998
TSF_2025,TikTok Skin Fails,Trend Counter,Young Adults,instagram,2025-05-11,10373.08,467984.0,46453.0,4938.0,151292.84,False,False,False,0,False,False,False,3.2569013841947774
AAR_2025,Anti-Aging Routine,Product Education,Seniors,facebook,2025-04-18,3972.04,17270.0,438.0,161.0,24481.85,False,False,False,0,False,False,False,55.894634703196346
AAR_2025,Anti-Aging Routine,Product Education,Young Adults,email,2025-03-20,5384.25,10500.0,563.0,154.0,8583.64,False,False,False,0,False,False,False,15.246252220248667
PL_2025,Product Launch,Product Launch,Adults,facebook,2025-03-25,9014.05,296717.0,15955.0,435.0,30553.72,False,False,False,0,False,False,False,1.914993418990912
NF_2025,Nature First,Brand Image,Young Adults,linkedin,2025-02-26,4948.76,16371.0,443.0,4.0,367.42,False,False,False,0,False,False,False,0.829390519187359
NF_2025,Nature First,Brand Image,Young Adults,linkedin,2025-02-24,6613.74,54748.0,2609.0,76.0,5688.74,False,False,False,0,False,False,False,2.1804292832502874
TSF_2025,TikTok Skin Fails,Trend Counter,Gen Z,instagram,2025-03-15,4241.55,294934.0,5450.0,185.0,6158.16,False,False,False,0,False,False,False,1.129937614678899
SS_2025,Summer Sale,Seasonal Sale,Young Adults,email,2025-07-19,6692.73,47912.0,3537.0,602.0,36065.58,False,False,False,0,False,False,False,10.19665818490246
PL_2025,Product Launch,Product Launch,Young Adults,tiktok,2025-02-11,6906.41,347874.0,14349.0,619.0,35619.0,False,False,False,0,False,False,False,2.4823332636420656
PL_2025,Product Launch, Product Launch,Seniors,linkedin,2025-01-18,5632.61,52283.0,2924.0,95.0,7532.47,False,False,False,0,False,False,False,2.5760841313269496
DBB_2025,Don't Burn for Beauty,Social Impact,Young Adults,youtube,2025-08-12,3006.62,86558.0,2615.0,124.0,4770.05,False,False,False,0,False,False,False,1.824110898661568
AAR_2025,Anti-Aging Routine,Product Education,Seniors,facebook,2025-01-31,4310.74,9733.0,123.0,43.0,5887.31,False,False,False,0,False,False,False,47.86430894308943
SS_2025,Summer Sale,Seasonal Sale,Adults,linkedin,2025-07-14,3148.33,19881.0,382.0,30.0,1732.57,False,False,False,0,False,False,False,4.535523560209424
AAR_2025,Anti-Aging Routine,Product Education,Adults,linkedin,2025-03-09,4487.57,13554.0,362.0,61.0,7702.21,False,False,False,0,False,False,False,21.27682320441989
NF_2025,Nature First,Brand Image,Parents,facebook,2025-03-30,2991.47,16138.0,729.0,18.0,1583.47,False,False,False,0,False,False,False,2.1721124828532234
SS_2025,Summer Sale,Seasonal Sale,Young Adults,email,2025-06-03,2173.74,39636.0,9453.0,2145.0,132145.27,False,False,False,0,False,False,False,13.979188617370147
TSF_2025,TikTok Skin Fails,Trend Counter,Gen Z,instagram,2025-04-01,5308.9,522658.0,16637.0,1419.0,39620.62,False,False,False,0,False,False,False,2.38147622768528
SS_2025,Summer Sale,Seasonal Sale,Adults,email,2025-07-08,3466.45,19471.0,1297.0,155.0,9914.12,False,False,False,0,False,False,False,7.643885890516577
NF_2025,Nature First,Brand Image,Young Adults,youtube,2025-04-05,5703.31,68583.0,4266.0,71.0,5119.18,False,False,False,0,False,False,False,1.1999953117674638
NF_2025,Nature First,Brand Image,Young Adults,instagram,2025-12-04,5439.95,59055.0,1298.0,21.0,1376.18,False,False,False,0,False,False,False,1.0602311248073961
NF_2025,Nature First,Brand Image,Parents,facebook,2025-04-17,6386.04,35608.0,962.0,12.0,739.77,False,False,False,0,False,False,False,0.7689916839916839
TSF_2025,TikTok Skin Fails,Trend Counter,Young Adults,tiktok,2025-06-10,4280.52,360559.0,16217.0,140.0,5562.41,False,False,False,0,False,False,False,0.3429987050625886
SCA_2025,Skin Cancer Awareness,Educational Awareness,Seniors,youtube,2025-05-20,7542.56,601847.0,20108.0,246.5,9680.69,False,False,True,0,False,False,False,0.4814347523373782
DBB_2025,Don't Burn for Beauty,Social Impact,Adults,youtube,2025-07-06,5568.39,333832.0,28712.0,771.0,25096.9,False,False,False,0,False,False,False,0.8740909724157148
AAR_2025,Anti-Aging Routine,Product Education,Young Adults,youtube,2025-02-08,3347.4,21827.0,1315.0,181.0,14742.82,False,False,False,0,False,False,False,11.211269961977186
SCA_2025,Skin Cancer Awareness,Educational Awareness,Young Adults,youtube,2025-05-10,10049.0,855929.0,19396.0,151.0,3852.22,False,False,False,0,False,False,False,0.19860899154464837
SS_2025,Summer Sale,Seasonal Sale,Adults,facebook,2025-06-07,5601.78,76524.0,2842.0,405.0,31006.96,False,False,False,0,False,False,False,10.910260380014074
DBB_2025,Don't Burn for Beauty,Social Impact,Gen Z,youtube,2025-07-16,2819.14,188440.0,18125.0,228.0,7987.13,False,False,False,0,False,False,False,0.44066924137931035
DBB_2025,Don't Burn for Beauty,Social Impact,Adults,youtube,2025-07-08,3815.74,136809.0,11881.0,513.0,22898.79,False,False,False,0,False,False,False,1.9273453413012374
TSF_2025,TikTok Skin Fails,Trend Counter,Young Adults,tiktok,2025-06-06,2063.48,150143.0,7702.0,114.0,1794.39,False,False,False,0,False,False,False,0.23297714879252143
DBB_2025,Don't Burn for Beauty,Social Impact,Gen Z,tiktok,2025-08-06,17746.38,1182680.0,0.0,0.0,0.0,False,False,False,0,False,False,False,0.514658463901895
PL_2025,Product Launch,Product Launch,Adults,email,2025-03-11,12578.43,54391.0,0.0,0.0,0.0,False,False,False,0,False,False,False,8.709877626083228
AAR_2025,Anti-Aging Routine,Product Education,Seniors,facebook,2025-04-13,2531.49,10543.0,152.0,52.0,5921.03,False,False,False,0,False,False,False,38.9541447368421
AAR_2025,Anti-Aging Routine, Product Education,Seniors,email,2025-04-03,3673.24,7171.0,324.0,228.0,35346.71,False,False,False,0,False,False,False,109.09478395061728
SS_2025,Summer Sale,Seasonal Sale,Gen Z,youtube,2025-06-02,5145.59,110509.0,4793.0,731.0,25149.0,False,False,False,0,False,False,False,5.247026914249948
PL_2025,Product Launch,Product Launch,Seniors,facebook,2025-03-05,11883.78,125866.0,5212.0,172.0,13403.9,False,False,False,0,False,False,False,2.5717382962394475
NF_2025,Nature First,Brand Image,Parents,instagram,2025-03-06,3871.66,16322.0,365.0,4.0,365.7,False,False,False,0,False,False,False,1.001917808219178
TSF_2025,TikTok Skin Fails,Trend Counter,Gen Z,tiktok,2025-03-12,12779.32,1425294.0,47506.0,920.0,20842.28,False,True,False,0,False,False,False,0.4387294236517492
AAR_2025,Anti-Aging Routine,Product Education,Young Adults,email,2025-02-19,5338.04,33832.0,2229.0,1091.0,64689.35,False,False,False,0,False,False,False,29.021691341408705
SS_2025,Summer Sale,Seasonal Sale,Adults,email,2025-05-29,5601.58,68019.0,2868.0,486.0,22612.49,False,True,False,0,False,False,False,7.8844107391910745
NF_2025,Nature First,Brand Image,Gen Z,youtube,2025-03-15,5179.09,186882.0,3066.0,35.0,1697.8,False,False,False,0,False,False,False,0.553750815394651
NF_2025,Nature First,Brand Image,Young Adults,youtube,2025-05-17,5430.65,104682.0,3430.0,75.0,5710.11,False,False,False,0,False,False,False,1.6647551020408162
BF_2025,Black Friday,Seasonal Sale,Seniors,email,2025-12-02,7762.24,42207.0,4146.0,2628.0,148468.71,False,False,False,0,False,False,False,35.810108538350214
NF_2025,Nature First,Brand Image,Gen Z,youtube,2025-03-21,4107.83,76911.0,4164.0,90.0,4597.95,False,False,False,0,False,False,False,1.10421469740634
AAR_2025,Anti-Aging Routine,Product Education,Young Adults,facebook,2025-02-16,4964.25,64411.0,3302.0,414.0,38218.71,False,False,False,0,False,False,False,11.574412477286494
TSF_2025,TikTok Skin Fails,Trend Counter,Young Adults,tiktok,2025-04-20,12010.58,1845510.0,103679.0,5239.0,298365.94,False,False,False,0,False,False,False,2.877785665371001
AAR_2025,Anti-Aging Routine,Product Education,Young Adults,instagram,2025-04-28,5614.85,34302.0,605.0,69.0,3861.1,False,False,False,0,False,False,False,6.38198347107438
TSF_2025,TikTok Skin Fails,Trend Counter,Gen Z,tiktok,2025-06-04,29191.22,4004555.0,81723.0,450.0,7115.76,False,False,False,0,False,False,False,0.08707169340332588
NF_2025,Nature First,Brand Image ,Young Adults,youtube,2025-04-24,3773.62,92721.0,3857.0,107.0,9465.91,False,False,False,0,False,False,False,2.4542157116930254
SCA_2025,Skin Cancer Awareness,Educational Awareness,Adults,facebook,2025-05-01,9615.07,263265.0,6173.0,116.0,3090.98,False,False,False,0,False,False,False,0.5007257411307307
AAR_2025,Anti-Aging Routine,Product Education,Seniors,facebook,2025-03-01,5030.39,23001.0,756.0,217.0,32173.88,False,False,False,0,False,False,False,42.558042328042326
NF_2025,Nature First,Brand Image,Young Adults,instagram,2025-04-03,9523.49,213452.0,13024.0,246.0,20133.75,False,False,False,0,False,False,False,1.545896038083538
AAR_2025,Anti-Aging Routine,Product Education,Adults,facebook,2025-02-05,4472.18,27485.0,684.0,188.0,23465.66,False,False,False,0,False,False,False,34.30652046783626
AAR_2025,Anti-Aging Routine,Product Education,Young Adults,instagram,2025-01-27,3418.12,37581.0,1265.0,266.0,27461.59,False,False,False,0,False,False,False,21.70876679841897
AAR_2025,Anti-Aging Routine,Product Education,Seniors,facebook,2025-01-11,4046.18,23646.0,473.0,66.0,6410.35,False,False,False,0,False,False,False,13.552536997885836
PL_2025,Product Launch,Product Launch,Young Adults,tiktok,2025-02-27,7821.38,280327.0,13456.0,565.0,36739.6,False,False,False,0,False,False,False,2.7303507728894174
PL_2025,Product Launch,Product Launch,Young Adults,facebook,2025-03-17,17545.29,421502.0,23244.0,642.0,65728.24,False,False,False,0,False,False,False,2.827750817415247
AAR_2025,Anti-Aging Routine,Product Education,Young Adults,facebook,2025-02-15,3628.77,28742.0,1888.0,213.0,14041.85,False,False,False,0,False,False,False,7.437420550847458
AAR_2025,Anti-Aging Routine,Product Education,Seniors,linkedin,2025-03-29,5041.15,12287.0,251.0,18.0,2413.15,False,False,False,0,False,False,False,9.61414342629482
HP_2025,Holiday Prep,Seasonal Education,Adults,facebook,2025-10-31,7447.49,47328.0,3381.0,626.0,57579.03,False,False,False,0,False,False,False,17.030177462289263
NF_2025,Nature First,Brand Image,Young Adults,linkedin,2025-04-15,4877.88,42655.0,559.0,8.0,572.06,False,False,False,0,False,False,False,1.0233631484794274
PL_2025,Product Launch,Product Launch,Adults,instagram,2025-03-18,4393.39,60423.0,1711.0,38.0,3566.7,False,False,False,0,False,False,False,2.084570426651081
TSF_2025,TikTok Skin Fails,Trend Counter,Gen Z,youtube,2025-04-12,4748.94,542440.0,80034.0,6414.0,97135.0,False,False,False,0,False,False,True,1.2136772700374119
AAR_2025,Anti-Aging Routine,Product Education,Adults,youtube,2025-04-29,2819.57,49266.0,1921.0,845.0,78560.88,False,False,False,0,False,False,False,40.89582509109839
HP_2025,Holiday Prep,Seasonal Education,Seniors,email,2025-11-27,4077.86,21865.0,1468.0,889.0,69594.25,False,False,False,0,False,False,False,47.4075272479564
DBB_2025,Don't Burn for Beauty,Social Impact,Adults,linkedin,2025-08-02,5067.26,139795.0,8178.0,137.0,4084.73,False,False,False,0,False,False,False,0.4994778674492541
PL_2025,Product Launch,Product Launch,Young Adults,instagram,2025-02-12,13228.474999999999,222836.0,15280.0,498.0,32913.93,False,True,False,0,False,False,False,2.154053010471204
AAR_2025,Anti-Aging Routine,Product Education,Adults,youtube,2025-01-29,2657.91,32237.0,656.0,132.0,8900.11,False,False,False,0,False,False,False,13.567240853658538
AAR_2025,Anti-Aging Routine,Product Education,Young Adults,email,2025-03-27,6030.81,16733.0,1475.0,1107.0,114038.63,False,False,False,0,False,False,False,77.31432542372882
NF_2025,Nature First,Brand Image,Parents,facebook,2025-05-14,4648.65,58923.0,1750.0,38.0,2677.49,False,False,False,0,False,False,False,1.5299942857142856
PL_2025,Product Launch,Product Launch,Seniors,email,2025-02-23,15274.46,97614.0,8000.0,1580.0,193834.77,False,False,False,0,False,False,False,24.22934625
AAR_2025,Anti-Aging Routine,Product Education,Seniors,linkedin,2025-02-13,5403.28,22959.0,585.0,78.0,7150.54,False,False,False,0,False,False,False,12.2231452991453
PL_2025,Product Launch,Product Launch,Seniors,facebook,2025-01-15,15363.23,167396.0,4455.0,179.0,14196.89,False,False,False,0,False,False,False,3.1867317620650955
NF_2025,Nature First,Brand Image,Parents,instagram,2025-05-14,6597.24,78246.0,2321.0,102.0,9927.27,False,False,False,0,False,False,False,4.2771520896165445
AAR_2025,Anti-Aging Routine,Product Education,Young Adults,email,2025-03-13,3989.23,21940.0,1759.0,404.0,43692.95,False,False,False,0,False,False,False,24.8396532120523
SS_2025,Summer Sale, Seasonal Sale,Young Adults,email,2025-05-26,17253.43,184752.0,8498.0,3975.0,177895.07,False,False,False,0,False,False,False,20.933757354671688
NF_2025,Nature First,Brand Image,Parents,instagram,2025-03-11,5146.73,43708.0,1640.0,19.0,1819.99,False,False,False,0,False,False,False,1.10975
SS_2025,Summer Sale,Seasonal Sale,Gen Z,tiktok,2025-05-23,5671.91,239600.0,9357.0,621.0,26088.01,False,False,False,0,False,False,False,2.7880741690712836
NF_2025,Nature First,Brand Image,Parents,email,2025-03-30,2714.97,14080.0,1090.0,65.0,5654.91,False,False,False,0,False,False,False,5.187990825688074
AAR_2025,Anti-Aging Routine,Product Education,Adults,facebook,2025-01-26,2992.96,19823.0,411.0,105.0,9751.18,False,False,False,0,False,False,False,23.725498783454988
SCA_2025,Skin Cancer Awareness,Educational Awareness,Seniors,linkedin,2025-05-08,6841.79,80982.0,2382.0,73.0,1979.27,False,False,False,0,False,False,False,0.8309277917716205
PL_2025,Product Launch,Product Launch,Adults,youtube,2025-02-28,7181.07,487301.0,35647.0,573.0,65416.63,False,False,False,0,False,False,False,1.8351230117541448
SS_2025,Summer Sale,Seasonal Sale,Parents,instagram,2025-05-20,3820.92,44150.0,4585.0,502.0,25287.0,False,False,False,1,True,True,True,5.515245255411358
NF_2025,Nature First,Brand Image,Parents,email,2025-05-30,6549.94,22594.0,850.0,40.0,3674.0,False,False,False,0,False,False,True,4.32284649122807
AAR_2025,Anti-Aging Routine,Product Education,Young Adults,facebook,2025-02-08,4614.96,42046.0,1374.0,232.0,16710.44,False,False,False,0,False,False,False,12.161892285298398
NF_2025,Nature First,Brand Image,Parents,email,2025-04-10,3933.14,16026.0,1542.0,110.0,9269.37,False,False,False,0,False,False,False,6.011264591439689
AAR_2025,Anti-Aging Routine,Product Education,Young Adults,email,2025-04-04,4381.11,43783.0,2513.0,682.0,63673.71,False,True,False,0,False,False,False,25.337727815360125
PL_2025,Product Launch,Product Launch,Seniors,email,2025-02-17,15296.62,52956.0,3446.0,277.0,36244.48,False,False,False,0,False,False,False,10.51784097504353
DBB_2025,Don't Burn for Beauty,Social Impact,Young Adults,tiktok,2025-08-06,7216.79,496005.0,36635.0,1085.0,37453.18,False,False,False,0,False,False,False,1.0223332878394977
DBB_2025,Don't Burn for Beauty,Social Impact,Young Adults,youtube,2025-07-30,12278.6,866527.0,44204.0,1391.0,35685.24,False,False,False,0,False,False,False,0.8072853135462854
AAR_2025,Anti-Aging Routine,Product Education,Adults,youtube,2025-04-15,5128.8,44336.0,1131.0,363.0,38398.01,False,False,False,0,False,False,False,33.950495137046865
PL_2025,Product Launch,Product Launch,Seniors,facebook,2025-03-19,7556.59,193244.0,9707.0,555.0,40217.72,False,False,False,0,False,False,False,4.143166786854847
SCA_2025,Skin Cancer Awareness,Educational Awareness,Adults,facebook,2025-06-02,16769.24,573776.0,21065.0,163.0,7472.22,False,False,False,0,False,False,False,0.35472205079515784
NF_2025,Nature First,Brand Image,Gen Z,tiktok,2025-05-04,8322.06,303886.0,8781.0,103.0,4901.47,False,False,False,0,False,False,False,0.5581904111149072
BF_2025,Black Friday,Seasonal Sale,Adults,facebook,2025-11-18,7756.14,141490.0,6866.0,3784.0,325603.94,False,False,False,0,False,False,False,47.42265365569473
TSF_2025,TikTok Skin Fails,Trend Counter,Young Adults,tiktok,2025-05-17,45065.64,2437477.0,258936.0,14144.0,689636.55,False,False,False,0,False,False,False,2.6633475067198074
NF_2025,Nature First,Brand Image,Gen Z,youtube,2025-04-10,8586.73,144276.0,3956.0,60.0,2638.55,False,False,False,0,False,False,False,0.6669742163801821
AAR_2025,Anti-Aging Routine,Product Education,Seniors,email,2025-04-13,2295.17,7353.0,373.0,190.0,13669.0,False,False,False,0,False,False,True,36.645781081712364
SS_2025,Summer Sale, Seasonal Sale,Parents,email,2025-06-22,3399.63,11894.0,1187.0,378.0,27535.73,False,False,False,0,False,False,False,23.197750631844986
NF_2025,Nature First,Brand Image,Young Adults,linkedin,2025-02-21,9161.58,49015.0,1620.0,33.0,2500.69,False,False,False,0,False,False,False,1.543635802469136
HP_2025,Holiday Prep,Seasonal Education,Seniors,facebook,2025-11-06,3495.33,15893.0,502.0,128.0,8629.92,False,False,False,0,False,False,False,17.191075697211154
TSF_2025,TikTok Skin Fails,Trend Counter,Gen Z,youtube,2025-03-17,30259.67,1618237.0,132679.0,16236.0,499170.46,False,False,False,0,False,False,False,3.762241650901801
DBB_2025,Don't Burn for Beauty,Social Impact,Young Adults,tiktok,2025-07-15,4734.66,350780.0,23617.0,506.0,18798.01,False,False,False,0,False,False,False,0.7959524918490917
SS_2025,Summer Sale,Seasonal Sale,Parents,email,2025-07-21,5179.69,18100.0,1520.0,551.0,37076.64,False,False,False,0,False,False,False,24.392526315789475
SS_2025,Summer Sale,Seasonal Sale,Adults,email,2025-06-13,5171.21,52143.0,2290.0,623.0,40480.43,False,False,False,0,False,False,False,17.67704366812227
AAR_2025,Anti-Aging Routine,Product Education,Adults,linkedin,2025-01-29,4925.19,20291.0,471.0,106.0,8319.46,False,False,False,0,False,False,False,17.663397027600848
BF_2025,Black Friday,Seasonal Sale,Young Adults,email,2025-11-27,191533.0,797495.0,152585.0,76272.0,3465323.71,False,False,False,0,False,False,False,22.710775698790837
NF_2025,Nature First,Brand Image,Gen Z,youtube,2025-05-10,6038.06,148216.0,14200.0,130.0,7726.39,False,False,False,0,False,False,False,0.5441119718309859
TSF_2025,TikTok Skin Fails,Trend Counter ,Young Adults,youtube,2025-05-10,76412.1,8938521.0,900939.0,197538.0,6227098.96,False,False,False,0,False,False,False,6.911787546104676
HP_2025,Holiday Prep,Seasonal Education,Parents,facebook,2025-11-22,2864.39,12800.0,942.0,144.0,11851.98,False,False,False,0,False,False,False,12.58171974522293
NF_2025,Nature First,Brand Image,Young Adults,linkedin,2025-05-23,3101.15,22241.0,310.0,8.0,711.9,False,False,False,0,False,False,False,2.2964516129032257
PL_2025,Product Launch,Product Launch,Adults,instagram,2025-02-04,13228.474999999999,254194.0,7422.0,142.0,10078.35,False,True,False,0,False,False,False,1.3579021827000808
TSF_2025,TikTok Skin Fails,Trend Counter,Gen Z,youtube,2025-04-06,14568.58,1235487.0,49032.0,7976.0,254069.66,False,False,False,0,False,False,False,5.181711127426986
AAR_2025,Anti-Aging Routine,Product Education,Adults,youtube,2025-02-19,2354.98,23157.0,398.0,82.0,7370.59,False,False,False,0,False,False,False,18.519070351758796
AAR_2025,Anti-Aging Routine,Product Education,Adults,youtube,2025-04-30,2943.53,39531.0,593.0,70.0,7394.41,False,False,False,0,False,False,False,12.469494097807758
TSF_2025,TikTok Skin Fails,Trend Counter,Gen Z,youtube,2025-04-27,13953.07,1447674.0,69222.0,3880.0,176873.89,False,False,False,0,False,False,False,2.5551687324838928
SS_2025,Summer Sale,Seasonal Sale,Young Adults,youtube,2025-06-14,11125.85,423271.0,26103.0,2223.0,140122.83,False,False,False,0,False,False,False,5.368073784622457
NF_2025,Nature First,Brand Image,Young Adults,instagram,2025-05-30,4581.78,106760.0,1850.0,59.0,4374.62,False,False,False,0,False,False,False,2.3646594594594594
BF_2025,Black Friday,Seasonal Sale,Young Adults,facebook,2025-12-03,53209.71,722470.0,40359.0,6197.0,405726.42,False,False,False,0,False,False,False,10.052935404742437
PL_2025,Product Launch,Product Launch,Young Adults,facebook,2025-02-13,25118.4,808849.0,18579.0,1036.0,68016.3,False,False,False,0,False,False,False,3.660923623445826
AAR_2025,Anti-Aging Routine,Product Education,Adults,linkedin,2025-03-30,4146.12,25264.0,759.0,96.0,6097.98,False,False,False,0,False,False,False,8.034229249011856
SS_2025,Summer Sale,Seasonal Sale,Gen Z,tiktok,2025-07-15,5904.14,123952.0,3635.0,151.0,6028.37,False,False,False,0,False,False,False,1.658423658872077
DBB_2025,Don't Burn for Beauty,Social Impact,Young Adults,facebook,2025-07-23,5323.79,201993.0,8326.0,271.0,8304.31,False,False,False,0,False,False,False,0.9973949075186164
SCA_2025,Skin Cancer Awareness,Educational Awareness,Adults,linkedin,2025-05-03,6418.42,331045.0,10019.0,116.0,2656.15,False,False,False,0,False,False,False,0.2651112885517517
AAR_2025,Anti-Aging Routine,Product Education,Adults,linkedin,2025-03-17,3700.5,23705.0,586.0,92.0,9241.44,False,False,False,0,False,False,False,15.770375426621161
TSF_2025,TikTok Skin Fails,Trend Counter,Young Adults,youtube,2025-05-02,44857.64,4572446.0,0.0,0.0,0.0,False,False,False,0,False,False,False,1.2136772700374119
SS_2025,Summer Sale,Seasonal Sale,Adults,linkedin,2025-07-25,6153.87,75004.0,1977.0,490.0,27285.83,False,False,False,0,False,False,False,13.80163378856854
SS_2025,Summer Sale,Seasonal Sale,Young Adults,youtube,2025-07-27,5381.57,81721.0,3611.0,229.0,11779.17,False,False,False,0,False,False,False,3.262024369980615
NF_2025,Nature First,Brand Image,Gen Z,tiktok,2025-05-29,8074.34,125432.0,3865.0,19.0,1282.43,False,False,False,0,False,False,False,0.3318059508408797
PL_2025,Product Launch,Product Launch,Seniors,linkedin,2025-03-18,18953.66,399203.0,15568.0,722.0,73789.59,False,False,False,0,False,False,False,4.73982464028777
PL_2025,Product Launch,Product Launch,Young Adults,youtube,2025-03-27,21495.88,851907.0,32588.0,1479.0,144573.03,False,False,False,0,False,False,False,4.436388547931754
AAR_2025,Anti-Aging Routine,Product Education,Young Adults,email,2025-03-28,6595.32,21141.0,879.0,140.0,7980.06,False,False,False,0,False,False,False,9.078566552901025
TSF_2025,TikTok Skin Fails,Trend Counter,Gen Z,tiktok,2025-04-23,6506.42,452881.0,26827.0,1121.0,29703.58,False,False,False,0,False,False,False,1.107227047377642
NF_2025,Nature First,Brand Image,Gen Z,instagram,2025-05-26,8256.51,142956.0,3705.0,111.0,8045.21,False,False,False,0,False,False,False,2.17144669365722
SS_2025,Summer Sale,Seasonal Sale,Gen Z,tiktok,2025-06-22,7785.02,367642.0,16922.0,1234.0,63122.66,False,False,False,0,False,False,False,3.7302127408107792
AAR_2025,Anti-Aging Routine,Product Education,Adults,youtube,2025-01-18,4002.02,29475.0,617.0,48.0,3427.73,False,False,False,0,False,False,False,5.55547811993517
DBB_2025,Don't Burn for Beauty,Social Impact,Young Adults,youtube,2025-07-10,9366.91,326903.0,25696.0,1368.0,41431.79,False,False,False,0,False,False,False,1.6123828611457036
PL_2025,Product Launch,Product Launch,Adults,youtube,2025-02-03,24637.18,463274.0,20627.0,1720.0,113126.6,False,False,False,0,False,False,False,5.484394240558491
AAR_2025,Anti-Aging Routine,Product Education,Seniors,facebook,2025-03-10,3023.08,19702.0,544.0,205.0,23236.39,False,False,False,0,False,False,False,42.71395220588235
BF_2025,Black Friday,Seasonal Sale,Young Adults,instagram,2025-11-30,32552.68,1034194.0,11004.0,17025.0,1386467.93,False,False,False,1,True,True,False,125.99672210105416
PL_2025,Product Launch,Product Launch,Young Adults,facebook,2025-02-17,12776.885,146281.0,10213.0,430.0,40791.2,False,True,False,0,False,False,False,3.9940468030940957
PL_2025,Product Launch,Product Launch,Adults,email,2025-02-10,17350.99,252577.0,16349.0,1437.0,99228.45,False,False,False,0,False,False,False,6.069389565111016
AAR_2025,Anti-Aging Routine,Product Education,Adults,email,2025-02-07,5107.97,23489.0,981.0,417.0,51219.43,False,False,False,0,False,False,False,52.21144750254842
AAR_2025,Anti-Aging Routine,Product Education,Seniors,facebook,2025-02-08,2830.66,22612.0,0.0,0.0,0.0,False,False,False,0,False,False,False,18.332014213994107
TSF_2025,TikTok Skin Fails,Trend Counter,Gen Z,instagram,2025-04-11,12719.55,1242424.0,122770.0,3480.0,46620.28,False,False,False,0,False,False,False,0.37973674350411335
HP_2025,Holiday Prep,Seasonal Education ,Seniors,facebook,2025-11-01,5469.66,107022.0,13139.0,3988.0,399145.45,False,False,False,0,False,False,False,30.378677981581554
PL_2025,Product Launch,Product Launch,Seniors,email,2025-02-24,3733.74,18440.0,2355.0,200.0,19006.11,False,False,False,0,False,False,False,8.070535031847134
TSF_2025,TikTok Skin Fails,Trend Counter,Young Adults,tiktok,2025-05-21,41002.32,3380667.0,0.0,0.0,0.0,False,False,False,0,False,False,False,0.7661460982148245
NF_2025,Nature First,Brand Image,Parents,email,2025-05-06,5140.13,20267.0,1002.0,35.0,2881.05,False,False,False,0,False,False,False,2.875299401197605
DBB_2025,Don't Burn for Beauty,Social Impact,Adults,youtube,2025-07-02,7275.23,465070.0,41307.0,1182.0,34059.88,False,False,False,0,False,False,False,0.8245546759629118
NF_2025,Nature First,Brand Image,Parents,facebook,2025-05-15,6247.7,91319.0,3956.0,47.0,6499.39,False,False,True,0,False,False,False,1.6429196157735086
AAR_2025,Anti-Aging Routine,Product Education,Seniors,email,2025-01-26,2994.45,11713.0,263.0,153.0,22354.56,False,False,False,0,False,False,False,84.99832699619772
AAR_2025,Anti-Aging Routine,Product Education,Seniors,linkedin,2025-03-06,2582.36,4673.0,95.0,12.0,1983.26,False,False,False,0,False,False,False,20.876421052631578
HP_2025,Holiday Prep,Seasonal Education,Parents,email,2025-11-11,4619.76,10871.0,769.0,289.0,17783.94,False,False,False,0,False,False,False,23.126059817945382
PL_2025,Product Launch,Product Launch,Adults,email,2025-01-21,36956.48,286381.0,36879.0,3171.0,323972.21,False,False,False,0,False,False,False,8.784734130534993
PL_2025,Product Launch,Product Launch,Young Adults,youtube,2025-02-21,6278.25,146759.0,4027.0,120.0,10189.26,False,False,False,0,False,False,False,2.530235907623541
AAR_2025,Anti-Aging Routine,Product Education,Young Adults,facebook,2025-05-13,4353.26,32229.0,1484.0,161.0,11879.97,False,True,True,0,False,False,False,8.005370619946092
DBB_2025,Don't Burn for Beauty,Social Impact,Adults,linkedin,2025-07-18,9493.68,130709.0,2525.0,73.0,3617.38,False,False,False,0,False,False,False,1.4326257425742575
AAR_2025,Anti-Aging Routine,Product Education,Seniors,facebook,2025-05-07,2146.3,6709.0,67.0,10.0,1027.94,False,False,False,0,False,False,False,15.342388059701493
SS_2025,Summer Sale,Seasonal Sale,Gen Z,youtube,2025-06-11,3683.62,122108.0,3637.0,153.0,8094.55,False,False,False,0,False,False,False,2.2256117679406104
AAR_2025,Anti-Aging Routine,Product Education,Seniors,facebook,2025-05-13,2952.39,20839.0,1155.0,325.0,31356.69,False,False,False,0,False,False,False,27.14864935064935
DBB_2025,Don't Burn for Beauty,Social Impact,Adults,youtube,2025-07-15,3843.36,192647.0,11136.0,264.0,12447.55,False,False,False,0,False,False,False,1.1177756824712644
PL_2025,Product Launch,Product Launch,Young Adults,instagram,2025-03-21,22580.11,501770.0,26719.0,782.0,75792.12,False,False,False,0,False,False,False,2.8366375987125263
AAR_2025,Anti-Aging Routine,Product Education,Adults,facebook,2025-01-16,4099.57,59029.0,3316.0,807.0,85099.88,False,False,False,0,False,False,False,25.663413751507843
DBB_2025,Don't Burn for Beauty,Social Impact,Young Adults,instagram,2025-08-03,15205.7,430751.0,54867.0,4613.0,160823.44,False,False,False,0,False,False,False,2.931150600543132
AAR_2025,Anti-Aging Routine,Product Education,Adults,linkedin,2025-03-27,3721.79,26206.0,1141.0,559.0,66239.33,False,False,False,0,False,False,False,58.05375109553024
AAR_2025,Anti-Aging Routine,Product Education,Seniors,linkedin,2025-05-26,3910.38,16985.0,487.0,266.0,31867.58,False,False,False,1,True,True,False,65.43650924024641
DBB_2025,Don't Burn for Beauty,Social Impact,Young Adults,instagram,2025-07-05,7467.85,371111.0,24796.0,521.0,16046.82,False,False,False,0,False,False,False,0.6471535731569608
BF_2025,Black Friday,Seasonal Sale,Adults,facebook,2025-11-19,18903.93,201881.0,12753.0,2207.0,155858.56,False,False,False,0,False,False,False,12.221325178389398
TSF_2025,TikTok Skin Fails,Trend Counter,Gen Z,instagram,2025-05-01,6840.4,565079.0,17259.0,2331.0,108007.65,False,False,False,0,False,False,False,6.258047974969581
NF_2025,Nature First,Brand Image,Gen Z,youtube,2025-03-04,10875.83,516760.0,9628.0,643.0,47739.96,False,False,False,0,False,False,False,4.958450353136684
TSF_2025,TikTok Skin Fails,Trend Counter,Young Adults,tiktok,2025-05-16,17562.7,3643215.0,252523.0,12875.0,444554.8,False,False,False,0,False,False,False,1.7604527112381843
NF_2025,Nature First,Brand Image,Young Adults,youtube,2025-05-05,7669.08,331086.0,7090.0,71.0,4075.99,False,False,False,0,False,False,False,0.5748928067700987
AAR_2025,Anti-Aging Routine,Product Education,Seniors,linkedin,2025-05-25,3580.63,9423.0,362.0,100.0,8996.72,False,False,False,0,False,False,False,24.852817679558008
PL_2025,Product Launch,Product Launch,Young Adults,instagram,2025-02-16,4386.3,113898.0,1952.0,80.0,8345.79,False,False,False,0,False,False,False,4.275507172131148
PL_2025,Product Launch,Product Launch,Adults,email,2025-02-12,7192.07,53326.0,1869.0,43.0,15742.42,False,False,False,0,False,False,False,8.422910647405029
NF_2025,Nature First,Brand Image,Young Adults,linkedin,2025-03-23,3054.63,20139.0,368.0,10.0,773.09,False,False,False,0,False,False,False,2.100788043478261
TSF_2025,TikTok Skin Fails,Trend Counter,Gen Z,tiktok,2025-03-27,7623.23,1412501.0,207164.0,534.0,24900.18,False,False,False,0,False,False,False,0.12019549728717345
HP_2025,Holiday Prep,Seasonal Education,Seniors,facebook,2025-11-07,5356.39,49856.0,1919.0,662.0,63514.83,False,False,False,0,False,False,False,33.097879103699846
SS_2025,Summer Sale,Seasonal Sale,Gen Z,tiktok,2025-05-18,6429.89,445925.0,15962.0,715.0,44948.5,False,False,False,0,False,False,False,2.815969176794888
SCA_2025,Skin Cancer Awareness,Educational Awareness,Adults,facebook,2025-05-29,12144.89,341292.0,9330.0,355.0,8607.49,False,False,False,0,False,False,False,0.9225605573419078
PL_2025,Product Launch,Product Launch,Adults,email,2025-02-01,11859.89,87884.0,19550.0,1139.0,129200.0,False,False,False,0,False,False,False,6.608695652173913
SS_2025,Summer Sale,Seasonal Sale,Young Adults,email,2025-06-12,6616.0,59752.0,5753.0,3695.0,150645.83,False,False,False,0,False,False,False,26.18561272379628
AAR_2025,Anti-Aging Routine,Product Education,Young Adults,youtube,2025-04-10,5040.27,34738.0,1550.0,138.0,12196.33,False,False,False,0,False,False,False,7.8686
AAR_2025,Anti-Aging Routine,Product Education,Adults,email,2025-01-18,3315.38,11341.0,608.0,560.0,42580.78,False,False,False,0,False,False,False,70.03417763157894
AAR_2025,Anti-Aging Routine,Product Education,Seniors,linkedin,2025-05-09,4570.63,12149.0,494.0,125.0,14172.41,False,False,False,0,False,False,False,28.68908906882591
DBB_2025,Don't Burn for Beauty,Social Impact,Young Adults,facebook,2025-07-03,8305.58,330527.0,24106.0,1062.0,26040.99,False,False,False,0,False,False,False,1.0802700572471584
SCA_2025,Skin Cancer Awareness,Educational Awareness,Adults,linkedin,2025-06-02,10045.46,208495.0,3355.0,79.0,1942.7,False,False,False,0,False,False,False,0.5790461997019374
NF_2025,Nature First,Brand Image,Parents,instagram,2025-05-02,3195.75,51568.0,1723.0,86.0,5517.65,False,False,False,0,False,False,False,3.2023505513639
SS_2025,Summer Sale,Seasonal Sale,Parents,facebook,2025-06-02,2864.78,56858.0,2370.0,154.0,8917.22,False,False,False,0,False,False,False,3.7625400843881853
AAR_2025,Anti-Aging Routine,Product Education,Seniors,facebook,2025-05-31,3352.51,16954.0,988.0,244.0,20085.18,False,False,False,0,False,False,False,20.32912955465587
PL_2025,Product Launch,Product Launch,Adults,facebook,2025-03-20,4609.74,63324.0,1956.0,131.0,6448.0,False,False,False,0,False,False,True,3.2963992219790907
NF_2025,Nature First,Brand Image,Gen Z,tiktok,2025-05-05,5723.59,228981.0,10496.0,82.0,6021.33,False,False,False,0,False,False,False,0.5736785442073171
SCA_2025,Skin Cancer Awareness,Educational Awareness,Young Adults,instagram,2025-05-10,8200.58,900417.0,20851.0,153.0,6098.49,False,False,False,0,False,False,False,0.2924794973862165
TSF_2025,TikTok Skin Fails,Trend Counter,Young Adults,instagram,2025-04-27,6639.71,234320.0,8674.0,429.0,22525.28,False,False,False,0,False,False,False,2.596873414802859
DBB_2025,Don't Burn for Beauty,Social Impact,Gen Z,instagram,2025-07-02,3177.2,121296.0,5713.0,113.0,5560.0,False,False,False,0,False,False,True,0.9732815906556541
SS_2025,Summer Sale,Seasonal Sale,Young Adults,email,2025-07-12,1844.48,18463.0,1771.0,326.0,12707.09,False,False,False,0,False,False,False,7.1750931677018635
AAR_2025,Anti-Aging Routine,Product Education,Adults,linkedin,2025-02-10,2923.03,7988.0,347.0,68.0,5438.7,False,False,False,0,False,False,False,15.673487031700288
NF_2025,Nature First,Brand Image,Parents,email,2025-05-31,7841.47,56060.0,1819.0,60.5,14557.35,False,False,True,0,False,False,False,8.00294117647059
DBB_2025,Don't Burn for Beauty,Social Impact,Adults,youtube,2025-07-05,6676.06,769488.0,62592.0,2291.0,78513.0,False,False,False,0,False,False,True,1.2543555413413905
PL_2025,Product Launch,Product Launch,Adults,email,2025-01-30,10876.29,221603.0,18943.0,1490.0,88619.11,False,False,False,0,False,False,False,4.6781982790476695
AAR_2025,Anti-Aging Routine,Product Education,Young Adults,email,2025-06-08,3760.4,15017.0,867.0,355.0,27417.7,False,False,False,0,False,False,False,31.623644752018457
AAR_2025,Anti-Aging Routine,Product Education,Young Adults,facebook,2025-05-15,3203.74,38244.0,1008.0,252.0,27592.99,False,False,False,0,False,False,False,27.373998015873017
TSF_2025,TikTok Skin Fails,Trend Counter,Young Adults,tiktok,2025-04-07,7522.34,393704.0,8219.0,29.0,1519.42,False,False,False,0,False,False,False,0.1848667721133958
TSF_2025,TikTok Skin Fails,Trend Counter,Gen Z,tiktok,2025-03-14,25514.37,3052989.0,231257.0,8872.0,372159.57,False,False,False,0,False,False,False,1.6092899674388235
SS_2025,Summer Sale,Seasonal Sale,Adults,facebook,2025-07-21,3171.97,43253.0,1840.0,152.0,6599.04,False,False,False,0,False,False,False,3.5864347826086957
AAR_2025,Anti-Aging Routine,Product Education,Seniors,facebook,2025-02-28,3508.88,13581.0,303.0,85.0,11111.0,False,False,False,0,False,False,False,36.66996699669967
SS_2025,Summer Sale,Seasonal Sale,Young Adults,youtube,2025-07-21,6731.25,181359.0,4621.0,321.0,14396.31,False,False,False,0,False,False,False,3.1154100843973165
TSF_2025,TikTok Skin Fails,Trend Counter,Gen Z,youtube,2025-03-27,4853.05,368416.0,0.0,0.0,0.0,False,False,False,0,False,False,False,1.2136772700374119
AAR_2025,Anti-Aging Routine,Product Education,Seniors,email,2025-02-10,2414.3,6585.0,359.0,202.0,30162.73,False,False,False,0,False,False,False,84.01874651810584
AAR_2025,Anti-Aging Routine,Product Education,Adults,linkedin,2025-04-08,1776.73,21952.0,819.0,152.0,12587.25,False,False,False,0,False,False,False,15.369047619047619
HP_2025,Holiday Prep,Seasonal Education,Adults,instagram,2025-11-08,5361.98,29956.0,2747.0,298.0,60785.0,False,False,False,0,False,False,True,22.127674886763966
BF_2025,Black Friday,Seasonal Sale,Young Adults,facebook,2025-11-23,12338.3,203092.0,10214.0,2257.0,110736.34,False,False,False,0,False,False,False,10.841623262189152
SS_2025,Summer Sale, Seasonal Sale,Adults,linkedin,2025-05-26,13476.0,136623.0,5680.0,1285.0,61894.27,False,False,False,0,False,False,False,10.89687852112676
DBB_2025,Don't Burn for Beauty,Social Impact,Gen Z,instagram,2025-07-17,5492.51,353620.0,17943.0,491.0,18013.83,False,False,False,0,False,False,False,1.0039475004179903
DBB_2025,Don't Burn for Beauty,Social Impact,Young Adults,tiktok,2025-07-06,9423.24,549097.0,36694.0,956.0,38018.0,False,False,False,0,False,False,False,1.0360821932741047
AAR_2025,Anti-Aging Routine,Product Education,Seniors,linkedin,2025-01-11,3240.46,32871.0,930.0,96.0,15134.98,False,False,True,0,False,False,False,16.27417204301075
NF_2025,Nature First,Brand Image,Parents,instagram,2025-03-17,4503.56,54549.0,1734.0,97.0,9438.97,False,False,False,0,False,False,False,5.443465974625144
AAR_2025,Anti-Aging Routine,Product Education,Seniors,facebook,2025-01-26,5304.42,17853.0,289.0,127.0,10386.38,False,False,False,0,False,False,False,35.93903114186851
SS_2025,Summer Sale,Seasonal Sale,Gen Z,tiktok,2025-06-24,23716.05,1097779.0,79903.0,6237.0,296433.29,False,False,False,0,False,False,False,3.7099143962053986
BF_2025,Black Friday,Seasonal Sale,Adults,email,2025-12-01,16499.41,46141.0,1995.0,1056.0,56965.6,False,False,False,0,False,False,False,28.55418546365915
TSF_2025,TikTok Skin Fails,Trend Counter,Young Adults,youtube,2025-05-14,16582.09,1873526.0,0.0,0.0,0.0,False,False,False,0,False,False,False,1.2136772700374119
DBB_2025,Don't Burn for Beauty,Social Impact,Gen Z,instagram,2025-06-29,28742.96,2647097.0,153980.0,3567.0,120525.31,False,False,False,0,False,False,False,0.782733536822964
SS_2025,Summer Sale,Seasonal Sale,Parents,instagram,2025-07-04,3395.8,25795.0,2379.0,342.0,19111.16,False,False,False,0,False,False,False,8.033274485077763
AAR_2025,Anti-Aging Routine,Product Education,Adults,linkedin,2025-05-23,3231.82,11818.0,170.0,39.0,5005.12,False,False,False,0,False,False,False,29.441882352941175
TSF_2025,TikTok Skin Fails,Trend Counter,Gen Z,tiktok,2025-05-08,3923.4,972661.0,72514.0,326.0,13096.85,False,False,False,0,False,False,False,0.1806113302258874
HP_2025,Holiday Prep,Seasonal Education,Adults,instagram,2025-10-29,5447.91,45300.0,2020.0,317.0,18360.55,False,False,False,0,False,False,False,9.08938118811881
DBB_2025,Don't Burn for Beauty,Social Impact,Gen Z,instagram,2025-07-31,12664.63,329496.0,32323.0,632.0,46776.69,False,False,True,0,False,False,False,1.4471642483680351
TSF_2025,TikTok Skin Fails,Trend Counter,Young Adults,facebook,2025-04-21,2247.92,177056.0,13094.0,414.0,9042.32,False,False,False,0,False,False,False,0.6905697265923323
AAR_2025,Anti-Aging Routine,Product Education,Seniors,facebook,2025-02-27,3096.33,11264.0,392.0,114.0,12156.44,False,False,False,0,False,False,False,31.011326530612248
AAR_2025,Anti-Aging Routine,Product Education,Seniors,facebook,2025-01-17,4476.26,21962.0,324.0,31.0,3039.0,False,False,False,0,False,False,False,9.37962962962963
TSF_2025,TikTok Skin Fails,Trend Counter,Gen Z,instagram,2025-05-30,1064410.1,61088188.0,7535107.0,574036.0,16543348.39,False,False,False,0,False,False,False,2.1955027831721567
TSF_2025,TikTok Skin Fails,Trend Counter,Gen Z,tiktok,2025-05-13,2647.27,417872.0,47009.0,884.0,31749.87,False,False,False,0,False,False,False,0.6753998170563084
AAR_2025,Anti-Aging Routine,Product Education,Young Adults,youtube,2025-03-14,3925.59,112963.0,6001.0,858.0,81915.8,False,False,False,0,False,False,False,13.650358273621064
BF_2025,Black Friday,Seasonal Sale,Gen Z,tiktok,2025-11-17,17351.36,535213.0,29895.0,2624.0,184837.84,False,False,False,0,False,False,False,6.1829014885432345
SS_2025,Summer Sale,Seasonal Sale,Young Adults,facebook,2025-07-03,6998.3,80866.0,2613.0,326.0,16582.04,False,False,False,0,False,False,False,6.345977803291237
SCA_2025,Skin Cancer Awareness,Educational Awareness,Adults,facebook,2025-05-21,12272.4,630045.0,11948.0,74.0,2083.5,False,False,False,0,False,False,False,0.1743806494810847
BF_2025,Black Friday,Seasonal Sale,Young Adults,email,2025-11-28,15073.24,80741.0,7296.0,2637.0,198194.13,False,False,False,0,False,False,False,27.164765625
BF_2025,Black Friday,Seasonal Sale,Adults,linkedin,2025-12-02,10573.56,72199.0,1596.0,200.0,16276.24,False,False,False,0,False,False,False,10.198145363408521
PL_2025,Product Launch,Product Launch,Young Adults,youtube,2025-02-01,12881.91,905468.0,18715.0,394.0,46140.0,False,False,False,0,False,False,True,2.4653793774319066
AAR_2025,Anti-Aging Routine,Product Education,Young Adults,youtube,2025-04-30,6316.25,74838.0,4486.0,1195.0,95178.15,False,False,False,0,False,False,False,21.216707534551936
DBB_2025,Don't Burn for Beauty,Social Impact,Young Adults,tiktok,2025-07-16,3535.84,186983.0,12970.0,907.0,30199.55,False,False,False,0,False,False,False,2.328415574402467
AAR_2025,Anti-Aging Routine,Product Education,Adults,linkedin,2025-05-26,6098.46,14410.0,372.0,54.0,4479.9,False,False,False,0,False,False,False,12.04274193548387
TSF_2025,TikTok Skin Fails,Trend Counter,Young Adults,tiktok,2025-03-29,40095.02,4621817.0,377064.0,20114.0,709020.98,False,False,False,0,False,False,False,1.88037304012051
PL_2025,Product Launch,Product Launch,Adults,youtube,2025-03-09,22491.31,615024.0,41509.0,2357.0,150806.7,False,False,False,0,False,False,False,3.633108482497772
PL_2025,Product Launch,Product Launch,Adults,email,2025-03-26,13209.54,116075.0,9770.0,823.0,76711.96,False,False,False,0,False,False,False,7.851787103377688
SCA_2025,Skin Cancer Awareness,Educational Awareness,Adults,youtube,2025-05-26,10814.59,707410.0,12525.0,288.0,12061.18,False,False,False,0,False,False,False,0.9629684630738523
NF_2025,Nature First,Brand Image,Gen Z,youtube,2025-05-21,6108.15,113771.0,4737.0,172.0,12876.09,False,True,False,0,False,False,False,2.7181950601646614
AAR_2025,Anti-Aging Routine,Product Education,Adults,email,2025-02-09,6195.76,20150.0,2136.0,1049.0,118373.65,False,False,False,0,False,False,False,55.41837546816479
AAR_2025,Anti-Aging Routine,Product Education,Young Adults,facebook,2025-04-03,4516.46,45314.0,1309.0,492.0,28462.32,False,False,False,0,False,False,False,21.743559969442323
BF_2025,Black Friday,Seasonal Sale,Young Adults,tiktok,2025-11-18,13918.29,267940.0,5226.0,686.0,34183.0,False,False,False,0,False,False,True,6.540883296957248
SCA_2025,Skin Cancer Awareness,Educational Awareness,Young Adults,tiktok,2025-05-01,8175.87,927617.0,41840.0,364.0,8140.46,False,False,False,0,False,False,False,0.1945616634799235
PL_2025,Product Launch,Product Launch,Adults,instagram,2025-03-24,40309.41,1033459.0,0.0,0.0,0.0,False,False,False,0,False,False,False,2.7758289348474485
SS_2025,Summer Sale,Seasonal Sale,Young Adults,facebook,2025-05-13,2529.5,52503.0,3031.0,245.0,9349.41,False,False,False,0,False,False,False,3.08459584295612
HP_2025,Holiday Prep,Seasonal Education,Parents,instagram,2025-11-13,2728.91,21541.0,647.0,218.0,21086.35,False,False,False,0,False,False,False,32.590958268933534
NF_2025,Nature First,Brand Image,Young Adults,instagram,2025-05-06,5599.46,139038.0,4024.0,57.0,4631.46,False,False,False,0,False,False,False,1.1509592445328032
HP_2025,Holiday Prep,Seasonal Education,Adults,instagram,2025-11-27,4743.3,22282.0,0.0,0.0,0.0,False,False,False,0,False,False,False,22.127674886763966
SS_2025,Summer Sale,Seasonal Sale,Young Adults,instagram,2025-06-06,6338.85,144615.0,6905.0,1438.0,52989.91,False,False,False,0,False,False,False,7.674136133236785
AAR_2025,Anti-Aging Routine,Product Education,Seniors,linkedin,2025-02-19,3847.48,16424.0,717.0,174.0,23100.83,False,False,False,0,False,False,False,32.218730822873084
TSF_2025,TikTok Skin Fails, Trend Counter,Gen Z,youtube,2025-05-19,3845.95,244964.0,25423.0,1122.0,26754.61,False,False,False,0,False,False,False,1.0523781615072965
NF_2025,Nature First,Brand Image,Gen Z,instagram,2025-04-29,4867.6,81400.0,2176.0,67.0,5279.12,False,False,False,0,False,False,False,2.426066176470588
AAR_2025,Anti-Aging Routine,Product Education,Adults,facebook,2025-01-19,5511.5,92765.0,5274.0,1484.0,96399.22,False,False,False,0,False,False,False,18.27819871065605
AAR_2025,Anti-Aging Routine,Product Education,Seniors,linkedin,2025-03-19,5213.2,11026.0,241.0,53.0,4657.59,False,False,False,0,False,False,False,19.32609958506224
DBB_2025,Don't Burn for Beauty,Social Impact,Young Adults,youtube,2025-07-22,7467.55,400912.0,19337.0,997.0,37872.3,False,False,False,0,False,False,False,1.9585406216062473
NF_2025,Nature First,Brand Image,Gen Z,instagram,2025-03-19,5762.16,128219.0,6276.0,138.0,6012.38,False,False,False,0,False,False,False,0.9579955385595921
PL_2025,Product Launch,Product Launch,Seniors,facebook,2025-02-03,12776.885,58388.0,1882.0,149.0,17106.43,False,True,False,0,False,False,False,9.089495217853347
TSF_2025,TikTok Skin Fails,Trend Counter,Young Adults,tiktok,2025-06-09,8793.39,617090.0,27120.0,444.0,21044.93,False,False,False,0,False,False,False,0.775992994100295
SCA_2025,Skin Cancer Awareness,Educational Awareness,Young Adults,tiktok,2025-05-18,11377.19,1216379.0,25942.0,78.0,3195.13,False,False,False,0,False,False,False,0.12316436666409683
NF_2025,Nature First,Brand Image,Parents,instagram,2025-03-04,6194.76,134568.0,7436.0,134.0,12101.64,False,False,False,0,False,False,False,1.6274394835933297
AAR_2025,Anti-Aging Routine,Product Education,Adults,linkedin,2025-02-01,3910.4,27665.0,1033.0,311.0,27021.85,False,False,False,0,False,False,False,26.158615682478217
NF_2025,Nature First,Brand Image,Parents,facebook,2025-05-21,5451.64,52558.0,1288.0,14.0,822.41,False,True,False,0,False,False,False,0.6385170807453416
AAR_2025,Anti-Aging Routine,Product Education,Adults,facebook,2025-05-21,6682.9,71133.0,2948.0,335.0,23326.46,False,False,False,0,False,False,False,7.91263907734057
NF_2025,Nature First,Brand Image,Parents,email,2025-04-11,7161.48,22460.0,579.0,47.0,4270.88,True,False,False,0,False,False,False,7.3763039723661485
AAR_2025,Anti-Aging Routine,Product Education,Young Adults,facebook,2025-04-16,5796.34,44257.0,4083.0,723.0,42703.32,False,False,False,0,False,False,False,10.458809698750919
AAR_2025,Anti-Aging Routine,Product Education,Adults,email,2025-02-15,5589.93,20577.0,0.0,0.0,0.0,False,False,False,0,False,False,False,36.645781081712364
SS_2025,Summer Sale,Seasonal Sale,Young Adults,email,2025-06-18,9927.44,117636.0,6273.0,855.0,38783.46,False,False,False,0,False,False,False,6.18260162601626
SS_2025,Summer Sale,Seasonal Sale,Parents,facebook,2025-05-22,5163.78,53397.0,1475.0,425.0,27652.21,False,False,False,0,False,False,False,18.747261016949153
PL_2025,Product Launch,Product Launch,Young Adults,youtube,2025-03-08,13347.57,193355.0,8767.0,321.0,21585.33,False,False,False,0,False,False,False,2.46211132656553
AAR_2025,Anti-Aging Routine,Product Education,Adults,youtube,2025-01-30,2997.03,73807.0,1646.0,259.0,18647.07,False,False,False,0,False,False,False,11.328718104495747
DBB_2025,Don't Burn for Beauty,Social Impact,Adults,youtube,2025-07-12,8865.9,191101.0,8582.0,292.0,12482.31,False,False,False,0,False,False,False,1.4544756467024003
SS_2025,Summer Sale,Seasonal Sale,Gen Z,tiktok,2025-06-19,12562.26,757613.0,44588.0,1787.0,99887.5,False,False,False,0,False,False,False,2.2402327980622587
SS_2025,Summer Sale,Seasonal Sale,Adults,email,2025-07-18,4067.21,21922.0,2212.0,1037.0,45956.13,False,False,False,0,False,False,False,20.775827305605784
PL_2025,Product Launch,Product Launch,Adults,facebook,2025-02-27,12776.885,111547.0,5508.0,157.0,17924.68,False,True,False,0,False,False,False,3.2542992011619463
AAR_2025,Anti-Aging Routine,Product Education,Seniors,linkedin,2025-05-16,2469.83,7071.0,0.0,0.0,0.0,False,False,False,0,False,False,False,22.099723046488624
AAR_2025,Anti-Aging Routine,Product Education,Seniors,email,2025-03-28,5301.08,18117.0,688.0,200.0,28172.4,False,False,False,0,False,False,False,40.94825581395349
SS_2025,Summer Sale,Seasonal Sale,Adults,linkedin,2025-06-28,8539.86,70849.0,2362.0,131.0,8411.71,False,False,False,0,False,False,False,3.5612658763759524
SS_2025,Summer Sale,Seasonal Sale,Adults,email,2025-06-02,9230.44,66395.0,1775.0,520.0,30080.85,False,False,False,0,False,False,False,16.946957746478873
SS_2025,Summer Sale,Seasonal Sale,Young Adults,instagram,2025-06-15,8575.52,126316.0,6595.0,396.0,18845.75,False,False,False,0,False,False,False,2.857581501137225
PL_2025,Product Launch,Product Launch,Seniors,email,2025-01-26,8001.32,33118.0,1449.0,164.0,19647.78,False,False,False,0,False,False,False,13.559544513457556
TSF_2025,TikTok Skin Fails,Trend Counter,Young Adults,tiktok,2025-03-23,24773.18,2241478.0,89179.0,2495.0,77402.77,False,False,False,0,False,False,False,0.867948395922807
AAR_2025,Anti-Aging Routine,Product Education,Adults,email,2025-02-10,2908.06,8135.0,286.0,124.0,11149.58,False,False,False,0,False,False,False,38.984545454545454
SCA_2025,Skin Cancer Awareness,Educational Awareness,Adults,linkedin,2025-05-04,15214.91,703802.0,16827.0,348.0,12049.06,False,False,False,0,False,False,False,0.7160551494621739
DBB_2025,Don't Burn for Beauty,Social Impact,Young Adults,instagram,2025-08-02,8929.86,372048.0,25250.0,807.0,22150.22,False,False,False,0,False,False,False,0.8772364356435643
AAR_2025,Anti-Aging Routine,Product Education,Seniors,linkedin,2025-05-03,3530.8,21119.0,620.0,263.0,31101.79,False,False,False,0,False,False,False,50.16417741935484
BF_2025,Black Friday,Seasonal Sale,Adults,email,2025-11-24,36520.66,370546.0,74519.0,30027.0,2235248.82,False,False,False,0,False,False,False,29.995689958265675
NF_2025,Nature First,Brand Image,Young Adults,linkedin,2025-03-12,5561.32,37723.0,1190.0,34.0,3060.0,False,False,False,0,False,False,False,2.5714285714285716
AAR_2025,Anti-Aging Routine,Product Education,Young Adults,youtube,2025-02-26,5284.66,69164.0,2227.0,292.0,9359.67,False,False,True,0,False,False,False,4.202815446789403
PL_2025,Product Launch,Product Launch,Young Adults,tiktok,2025-03-22,10223.87,392232.0,45077.0,1159.0,87056.85,False,False,False,0,False,False,False,1.9312920114470795
TSF_2025,TikTok Skin Fails,Trend Counter,Gen Z,instagram,2025-03-11,6767.14,723430.0,89562.0,1749.0,65703.66,False,False,False,0,False,False,False,0.7336109064112012
SCA_2025,Skin Cancer Awareness,Educational Awareness,Adults,linkedin,2025-05-09,14968.77,201627.0,5110.0,76.0,1714.44,False,False,False,0,False,False,False,0.3355068493150685
SS_2025,Summer Sale,Seasonal Sale,Young Adults,facebook,2025-06-16,5118.71,104260.0,5397.0,643.0,39747.62,False,False,False,0,False,False,False,7.364761904761905
TSF_2025,TikTok Skin Fails,Trend Counter,Young Adults,tiktok,2025-05-03,40485.68,4430048.0,417837.0,5286.0,201867.2,False,False,False,0,False,False,False,0.483124280520873
AAR_2025,Anti-Aging Routine,Product Education,Adults,linkedin,2025-05-31,3979.76,10673.0,743.0,161.0,11147.94,False,False,False,0,False,False,False,15.003956931359355
SS_2025,Summer Sale,Seasonal Sale,Young Adults,facebook,2025-06-07,7182.61,99642.0,4731.0,878.0,47063.89,False,False,False,0,False,False,False,9.947979285563306
AAR_2025,Anti-Aging Routine,Product Education,Adults,facebook,2025-03-30,3359.38,21156.0,430.0,47.0,3361.2,False,False,False,0,False,False,False,7.8167441860465114
AAR_2025,Anti-Aging Routine,Product Education,Adults,linkedin,2025-03-28,5573.4,38387.0,1435.0,344.0,30512.8,False,False,False,0,False,False,False,21.26327526132404
PL_2025,Product Launch,Product Launch,Seniors,linkedin,2025-02-27,11948.97,111190.0,3754.0,93.0,11706.95,False,False,False,0,False,False,False,3.1185269046350563
TSF_2025,TikTok Skin Fails,Trend Counter,Gen Z,youtube,2025-06-12,3785.15,504281.0,0.0,0.0,0.0,False,False,False,0,False,False,False,1.2136772700374119
PL_2025,Product Launch,Product Launch,Young Adults,youtube,2025-03-02,18481.31,517797.0,31576.0,1741.0,98872.37,False,False,False,0,False,False,False,3.1312506333924497
NF_2025,Nature First,Brand Image,Young Adults,linkedin,2025-04-21,4282.19,52377.0,2305.0,119.0,8441.58,False,False,False,0,False,False,False,3.662290672451193
AAR_2025,Anti-Aging Routine,Product Education,Young Adults,facebook,2025-04-21,6843.55,92764.0,3975.0,1170.0,75629.93,False,False,False,0,False,False,False,19.02639748427673
NF_2025,Nature First,Brand Image,Young Adults,instagram,2025-05-01,6265.96,68519.0,2324.0,132.0,10573.85,False,False,False,0,False,False,False,4.5498493975903616
NF_2025,Nature First,Brand Image,Young Adults,instagram,2025-04-13,5740.83,74061.0,6259.0,43.0,2337.35,True,False,False,0,False,False,False,0.373438248921553
AAR_2025,Anti-Aging Routine,Product Education,Adults,facebook,2025-01-15,2855.09,32588.0,867.0,60.0,6207.71,False,False,False,0,False,False,False,7.159988465974625
SS_2025,Summer Sale,Seasonal Sale,Young Adults,facebook,2025-07-24,7224.17,93038.0,4359.0,173.0,8604.19,False,False,False,0,False,False,False,1.9738908006423492
NF_2025,Nature First,Brand Image,Gen Z,tiktok,2025-03-15,11203.18,571223.0,29032.0,219.0,13496.71,False,False,False,0,False,False,False,0.46489081014053457
DBB_2025,Don't Burn for Beauty,Social Impact,Adults,facebook,2025-07-04,8382.61,246165.0,9486.0,441.0,12971.76,False,False,False,0,False,False,False,1.3674636306135357
DBB_2025,Don't Burn for Beauty,Social Impact,Young Adults,tiktok,2025-07-24,3985.69,263182.0,17019.0,591.0,16188.06,False,False,False,0,False,False,False,0.9511757447558611
AAR_2025,Anti-Aging Routine,Product Education,Adults,email,2025-03-26,5991.12,30478.0,1425.0,341.0,21397.69,False,False,False,0,False,False,False,15.015922807017542
SCA_2025,Skin Cancer Awareness,Educational Awareness,Seniors,youtube,2025-05-26,7764.7,783814.0,28359.0,481.0,35307.01,False,False,False,0,False,False,False,1.2450019394195846
PL_2025,Product Launch,Product Launch,Seniors,facebook,2025-03-04,13623.05,182008.0,5762.0,488.0,54473.7,False,False,False,0,False,False,False,9.453956959389101
PL_2025,Product Launch,Product Launch,Young Adults,facebook,2025-02-25,60531.77,1080706.0,44086.0,1945.0,173101.84,False,False,False,0,False,False,False,3.926458286077213
AAR_2025,Anti-Aging Routine,Product Education,Adults,facebook,2025-02-15,4655.32,18438.0,606.0,152.0,12451.82,False,False,False,0,False,False,False,20.54755775577558
AAR_2025,Anti-Aging Routine,Product Education,Adults,linkedin,2025-02-02,4026.9849999999997,47011.0,2162.0,222.0,17534.64,False,True,False,0,False,False,False,8.110379278445883
SS_2025,Summer Sale,Seasonal Sale,Gen Z,instagram,2025-06-01,6455.94,152436.0,7104.0,912.0,31476.3,False,False,False,0,False,False,False,4.430785472972973
BF_2025,Black Friday,Seasonal Sale,Parents,instagram,2025-11-30,1784.68,18604.0,1321.0,216.0,18758.11,False,False,False,0,False,False,False,14.19993186979561
SCA_2025,Skin Cancer Awareness,Educational Awareness,Seniors,facebook,2025-05-27,8625.99,191330.0,10814.0,295.0,12336.72,False,False,False,0,False,False,False,1.1408100610319956
NF_2025,Nature First,Brand Image,Parents,instagram,2025-04-30,3364.48,38138.0,868.0,46.0,4124.07,False,False,False,0,False,False,False,4.751232718894009
AAR_2025,Anti-Aging Routine,Product Education,Adults,email,2025-03-23,3712.83,37682.0,0.0,0.0,0.0,False,False,False,0,False,False,False,36.645781081712364
PL_2025,Product Launch,Product Launch,Adults,youtube,2025-03-04,8607.91,272915.0,14271.0,491.0,53663.69,False,False,False,0,False,False,False,3.7603314413846265
TSF_2025,TikTok Skin Fails,Trend Counter,Gen Z,instagram,2025-05-17,7257.99,674360.0,0.0,0.0,0.0,False,False,False,0,False,False,False,1.4698740423386454
AAR_2025,Anti-Aging Routine,Product Education,Adults,facebook,2025-04-24,3545.27,28443.0,927.0,73.0,7299.95,False,False,False,0,False,False,False,7.874811218985976
PL_2025,Product Launch,Product Launch,Young Adults,instagram,2025-02-03,7149.76,118887.0,4618.0,314.0,19287.51,False,False,False,0,False,False,False,4.176593763533997
AAR_2025,Anti-Aging Routine,Product Education,Young Adults,youtube,2025-05-12,2962.88,34696.0,1824.5,77.0,7074.38,False,False,False,1,True,True,False,3.8774349136749797
BF_2025,Black Friday,Seasonal Sale,Gen Z,tiktok,2025-12-04,4892.24,159178.0,7815.0,800.0,41323.13,False,False,False,0,False,False,False,5.287668586052463
PL_2025,Product Launch,Product Launch,Adults,instagram,2025-01-20,28922.14,465087.0,35240.0,1021.0,91822.77,False,False,False,0,False,False,False,2.6056404653802496
AAR_2025,Anti-Aging Routine,Product Education,Young Adults,instagram,2025-01-22,3748.28,28649.0,1150.0,234.0,13363.54,False,False,False,0,False,False,False,11.620469565217393
NF_2025,Nature First,Brand Image,Parents,email,2025-05-04,4741.0,15424.0,748.0,25.0,2143.39,False,False,False,0,False,False,False,2.865494652406417
SS_2025,Summer Sale,Seasonal Sale,Gen Z,instagram,2025-07-20,25868.1,632678.0,36270.0,4187.0,149880.57,False,False,False,0,False,False,False,4.1323564929693966
NF_2025,Nature First,Brand Image,Parents,email,2025-04-12,7216.8,31981.0,2172.0,77.0,6379.4,False,False,False,0,False,False,False,2.937108655616943
PL_2025,Product Launch,Product Launch,Young Adults,facebook,2025-03-04,30612.55,494010.0,27581.0,332.0,17787.24,False,False,False,0,False,False,False,0.6449091766070847
TSF_2025,TikTok Skin Fails,Trend Counter,Young Adults,tiktok,2025-04-18,1808.77,116737.0,7070.0,217.0,4513.53,False,False,False,0,False,False,False,0.6384059405940594
PL_2025,Product Launch,Product Launch,Seniors,email,2025-02-10,6469.73,33348.0,4484.0,300.0,20644.46,False,False,False,0,False,False,False,4.604027653880464
SS_2025,Summer Sale,Seasonal Sale,Young Adults,facebook,2025-06-06,13533.08,391197.0,20356.0,2626.0,156632.47,False,False,False,0,False,False,False,7.694658577323639
AAR_2025,Anti-Aging Routine,Product Education,Adults,youtube,2025-03-23,2830.5,29283.0,1377.0,385.0,31149.14,False,False,False,0,False,False,False,22.621016702977485
TSF_2025,TikTok Skin Fails,Trend Counter,Gen Z,youtube,2025-05-01,23284.54,3007762.0,190935.0,5444.0,232319.81,False,False,False,0,False,False,False,1.2167481603687118
AAR_2025,Anti-Aging Routine,Product Education,Seniors,facebook,2025-02-17,4168.43,14003.0,391.0,70.0,10494.56,False,False,False,0,False,False,False,26.84030690537084
TSF_2025,TikTok Skin Fails,Trend Counter,Young Adults,youtube,2025-05-23,3485.03,401306.0,9203.0,632.0,29138.4,False,False,False,0,False,False,False,3.1661849396935784
BF_2025,Black Friday,Seasonal Sale,Parents,instagram,2025-11-21,8299.99,91990.0,5860.0,2122.0,163339.64,False,False,False,0,False,False,False,27.873658703071676
PL_2025,Product Launch,Product Launch,Seniors,linkedin,2025-03-21,8588.97,59743.0,2411.0,105.0,13767.39,False,False,False,0,False,False,False,5.710240564081293
PL_2025,Product Launch,Product Launch,Adults,email,2025-03-13,13648.25,165493.0,20333.0,490.0,132602.95,False,False,True,0,False,False,False,6.521563468253579
AAR_2025,Anti-Aging Routine,Product Education,Seniors,email,2025-04-12,4990.98,12863.0,484.0,337.0,26624.15,True,False,False,0,False,False,False,55.00857438016529
PL_2025,Product Launch,Product Launch,Seniors,linkedin,2025-03-25,17061.68,74386.0,1764.0,94.0,11746.1,False,False,False,0,False,False,False,6.6587868480725625
TSF_2025,TikTok Skin Fails,Trend Counter,Young Adults,youtube,2025-04-24,4496.94,376193.0,20660.0,988.0,57574.73,False,False,False,0,False,False,False,2.786772991287512
PL_2025,Product Launch,Product Launch,Young Adults,youtube,2025-03-26,18270.99,1087278.0,50390.0,1897.0,181621.94,False,False,False,0,False,False,False,3.604325064496924
SS_2025,Summer Sale,Seasonal Sale,Parents,instagram,2025-07-07,6486.65,82654.0,5351.0,249.0,13179.91,False,False,False,0,False,False,False,2.4630741917398615
AAR_2025,Anti-Aging Routine,Product Education,Seniors,email,2025-02-27,4729.54,19929.0,897.0,341.0,28616.83,False,False,False,0,False,False,False,31.902820512820515
DBB_2025,Don't Burn for Beauty,Social Impact,Adults,linkedin,2025-07-14,8253.35,234497.0,16274.0,474.0,21387.42,False,False,False,0,False,False,False,1.3142079390438735
NF_2025,Nature First,Brand Image,Gen Z,instagram,2025-04-12,7700.63,285445.0,3417.0,60.0,3936.55,False,False,False,0,False,False,False,1.1520485806262803
SS_2025,Summer Sale,Seasonal Sale,Gen Z,tiktok,2025-07-01,4006.22,111519.0,6370.0,255.0,14606.2,False,False,False,0,False,False,False,2.292967032967033
PL_2025,Product Launch,Product Launch,Young Adults,youtube,2025-01-27,11945.28,504054.0,16492.0,804.0,74698.87,False,False,False,0,False,False,False,4.52940031530439
PL_2025,Product Launch,Product Launch,Adults,instagram,2025-03-10,35214.15,786384.0,17279.0,845.0,50242.88,False,False,False,0,False,False,False,2.9077423462005902
DBB_2025,Don't Burn for Beauty,Social Impact,Gen Z,tiktok,2025-06-21,7449.04,701873.0,40405.0,737.0,18753.41,False,False,False,0,False,False,False,0.464135874272986
SCA_2025,Skin Cancer Awareness,Educational Awareness,Adults,youtube,2025-05-11,14581.72,640664.0,21887.0,259.0,6975.6,False,False,False,0,False,False,False,0.31870973637318956
NF_2025,Nature First,Brand Image,Young Adults,youtube,2025-02-20,10315.29,157346.0,4443.5,466.0,34273.44,False,False,False,1,True,True,False,7.713163047147519
PL_2025,Product Launch,Product Launch,Young Adults,tiktok,2025-02-24,32589.83,1331935.0,103155.0,2050.0,176186.1,False,False,False,0,False,False,False,1.7079744074451069
SS_2025,Summer Sale,Seasonal Sale,Gen Z,instagram,2025-07-12,6623.34,142200.0,4585.0,788.0,37174.56,False,False,False,1,True,True,False,8.107864776444929
TSF_2025,TikTok Skin Fails,Trend Counter,Young Adults,youtube,2025-06-04,3657.77,288167.0,4308.0,193.0,6058.36,False,False,False,0,False,False,False,1.406304549675023
AAR_2025,Anti-Aging Routine,Product Education,Young Adults,instagram,2025-05-18,4750.18,17240.0,1024.0,76.0,7895.06,False,False,False,0,False,False,False,7.71001953125
PL_2025,Product Launch,Product Launch,Young Adults,instagram,2025-02-11,12213.45,386412.0,21909.0,1686.0,125982.27,False,False,False,0,False,False,False,5.75025195125291
HP_2025,Holiday Prep,Seasonal Education,Parents,email,2025-11-07,3803.72,16738.0,1591.0,822.0,76742.26,False,False,False,0,False,False,False,48.23523570081709
PL_2025,Product Launch,Product Launch,Adults,instagram,2025-01-18,6597.16,126146.0,8326.0,117.0,10041.33,False,False,False,0,False,False,False,1.2060208983905838
HP_2025,Holiday Prep,Seasonal Education,Seniors,facebook,2025-11-02,3995.85,42990.0,3255.0,887.0,57204.72,False,False,False,0,False,False,False,17.57441474654378
PL_2025,Product Launch,Product Launch,Young Adults,tiktok,2025-02-06,26891.01,1235755.0,22347.0,896.0,62571.08,False,False,False,0,False,False,False,2.799976730657359
AAR_2025,Anti-Aging Routine,Product Education,Seniors,facebook,2025-02-09,3851.88,8974.0,278.0,37.0,5500.97,False,False,False,0,False,False,False,19.787661870503598
SS_2025,Summer Sale,Seasonal Sale,Gen Z,youtube,2025-07-06,2747.2,98309.0,7414.0,803.0,35684.69,False,False,False,0,False,False,False,4.813149446992178
BF_2025,Black Friday,Seasonal Sale,Gen Z,instagram,2025-11-30,6809.52,134049.0,3133.0,422.0,28916.54,False,False,False,0,False,False,False,9.229664857963613
NF_2025,Nature First,Brand Image,Gen Z,instagram,2025-04-09,6213.13,92299.0,1606.0,29.0,1412.29,False,False,False,0,False,False,False,0.8793835616438356
DBB_2025,Don't Burn for Beauty,Social Impact,Adults,youtube,2025-07-18,5285.23,256955.0,16791.0,1178.0,49802.55,False,False,False,0,False,False,False,2.966026442737181
AAR_2025,Anti-Aging Routine,Product Education,Seniors,linkedin,2025-01-31,5411.74,28026.0,487.0,102.0,15825.77,False,False,False,1,True,True,False,32.4964476386037
HP_2025,Holiday Prep,Seasonal Education,Adults,instagram,2025-11-19,3958.56,35307.0,2266.0,640.0,41516.95,False,False,False,0,False,False,False,18.32169020300088
AAR_2025,Anti-Aging Routine,Product Education,Seniors,facebook,2025-02-06,5370.22,27593.0,866.5,192.0,16894.33,False,False,False,1,True,True,False,19.49720715522216
TSF_2025,TikTok Skin Fails,Trend Counter,Gen Z,instagram,2025-04-22,28346.36,2494976.0,147134.0,1375.0,566829.5,False,False,True,0,False,False,False,3.8524712167140156
PL_2025,Product Launch,Product Launch,Seniors,linkedin,2025-03-19,15287.6,308881.0,7130.0,1028.0,78854.56,False,False,False,0,False,False,False,11.059545582047685
NF_2025,Nature First,Brand Image,Young Adults,linkedin,2025-03-09,7716.28,58946.0,2347.0,39.0,3292.76,False,False,False,0,False,False,False,1.4029654878568385
HP_2025,Holiday Prep,Seasonal Education,Parents,facebook,2025-11-16,6323.01,52828.0,2839.0,499.0,41888.32,False,False,False,0,False,False,False,14.754603733709052
PL_2025,Product Launch,Product Launch,Young Adults,instagram,2025-03-03,10791.56,194744.0,5054.0,84.0,6517.57,False,False,False,0,False,False,False,1.2895864661654135
SS_2025,Summer Sale,Seasonal Sale,Gen Z,tiktok,2025-06-13,6173.12,165793.0,13004.0,831.0,36414.66,False,False,False,0,False,False,False,2.800266071977853
PL_2025,Product Launch,Product Launch,Adults,facebook,2025-03-24,21104.49,183962.0,10470.0,172.0,10459.86,False,False,False,0,False,False,False,0.9990315186246419
SS_2025,Summer Sale,Seasonal Sale,Parents,email,2025-07-13,5537.26,32759.0,1135.0,435.0,25417.72,False,False,False,0,False,False,False,22.394466960352425
HP_2025,Holiday Prep,Seasonal Education,Adults,instagram,2025-11-26,5035.18,43216.0,1654.0,568.0,30803.6,False,False,False,1,True,True,False,18.623700120918983
NF_2025,Nature First,Brand Image,Gen Z,tiktok,2025-04-03,5359.85,157055.0,3870.0,20.0,1096.94,False,False,False,0,False,False,False,0.2834470284237726
AAR_2025,Anti-Aging Routine,Product Education,Young Adults,youtube,2025-03-29,4530.51,50925.0,3581.0,639.0,35916.06,False,False,False,0,False,False,False,10.029617425300195
BF_2025,Black Friday,Seasonal Sale,Gen Z,instagram,2025-12-04,29916.22,532297.0,31459.0,8388.0,580934.87,False,False,False,0,False,False,False,18.466412473378046
TSF_2025,TikTok Skin Fails,Trend Counter,Gen Z,youtube,2025-04-29,7529.13,1015909.0,186320.0,9892.0,226132.0,False,False,False,0,False,False,True,1.2136772700374119
DBB_2025,Don't Burn for Beauty,Social Impact,Adults,linkedin,2025-07-25,6039.8,54155.0,5571.0,202.0,8974.4,False,False,False,0,False,False,False,1.6109136600251301
PL_2025,Product Launch,Product Launch,Adults,email,2025-03-04,25624.96,180563.0,9574.0,1178.0,95588.94,False,False,False,0,False,False,False,9.984221850846042
PL_2025,Product Launch,Product Launch,Seniors,facebook,2025-02-23,9798.25,150248.0,7264.0,504.0,61087.25,False,False,False,0,False,False,False,8.409588381057269
AAR_2025,Anti-Aging Routine,Product Education,Seniors,facebook,2025-04-05,2980.78,10086.0,251.0,65.0,8394.52,False,False,False,0,False,False,False,33.444302788844624
NF_2025,Nature First,Brand Image,Parents,instagram,2025-03-20,3908.54,36064.0,1191.0,30.0,2644.59,False,False,False,0,False,False,False,2.220478589420655
SS_2025,Summer Sale,Seasonal Sale,Gen Z,instagram,2025-07-03,3673.33,63694.0,1949.0,125.0,8466.26,False,False,False,0,False,False,False,4.343899435608004
AAR_2025,Anti-Aging Routine,Product Education,Seniors,linkedin,2025-01-13,2118.93,6429.0,190.0,54.0,6411.22,False,False,False,0,False,False,False,33.74326315789474
AAR_2025,Anti-Aging Routine,Product Education,Adults,facebook,2025-03-15,6392.1,38018.0,2165.0,541.0,35481.42,False,False,False,0,False,False,False,16.388646651270207
DBB_2025,Don't Burn for Beauty,Social Impact,Gen Z,instagram,2025-07-18,9071.47,373076.0,27211.0,695.0,20517.6,False,False,False,0,False,False,False,0.7540185954209694
PL_2025,Product Launch,Product Launch,Young Adults,tiktok,2025-03-30,7190.26,947320.0,44950.0,1254.0,110894.47,False,False,False,0,False,False,False,2.4670627363737485
SCA_2025,Skin Cancer Awareness,Educational Awareness,Adults,facebook,2025-06-05,8820.78,240941.0,6191.0,65.0,1792.84,False,False,False,0,False,False,False,0.2895881117751575
DBB_2025,Don't Burn for Beauty,Social Impact,Adults,youtube,2025-06-26,3697.97,116504.0,19238.5,261.0,12765.84,False,False,False,1,True,True,False,0.6635569301140941
TSF_2025,TikTok Skin Fails,Trend Counter,Gen Z,tiktok,2025-03-25,49037.79,3978924.0,0.0,0.0,0.0,False,False,False,0,False,False,False,0.7661460982148245
TSF_2025,TikTok Skin Fails,Trend Counter,Young Adults,tiktok,2025-05-11,14320.03,1881514.0,166979.0,4746.0,122990.42,False,False,False,0,False,False,False,0.7365622024326413
NF_2025,Nature First,Brand Image,Young Adults,linkedin,2025-04-11,3378.05,30967.0,1140.0,12.0,926.05,False,False,False,0,False,False,False,0.8123245614035087
DBB_2025,Don't Burn for Beauty,Social Impact,Adults,youtube,2025-08-10,3623.97,156207.0,11423.0,614.0,27901.77,False,False,False,0,False,False,False,2.442595640374683
AAR_2025,Anti-Aging Routine,Product Education,Adults,youtube,2025-04-01,2592.53,17826.0,1419.0,80.0,7989.44,False,False,False,0,False,False,False,5.630331219168428
SS_2025,Summer Sale,Seasonal Sale,Young Adults,youtube,2025-06-23,9268.56,257346.0,14860.0,813.0,56819.95,False,False,False,0,False,False,False,3.8236843876177655
NF_2025,Nature First,Brand Image,Young Adults,linkedin,2025-03-02,4506.85,49079.0,1577.0,23.0,1474.23,False,False,False,0,False,False,False,0.9348319594166138
TSF_2025,TikTok Skin Fails,Trend Counter,Young Adults,instagram,2025-04-23,22029.93,1515831.0,124499.0,1278.0,68272.97,False,False,False,0,False,False,False,0.5483816737483835
SCA_2025,Skin Cancer Awareness,Educational Awareness,Seniors,youtube,2025-05-28,4692.97,208644.0,4137.0,215.0,8454.67,False,False,False,0,False,False,False,2.0436717428087987
AAR_2025,Anti-Aging Routine,Product Education,Adults,linkedin,2025-02-04,5090.31,14341.0,495.0,87.0,9478.74,False,False,False,0,False,False,False,19.148969696969697
AAR_2025,Anti-Aging Routine,Product Education,Young Adults,instagram,2025-06-07,7867.37,155179.0,5408.0,601.0,39914.58,False,False,False,0,False,False,False,7.380654585798817
HP_2025,Holiday Prep,Seasonal Education,Adults,email,2025-11-16,4565.36,23644.0,2034.0,862.0,70878.34,False,False,False,0,False,False,False,34.846774827925266
SS_2025,Summer Sale,Seasonal Sale,Adults,facebook,2025-07-08,6094.62,70594.0,4448.0,562.0,42346.14,False,False,False,0,False,False,False,9.520265287769783
SS_2025,Summer Sale,Seasonal Sale,Young Adults,facebook,2025-07-25,4063.0,51624.0,1330.0,80.0,4931.89,False,False,False,0,False,False,False,3.708187969924812
PL_2025,Product Launch,Product Launch,Adults,instagram,2025-03-16,41641.14,1311000.0,54279.0,1204.0,113430.5,False,False,False,0,False,False,False,2.0897676817922215
AAR_2025,Anti-Aging Routine,Product Education,Adults,youtube,2025-04-25,2226.08,22265.0,888.0,220.0,19242.03,False,False,False,0,False,False,False,21.6689527027027
SS_2025,Summer Sale,Seasonal Sale,Gen Z,tiktok,2025-05-22,2861.33,95382.0,5215.0,611.0,39526.83,False,False,False,0,False,False,False,7.57944966442953
SS_2025,Summer Sale,Seasonal Sale,Parents,email,2025-05-20,11360.32,38183.0,2794.0,1406.0,101565.15,False,False,False,0,False,False,False,36.35116320687187
SCA_2025,Skin Cancer Awareness,Educational Awareness,Adults,linkedin,2025-05-16,12598.68,384796.0,9668.0,567.0,24901.49,False,False,False,0,False,False,False,2.575660943318163
BF_2025,Black Friday,Seasonal Sale,Seniors,facebook,2025-11-30,13534.22,108525.0,2939.0,1018.0,75621.92,False,False,False,0,False,False,False,25.730493365090165
PL_2025,Product Launch,Product Launch,Adults,facebook,2025-02-24,8266.93,145777.0,6813.0,253.0,26546.99,False,False,False,0,False,False,False,3.8965198884485543
NF_2025,Nature First,Brand Image,Gen Z,tiktok,2025-03-25,11028.47,287786.0,4700.0,33.0,2236.37,False,False,False,0,False,False,False,0.4758234042553191
PL_2025,Product Launch,Product Launch,Adults,facebook,2025-03-15,21140.27,557311.0,0.0,0.0,0.0,False,False,False,0,False,False,False,3.2963992219790907
AAR_2025,Anti-Aging Routine,Product Education,Adults,youtube,2025-02-24,6049.36,66051.0,4518.0,292.0,110964.6,False,False,True,0,False,False,False,24.560557768924305
SS_2025,Summer Sale,Seasonal Sale,Young Adults,instagram,2025-06-27,11967.99,174669.0,12374.0,1476.0,68206.51,False,False,False,0,False,False,False,5.51208259253273
AAR_2025,Anti-Aging Routine,Product Education,Young Adults,youtube,2025-03-16,4179.54,82238.0,4586.0,478.0,48500.33,False,False,False,0,False,False,False,10.575737025730485
DBB_2025,Don't Burn for Beauty,Social Impact,Adults,linkedin,2025-07-01,4685.04,71608.0,2039.0,148.0,3794.41,False,False,False,0,False,False,False,1.8609171162334477
SS_2025,Summer Sale,Seasonal Sale,Gen Z,tiktok,2025-05-20,15525.12,494686.0,38003.0,15808.0,902661.74,False,False,False,0,False,False,False,23.752381127805698
TSF_2025,TikTok Skin Fails,Trend Counter,Young Adults,instagram,2025-04-07,4189.89,148862.0,15102.0,610.0,10335.16,False,False,False,0,False,False,False,0.6843570388028075
NF_2025,Nature First,Brand Image,Young Adults,youtube,2025-05-10,8678.34,148864.0,4307.0,117.0,7048.65,False,False,False,0,False,False,False,1.6365567680520083
PL_2025,Product Launch,Product Launch,Young Adults,instagram,2025-01-23,5729.43,75668.0,4709.0,46.0,4396.39,False,False,False,0,False,False,False,0.9336143554894882
PL_2025,Product Launch,Product Launch,Seniors,linkedin,2025-03-05,12469.99,74513.0,5716.0,450.0,39078.35,False,False,False,0,False,False,False,6.836660251924423
HP_2025,Holiday Prep,Seasonal Education,Parents,email,2025-11-15,4838.4,17076.0,1319.0,664.0,62278.92,False,False,True,0,False,False,False,47.21677028051554
BF_2025,Black Friday,Seasonal Sale,Parents,facebook,2025-11-25,73220.94,1154199.0,57943.0,5676.0,380449.82,False,False,False,0,False,False,False,6.565932381823516
SS_2025,Summer Sale,Seasonal Sale,Parents,facebook,2025-06-25,10851.09,120458.0,7191.0,315.0,20422.78,False,False,False,0,False,False,False,2.840047281323877
AAR_2025,Anti-Aging Routine,Product Education,Young Adults,email,2025-04-10,3644.79,20499.0,1248.0,124.0,9815.83,False,False,False,0,False,False,False,7.865248397435898
BF_2025,Black Friday,Seasonal Sale,Adults,facebook,2025-11-20,15763.03,308454.0,18196.0,4825.0,408889.02,False,False,False,0,False,False,False,22.471368432622555
DBB_2025,Don't Burn for Beauty,Social Impact,Young Adults,facebook,2025-08-12,2804.67,117412.0,5645.0,240.0,10043.51,False,False,False,0,False,False,False,1.77918689105403
DBB_2025,Don't Burn for Beauty,Social Impact,Gen Z,youtube,2025-08-11,3374.6,176496.0,7399.0,469.0,13618.1,False,False,False,0,False,False,False,1.8405325043924856
SS_2025,Summer Sale,Seasonal Sale,Gen Z,youtube,2025-07-02,5772.91,250650.0,8950.0,976.0,44597.89,False,False,False,1,True,True,False,4.983004469273743
DBB_2025,Don't Burn for Beauty,Social Impact,Gen Z,youtube,2025-07-18,27331.64,1981798.0,124190.0,4637.0,170186.86,False,False,False,0,False,False,False,1.370374909412996
TSF_2025,TikTok Skin Fails,Trend Counter,Gen Z,youtube,2025-03-19,3355.82,872060.0,80988.0,6002.0,96020.28,False,False,False,0,False,False,False,1.185611201659505
PL_2025,Product Launch,Product Launch,Young Adults,youtube,2025-03-07,8780.91,213775.0,10980.0,355.0,25757.54,False,False,False,0,False,False,False,2.3458597449908924
SS_2025,Summer Sale,Seasonal Sale,Young Adults,facebook,2025-07-18,6124.52,117840.0,7354.0,562.0,25601.49,False,False,False,0,False,False,False,3.481301332608105
BF_2025,Black Friday,Seasonal Sale,Seniors,email,2025-11-23,9572.96,27273.0,0.0,0.0,0.0,False,False,False,0,False,False,False,29.77045716723938
BF_2025,Black Friday,Seasonal Sale,Young Adults,email,2025-11-30,73389.61,727769.0,71299.0,19830.0,1073713.22,False,False,False,0,False,False,False,15.059302655016198
DBB_2025,Don't Burn for Beauty,Social Impact,Gen Z,youtube,2025-07-14,1969.7,82747.0,8019.0,66.0,2498.95,False,False,False,0,False,False,False,0.31162863199900237
NF_2025,Nature First,Brand Image,Gen Z,tiktok,2025-02-24,4625.03,203168.0,11966.0,117.0,5725.75,False,False,False,0,False,False,False,0.4785015878321912
HP_2025,Holiday Prep,Seasonal Education,Adults,email,2025-11-15,4689.42,13046.0,842.0,592.0,40024.76,False,False,False,0,False,False,False,47.53534441805226
NF_2025,Nature First,Brand Image,Gen Z,instagram,2025-03-28,5005.76,103134.0,7157.0,144.0,8977.31,False,False,False,0,False,False,False,1.25433980718178
NF_2025,Nature First,Brand Image,Parents,instagram,2025-05-16,2639.05,45155.0,3771.0,45.0,3148.79,False,False,False,0,False,False,False,0.8350013259082472
PL_2025,Product Launch,Product Launch,Adults,email,2025-02-06,12744.01,91458.0,6145.0,756.0,82522.09,False,False,False,0,False,False,False,13.42914401952807
NF_2025,Nature First,Brand Image,Gen Z,tiktok,2025-05-16,8954.81,103696.0,3133.0,51.0,2364.8,False,False,False,0,False,False,False,0.7548037025215449
AAR_2025,Anti-Aging Routine,Product Education,Adults,email,2025-06-08,8645.76,15210.0,760.0,168.0,13527.59,False,False,False,0,False,False,False,17.79946052631579
PL_2025,Product Launch,Product Launch,Young Adults,instagram,2025-02-06,17662.61,267665.0,8380.0,523.0,46113.02,False,False,False,0,False,False,False,5.502747016706444
AAR_2025,Anti-Aging Routine,Product Education,Young Adults,youtube,2025-03-10,4981.29,51354.0,3644.0,619.0,68109.3,False,False,False,0,False,False,False,18.690806805708014
DBB_2025,Don't Burn for Beauty,Social Impact,Adults,youtube,2025-07-03,6175.87,152580.0,7381.0,233.0,7134.97,False,False,False,0,False,False,False,0.9666671182766563
SS_2025,Summer Sale,Seasonal Sale,Young Adults,instagram,2025-06-03,19767.43,289877.0,6986.0,2295.0,80989.95,False,False,False,0,False,False,False,11.593179215574004
NF_2025,Nature First,Brand Image,Young Adults,instagram,2025-05-26,3853.45,104247.0,1692.0,35.0,2688.63,False,False,False,0,False,False,False,1.5890248226950354
BF_2025,Black Friday,Seasonal Sale,Adults,linkedin,2025-12-04,11759.18,71556.0,2955.0,1077.0,90958.74,False,False,False,0,False,False,False,30.781299492385788
AAR_2025,Anti-Aging Routine,Product Education,Young Adults,instagram,2025-02-25,3785.02,66586.0,3524.0,615.0,52466.27,False,False,False,0,False,False,False,14.888271850170261
SS_2025,Summer Sale,Seasonal Sale,Parents,instagram,2025-05-31,7071.16,103585.5,7758.0,678.0,37217.47,True,False,False,0,False,False,False,4.7973021397267335
HP_2025,Holiday Prep,Seasonal Education,Parents,facebook,2025-11-26,5266.19,58435.0,0.0,0.0,0.0,False,False,False,0,False,False,False,19.778427752554908
BF_2025,Black Friday,Seasonal Sale,Seniors,email,2025-11-21,9453.63,59467.0,2672.0,970.0,62980.58,False,False,False,0,False,False,False,23.57057634730539
HP_2025,Holiday Prep,Seasonal Education,Adults,facebook,2025-11-26,6444.24,61167.0,2391.0,382.0,33202.54,False,False,False,0,False,False,False,13.88646591384358
DBB_2025,Don't Burn for Beauty,Social Impact,Gen Z,youtube,2025-06-29,3890.01,468456.0,36967.0,520.0,19055.99,False,False,False,0,False,False,False,0.5154865149998648
DBB_2025,Don't Burn for Beauty,Social Impact,Gen Z,instagram,2025-07-30,18130.54,502224.0,17143.0,944.0,22893.15,False,False,False,0,False,False,False,1.3354226214781544
AAR_2025,Anti-Aging Routine,Product Education,Adults,youtube,2025-06-07,5482.09,68195.0,3776.0,477.0,47872.2,False,False,False,0,False,False,False,12.67801906779661
DBB_2025,Don't Burn for Beauty,Social Impact,Young Adults,facebook,2025-07-16,1530.6,88707.0,4097.0,180.0,7384.01,False,False,False,0,False,False,False,1.8022968025384427
DBB_2025,Don't Burn for Beauty,Social Impact,Adults,linkedin,2025-07-30,6811.67,133912.0,13451.0,348.0,10790.25,False,False,False,0,False,False,False,0.802189428295294
AAR_2025,Anti-Aging Routine,Product Education,Adults,email,2025-02-20,2677.75,5212.0,593.0,165.0,17912.31,False,False,False,0,False,False,False,30.206256323777406
DBB_2025,Don't Burn for Beauty,Social Impact,Young Adults,facebook,2025-08-01,5637.41,167971.0,10036.0,118.0,4045.45,False,False,False,0,False,False,False,0.40309386209645276
TSF_2025,TikTok Skin Fails,Trend Counter,Young Adults,youtube,2025-05-26,2185.07,266535.0,10734.0,799.0,24462.39,False,False,False,0,False,False,False,2.278963107881498
AAR_2025,Anti-Aging Routine,Product Education,Young Adults,facebook,2025-05-16,5125.32,63679.0,1010.0,287.0,16429.75,False,False,False,0,False,False,False,16.26707920792079
DBB_2025,Don't Burn for Beauty,Social Impact,Gen Z,youtube,2025-08-10,6238.15,446181.0,40166.0,1366.0,49601.88,False,False,False,0,False,False,False,1.234922073395409
PL_2025,Product Launch,Product Launch,Adults,instagram,2025-03-11,8866.57,168589.0,6627.0,449.0,48767.96,False,False,False,0,False,False,False,7.358979930586992
NF_2025,Nature First,Brand Image,Parents,email,2025-05-03,7452.19,26736.0,2958.0,303.0,26580.16,False,False,False,0,False,False,False,8.985855307640298
DBB_2025,Don't Burn for Beauty,Social Impact,Gen Z,youtube,2025-06-23,2744.45,129304.0,12622.0,336.0,10437.13,False,False,False,0,False,False,False,0.8268998573918555
NF_2025,Nature First,Brand Image,Parents,email,2025-03-26,5943.66,23153.0,1590.0,14.0,1325.13,False,False,False,0,False,False,False,0.8334150943396227
SS_2025,Summer Sale,Seasonal Sale,Young Adults,email,2025-07-28,2089.92,25781.0,2161.0,365.0,21236.3,False,False,False,0,False,False,False,9.827070800555298
NF_2025,Nature First,Brand Image,Gen Z,instagram,2025-05-08,4410.81,66009.0,0.0,50.0,0.0,False,False,True,0,False,False,False,1.5345451262600327
NF_2025,Nature First,Brand Image,Parents,email,2025-03-04,4939.62,21927.0,1848.0,56.0,5509.33,False,False,False,0,False,False,False,2.9812391774891775
DBB_2025,Don't Burn for Beauty,Social Impact,Gen Z,youtube,2025-07-26,3835.01,324913.0,22541.0,478.0,12143.46,False,False,False,0,False,False,False,0.5387276518344349
PL_2025,Product Launch,Product Launch,Adults,email,2025-03-05,36300.8,434117.0,35565.0,1426.0,120886.07,False,False,False,0,False,False,False,3.3990178546323633
BF_2025,Black Friday,Seasonal Sale,Seniors,facebook,2025-11-18,9414.16,46151.0,1742.0,343.0,20417.31,False,False,False,0,False,False,False,11.72061423650976
SS_2025,Summer Sale,Seasonal Sale,Adults,linkedin,2025-05-23,5380.04,62814.0,1663.0,149.0,10315.35,False,False,False,0,False,False,False,6.202856283824414
DBB_2025,Don't Burn for Beauty,Social Impact,Gen Z,instagram,2025-07-20,25772.27,1295099.0,50673.0,4035.0,123352.35,False,False,False,0,False,False,False,2.4342815700669
AAR_2025,Anti-Aging Routine,Product Education,Seniors,facebook,2025-03-20,2428.92,6943.0,105.0,161.0,3138.25,False,False,True,0,False,False,False,29.88809523809524
AAR_2025,Anti-Aging Routine,Product Education,Adults,email,2025-05-24,6172.07,32247.0,1584.0,428.0,37069.83,False,False,False,0,False,False,False,23.402670454545454
BF_2025,Black Friday,Seasonal Sale,Young Adults,email,2025-11-22,17536.56,61660.0,7525.0,5075.0,335916.34,False,False,False,0,False,False,False,44.64004518272426
SS_2025,Summer Sale,Seasonal Sale,Gen Z,instagram,2025-06-22,10480.56,187376.0,5045.0,170.0,6829.04,False,False,False,0,False,False,False,1.353625371655104
PL_2025,Product Launch,Product Launch,Seniors,facebook,2025-03-26,12132.43,113475.0,9240.0,321.0,41596.62,False,False,False,1,True,True,False,4.501798701298702
HP_2025,Holiday Prep,Seasonal Education,Adults,facebook,2025-11-28,5551.55,66844.0,4646.0,1301.0,125791.73,False,False,False,0,False,False,False,27.07527550581145
AAR_2025,Anti-Aging Routine,Product Education,Adults,linkedin,2025-03-06,5502.73,14119.0,1206.0,328.0,35060.35,False,False,False,0,False,False,False,29.071600331674958
HP_2025,Holiday Prep,Seasonal Education,Adults,facebook,2025-10-30,6564.03,71871.0,0.0,0.0,0.0,False,False,False,0,False,False,False,19.778427752554908
TSF_2025,TikTok Skin Fails,Trend Counter,Gen Z,instagram,2025-03-10,4421.53,457548.0,50681.0,3266.0,73889.21,False,False,False,0,False,False,False,1.4579272311122513
AAR_2025,Anti-Aging Routine,Product Education,Seniors,email,2025-02-14,5750.32,9007.0,963.0,196.0,26839.9,False,False,False,0,False,False,False,27.871131879543096
SCA_2025,Skin Cancer Awareness,Educational Awareness,Adults,linkedin,2025-05-10,16863.32,345790.0,6823.0,91.0,2517.59,False,False,False,0,False,False,False,0.368985783379745
SS_2025,Summer Sale, Seasonal Sale,Parents,instagram,2025-06-26,4892.43,40091.0,1697.0,335.0,13526.6,False,False,False,0,False,False,False,7.970889805539187
AAR_2025,Anti-Aging Routine,Product Education,Seniors,email,2025-04-04,6192.7,10471.0,459.0,270.0,28041.58,False,False,False,0,False,False,False,61.09276688453159
NF_2025,Nature First,Brand Image,Parents,email,2025-02-27,4259.54,41367.0,1848.0,60.5,4795.64,False,False,True,0,False,False,False,2.5950432900432903
SS_2025,Summer Sale,Seasonal Sale,Adults,linkedin,2025-06-02,8916.87,43300.0,1305.0,110.0,8531.18,True,False,False,0,False,False,False,6.537302681992338
AAR_2025,Anti-Aging Routine, Product Education,Adults,facebook,2025-04-04,5343.65,26343.0,667.0,240.0,17313.5,False,False,False,0,False,False,False,25.95727136431784
SS_2025,Summer Sale,Seasonal Sale,Parents,email,2025-06-25,4912.71,25605.0,1835.0,1703.0,66152.78,False,False,False,0,False,False,False,36.05056130790191
SS_2025,Summer Sale,Seasonal Sale,Adults,linkedin,2025-07-19,5667.89,39189.0,1588.0,618.0,47570.46,False,False,False,0,False,False,False,29.956209068010075
AAR_2025,Anti-Aging Routine,Product Education,Seniors,linkedin,2025-04-11,3261.04,13261.0,598.0,237.0,35161.58,False,False,False,0,False,False,False,58.79862876254181
PL_2025,Product Launch,Product Launch,Young Adults,tiktok,2025-03-23,24603.32,916582.0,47397.0,988.0,81749.46,False,False,False,0,False,False,False,1.7247813152731186
SS_2025,Summer Sale,Seasonal Sale,Young Adults,email,2025-05-21,9525.58,83168.0,4723.0,1407.0,89985.24,False,False,False,0,False,False,False,19.05255981367775
AAR_2025,Anti-Aging Routine,Product Education,Seniors,email,2025-01-14,5584.32,5747.0,430.0,57.0,8133.31,False,False,False,0,False,False,False,18.91467441860465
AAR_2025,Anti-Aging Routine,Product Education,Adults,linkedin,2025-06-02,2539.73,16545.0,625.0,100.0,6889.8,False,False,False,0,False,False,False,11.02368
TSF_2025,TikTok Skin Fails,Trend Counter,Young Adults,instagram,2025-05-29,44252.8,1203197.0,43910.0,5428.0,295971.33,False,False,False,1,True,True,False,6.740408335231155
AAR_2025,Anti-Aging Routine,Product Education,Young Adults,facebook,2025-04-06,5496.88,33203.0,1198.0,86.0,8918.14,False,False,False,0,False,False,False,7.444190317195325
AAR_2025,Anti-Aging Routine,Product Education,Adults,facebook,2025-04-08,2136.28,9179.0,249.0,74.0,8406.97,False,False,False,0,False,False,False,33.76293172690763
DBB_2025,Don't Burn for Beauty,Social Impact,Young Adults,facebook,2025-07-09,8696.74,293723.0,21798.0,881.0,33977.46,False,False,False,0,False,False,False,1.5587420864299477
SS_2025,Summer Sale,Seasonal Sale,Parents,instagram,2025-07-24,5709.45,48385.0,1494.0,147.0,7879.42,False,False,False,0,False,False,False,5.274042838018742
SS_2025,Summer Sale,Seasonal Sale,Gen Z,youtube,2025-05-25,7457.7,160287.0,6746.0,1036.0,69591.16,False,False,False,0,False,False,False,10.315914616068783
NF_2025,Nature First,Brand Image,Young Adults,instagram,2025-05-11,6971.01,116552.0,1911.0,69.0,4789.49,False,False,False,0,False,False,False,2.5062742019884876
PL_2025,Product Launch, Product Launch,Young Adults,facebook,2025-03-05,4888.3,88073.0,1761.0,50.0,4323.53,False,False,False,0,False,False,False,2.4551561612720043
AAR_2025,Anti-Aging Routine,Product Education ,Adults,email,2025-01-15,6481.6,9175.0,871.0,276.0,32542.57,False,False,False,0,False,False,False,37.362307692307695
NF_2025,Nature First,Brand Image,Parents,instagram,2025-03-03,3173.69,30096.0,442.0,50.0,1074.12,False,False,True,0,False,False,False,2.4301357466063345
BF_2025,Black Friday,Seasonal Sale,Adults,linkedin,2025-11-27,2732.21,14792.0,580.0,152.0,10023.2,False,False,False,0,False,False,False,17.28137931034483
AAR_2025,Anti-Aging Routine,Product Education,Adults,facebook,2025-03-28,5084.21,21947.0,1271.0,867.0,54736.23,False,False,False,0,False,False,False,43.065483870967746
SS_2025,Summer Sale,Seasonal Sale,Parents,facebook,2025-06-30,3463.53,25863.0,2640.0,452.0,32288.81,False,False,False,0,False,False,False,12.23060984848485
NF_2025,Nature First,Brand Image,Young Adults,linkedin,2025-04-13,4309.4,48296.0,1122.0,48.0,4418.37,False,False,False,0,False,False,False,3.9379411764705883
SS_2025,Summer Sale,Seasonal Sale,Young Adults,instagram,2025-07-07,8103.72,192236.0,8600.0,1067.0,38706.98,False,False,False,0,False,False,False,4.500811627906977
PL_2025,Product Launch,Product Launch,Young Adults,tiktok,2025-02-22,10399.88,357394.0,28616.0,975.0,102159.55,False,False,False,0,False,False,False,3.570015026558569
DBB_2025,Don't Burn for Beauty,Social Impact,Adults,facebook,2025-07-17,6813.94,200850.0,9721.0,255.0,6913.66,False,False,False,0,False,False,False,0.7112087233823681
NF_2025,Nature First,Brand Image,Gen Z,youtube,2025-03-01,7112.5,208133.0,7359.0,208.0,10252.64,False,False,False,0,False,False,False,1.393211034107895
NF_2025,Nature First,Brand Image,Young Adults,youtube,2025-03-25,4506.74,82711.0,2372.0,35.0,2609.77,False,False,False,0,False,False,False,1.1002403035413153
SS_2025,Summer Sale,Seasonal Sale,Young Adults,email,2025-07-16,3117.06,46979.0,4426.0,523.0,62792.0,False,False,False,0,False,False,True,14.187154185022026
SS_2025,Summer Sale,Seasonal Sale,Gen Z,instagram,2025-06-14,9739.66,116814.0,4041.0,454.0,20171.76,False,False,True,0,False,False,False,4.991774313288789
AAR_2025,Anti-Aging Routine,Product Education,Young Adults,email,2025-02-13,5037.32,24125.0,1420.0,351.0,20633.95,False,False,False,0,False,False,False,14.530950704225353
DBB_2025,Don't Burn for Beauty,Social Impact,Adults,youtube,2025-06-30,5338.55,160540.0,13475.0,484.0,20100.86,False,False,False,0,False,False,False,1.4917150278293136
AAR_2025,Anti-Aging Routine,Product Education,Young Adults,facebook,2025-06-01,2650.37,34137.0,1146.0,172.0,10044.32,False,False,False,0,False,False,False,8.764677137870855
NF_2025,Nature First,Brand Image,Young Adults,instagram,2025-05-10,8413.94,75885.0,3484.0,124.0,8385.55,False,False,False,0,False,False,False,2.406874282433984
AAR_2025,Anti-Aging Routine,Product Education,Young Adults,youtube,2025-02-04,4150.23,93658.0,1759.0,308.0,33362.87,False,False,False,0,False,False,False,18.96695281409892
AAR_2025,Anti-Aging Routine,Product Education,Young Adults,youtube,2025-05-04,6333.44,65266.0,1911.0,145.0,13999.1,False,False,False,0,False,False,False,7.325536368393512
BF_2025,Black Friday,Seasonal Sale,Parents,email,2025-11-19,8638.88,16001.0,1006.0,361.0,21582.65,False,False,False,0,False,False,False,21.45392644135189
AAR_2025,Anti-Aging Routine,Product Education,Adults,linkedin,2025-01-24,4280.63,28311.0,939.0,286.0,26659.41,False,False,False,0,False,False,False,28.391277955271566
SS_2025,Summer Sale,Seasonal Sale,Adults,facebook,2025-05-21,4625.76,42550.0,1681.0,191.0,9756.31,False,False,False,0,False,False,False,5.803872694824509
PL_2025,Product Launch,Product Launch,Young Adults,instagram,2025-02-14,13979.21,490165.0,30276.0,671.0,63857.51,False,False,False,0,False,False,False,2.109179217862333
NF_2025,Nature First,Brand Image,Young Adults,instagram,2025-10-04,8518.38,68863.0,2356.0,38.0,2311.85,False,False,False,0,False,False,False,0.981260611205433
AAR_2025,Anti-Aging Routine,Product Education,Adults,email,2025-04-18,4692.33,25330.0,2325.0,549.0,65963.62,False,False,False,0,False,False,False,28.37144946236559
PL_2025,Product Launch,Product Launch,Young Adults,youtube,2025-03-25,10008.69,455569.0,15498.0,538.0,44325.32,True,False,False,0,False,False,False,2.860067105432959
HP_2025,Holiday Prep,Seasonal Education,Parents,facebook,2025-11-15,2362.44,9676.0,456.0,120.0,7748.94,False,False,False,0,False,False,False,16.99328947368421
TSF_2025,TikTok Skin Fails,Trend Counter,Gen Z,instagram,2025-05-08,19710.93,627982.0,22010.0,931.0,23546.95,False,False,False,0,False,False,False,1.0698296228986826
NF_2025,Nature First,Brand Image,Gen Z,youtube,2025-03-26,4804.69,46099.0,1403.0,15.0,1124.64,False,False,False,0,False,False,False,0.8015965787598005
SS_2025,Summer Sale,Seasonal Sale,Young Adults,email,2025-06-25,8073.25,56236.0,3587.0,538.0,25224.56,False,False,False,0,False,False,False,7.0322163367716755
AAR_2025,Anti-Aging Routine,Product Education,Young Adults,youtube,2025-03-04,6906.07,136421.0,7978.0,826.0,47238.74,False,False,False,0,False,False,False,5.9211255953873145
DBB_2025,Don't Burn for Beauty,Social Impact,Gen Z,youtube,2025-07-01,7591.84,368863.0,22991.0,696.0,16771.1,False,False,False,0,False,False,False,0.729463703188204
TSF_2025,TikTok Skin Fails,Trend Counter,Gen Z,instagram,2025-06-10,12815.95,1356590.0,121536.0,9203.0,350760.72,False,False,False,0,False,False,False,2.8860643759873614
NF_2025,Nature First,Brand Image,Parents,instagram,2025-04-27,5396.53,48523.0,1125.0,64.0,4736.25,False,False,False,0,False,False,False,4.21
PL_2025,Product Launch,Product Launch,Adults,instagram,2025-03-25,18800.33,352517.0,11960.0,313.0,20340.26,False,False,False,0,False,False,False,1.7006906354515048
SS_2025,Summer Sale,Seasonal Sale,Gen Z,instagram,2025-07-09,9185.62,194321.0,6416.0,789.0,41512.01,False,False,False,0,False,False,False,6.470076371571072
AAR_2025,Anti-Aging Routine,Product Education,Young Adults,email,2025-06-01,5160.02,19982.0,878.0,287.0,19827.33,False,False,False,0,False,False,False,22.582380410022783
SS_2025,Summer Sale,Seasonal Sale,Parents,facebook,2025-06-10,4672.36,35945.0,2335.0,522.0,32648.65,False,False,False,0,False,False,False,13.982291220556746
NF_2025,Nature First,Brand Image,Gen Z,instagram,2025-05-31,7068.02,113823.0,4490.0,82.0,3924.63,False,False,False,0,False,False,False,0.8740824053452116
TSF_2025,TikTok Skin Fails,Trend Counter,Gen Z,instagram,2025-06-08,71910.91,4890907.0,385882.0,19364.0,469089.19,False,False,False,0,False,False,False,1.2156285859407798
AAR_2025,Anti-Aging Routine,Product Education,Young Adults,instagram,2025-02-05,4100.82,35599.0,3790.0,1174.0,88015.6,False,False,False,0,False,False,False,23.223113456464382
AAR_2025,Anti-Aging Routine,Product Education,Seniors,email,2025-01-12,5001.98,14255.0,1651.0,660.0,88540.37,False,False,False,0,False,False,False,53.628328285887335
PL_2025,Product Launch,Product Launch,Adults,facebook,2025-02-28,14815.3,388452.0,21520.0,1469.0,133334.56,False,False,False,0,False,False,False,6.195843866171003
AAR_2025,Anti-Aging Routine,Product Education,Adults,youtube,2025-02-18,2988.17,58860.0,2684.0,533.0,65193.51,False,False,False,0,False,False,False,24.289683308494784
SS_2025,Summer Sale,Seasonal Sale,Young Adults,youtube,2025-06-21,3330.44,123637.0,0.0,0.0,0.0,False,False,False,0,False,False,False,4.652836093765778
PL_2025,Product Launch,Product Launch,Seniors,email,2025-02-18,7132.97,32154.0,2871.0,237.0,25006.0,False,False,False,0,False,False,True,8.709877626083228
DBB_2025,Don't Burn for Beauty,Social Impact,Gen Z,tiktok,2025-07-10,11514.83,709321.0,53035.0,628.0,22814.57,False,False,False,0,False,False,False,0.4301795041010653
NF_2025,Nature First,Brand Image,Young Adults,youtube,2025-03-08,6298.69,139115.0,2813.0,69.0,4739.95,False,False,False,0,False,False,False,1.685015997156061
TSF_2025,TikTok Skin Fails,Trend Counter,Gen Z,instagram,2025-05-16,39278.1,2799403.0,137617.0,4154.0,228423.28,False,False,False,0,False,False,False,1.6598478385664561
NF_2025,Nature First,Brand Image,Young Adults,instagram,2025-03-20,4906.94,57368.0,2471.0,66.0,3494.14,False,False,False,0,False,False,False,1.4140590853905302
TSF_2025,TikTok Skin Fails,Trend Counter,Gen Z,tiktok,2025-04-06,202662.35,35087890.0,2167206.0,24608.0,765509.3,False,False,False,0,False,False,False,0.35322405899577614
SS_2025,Summer Sale,Seasonal Sale,Adults,linkedin,2025-07-21,4921.22,66655.0,2337.0,169.0,10708.76,False,False,False,0,False,False,False,4.582267864783911
AAR_2025,Anti-Aging Routine,Product Education,Seniors,facebook,2025-01-22,3132.14,17807.0,722.0,144.0,18619.49,False,False,False,0,False,False,False,25.78876731301939
PL_2025,Product Launch,Product Launch,Seniors,linkedin,2025-02-14,12206.09,97523.0,3092.5,108.0,10753.51,False,False,False,1,True,True,False,3.477286984640259
PL_2025,Product Launch,Product Launch,Young Adults,tiktok,2025-02-09,22313.91,806940.0,44198.0,883.0,75422.17,False,False,False,0,False,False,False,1.7064611520883297
AAR_2025,Anti-Aging Routine,Product Education,Young Adults,email,2025-04-27,3500.41,10169.0,505.0,190.0,18101.98,False,False,False,0,False,False,False,35.84550495049505
DBB_2025,Don't Burn for Beauty,Social Impact,Adults,youtube,2025-07-10,2467.47,83836.0,2814.0,179.0,6937.8,False,False,False,0,False,False,False,2.4654584221748403
AAR_2025,Anti-Aging Routine,Product Education,Adults,facebook,2025-06-01,6159.86,57348.0,1786.0,214.0,26164.55,False,False,False,0,False,False,False,14.649804031354982
AAR_2025,Anti-Aging Routine,Product Education,Young Adults,instagram,2025-04-17,4001.01,39908.5,1558.0,335.0,35394.23,True,False,False,0,False,False,False,22.71773427471117
AAR_2025,Anti-Aging Routine,Product Education,Seniors,facebook,2025-03-22,2660.56,28954.0,1005.0,337.0,50964.85,False,False,False,0,False,False,False,50.71129353233831
BF_2025,Black Friday,Seasonal Sale,Parents,email,2025-12-05,11446.9,43068.0,2975.0,1138.0,56923.14,False,False,False,0,False,False,False,19.13382857142857
DBB_2025,Don't Burn for Beauty,Social Impact,Young Adults,instagram,2025-08-04,10028.75,261723.0,14008.0,657.0,23456.36,False,False,False,0,False,False,False,1.6744974300399773
TSF_2025,TikTok Skin Fails,Trend Counter,Young Adults,facebook,2025-06-02,3570.19,185502.0,12347.0,1900.0,45130.49,False,False,False,0,False,False,False,3.6551785858913095
BF_2025,Black Friday,Seasonal Sale,Adults,email,2025-11-27,45193.8,261889.0,23503.0,12594.0,699695.0,False,False,False,0,False,False,True,29.77045716723938
TSF_2025,TikTok Skin Fails,Trend Counter,Young Adults,tiktok,2025-04-10,7256.25,2888220.0,165504.0,1724.0,87567.03,False,False,False,0,False,False,False,0.529093133700696
SS_2025,Summer Sale,Seasonal Sale,Young Adults,youtube,2025-06-13,2163.58,24508.0,1051.0,69.0,4390.99,False,False,False,0,False,False,False,4.177916270218839
DBB_2025,Don't Burn for Beauty,Social Impact,Young Adults,tiktok,2025-07-31,15112.61,554520.5,113486.0,3905.0,91814.25,True,False,False,0,False,False,False,0.8090359163244806
HP_2025,Holiday Prep,Seasonal Education,Parents,email,2025-11-02,3825.41,15855.0,567.0,244.0,23760.03,False,False,False,0,False,False,False,41.90481481481481
PL_2025,Product Launch,Product Launch,Young Adults,youtube,2025-02-22,14621.94,509155.0,35762.0,1517.0,104375.7,False,False,False,0,False,False,False,2.9186203232481405
SCA_2025,Skin Cancer Awareness,Educational Awareness,Adults,facebook,2025-05-25,11822.61,570084.0,20328.0,307.0,9639.75,False,False,False,0,False,False,False,0.4742104486422668
SCA_2025,Skin Cancer Awareness,Educational Awareness,Young Adults,youtube,2025-05-30,5206.23,645080.5,6445.0,121.0,4794.64,True,False,False,0,False,False,False,0.743931730023274
SCA_2025,Skin Cancer Awareness,Educational Awareness,Adults,linkedin,2025-05-19,8855.51,178995.0,4559.0,71.0,2075.62,False,False,False,0,False,False,False,0.4552796665935512
TSF_2025,TikTok Skin Fails,Trend Counter,Young Adults,tiktok,2025-04-14,2955.31,404368.0,61340.0,218.0,8842.48,False,False,False,0,False,False,False,0.14415520052168243
NF_2025,Nature First,Brand Image,Parents,instagram,2025-05-12,2840.63,26621.0,604.0,15.0,1070.58,False,False,False,0,False,False,False,1.7724834437086092
HP_2025,Holiday Prep,Seasonal Education,Seniors,facebook,2025-11-27,3704.66,25399.0,1287.0,234.0,23492.93,False,False,False,0,False,False,False,18.254024864024863
AAR_2025,Anti-Aging Routine,Product Education,Adults,youtube,2025-04-23,3608.95,35363.0,694.0,94.0,6945.63,False,False,False,0,False,False,False,10.008112391930835
BF_2025,Black Friday,Seasonal Sale,Gen Z,tiktok,2025-12-05,5167.76,305979.0,18938.0,1452.0,79655.06,False,False,False,0,False,False,False,4.2060967367198225
AAR_2025,Anti-Aging Routine,Product Education,Young Adults,youtube,2025-06-01,5243.39,49324.0,1430.0,133.0,9491.04,False,False,False,0,False,False,False,6.63709090909091
DBB_2025,Don't Burn for Beauty,Social Impact,Adults,facebook,2025-07-12,6345.61,215661.0,13840.0,322.0,9559.18,False,False,True,0,False,False,False,0.6906921965317919
AAR_2025,Anti-Aging Routine,Product Education,Young Adults,facebook,2025-02-27,5896.94,61121.0,2021.0,525.0,37513.38,False,False,False,0,False,False,False,18.56179119247897
SS_2025,Summer Sale,Seasonal Sale,Parents,email,2025-07-16,4044.2,14218.0,0.0,0.0,0.0,False,False,False,0,False,False,False,14.187154185022026
SS_2025,Summer Sale,Seasonal Sale,Young Adults,email,2025-06-19,8985.94,71192.0,3080.0,518.0,23279.05,False,False,False,0,False,False,False,7.558133116883116
SCA_2025,Skin Cancer Awareness,Educational Awareness,Adults,facebook,2025-05-16,11584.11,801857.0,33786.0,428.0,19042.94,False,False,False,0,False,False,False,0.5636340496063458
AAR_2025,Anti-Aging Routine,Product Education,Adults,facebook,2025-05-13,4124.43,51581.0,853.0,273.0,32764.14,False,False,False,0,False,False,False,38.410480656506444
AAR_2025,Anti-Aging Routine,Product Education,Seniors,facebook,2025-03-21,4683.05,20848.0,381.0,78.0,8343.83,False,False,False,0,False,False,False,21.89981627296588
NF_2025,Nature First,Brand Image,Young Adults,instagram,2025-04-09,5911.64,49793.0,1494.0,18.0,1661.29,False,False,False,0,False,False,False,1.1119745649263721
PL_2025,Product Launch,Product Launch,Seniors,facebook,2025-02-16,11253.23,137875.0,5755.0,134.0,15418.57,False,False,False,0,False,False,False,2.6791607298001736
PL_2025,Product Launch,Product Launch,Adults,facebook,2025-03-12,19174.92,242175.0,12263.0,549.0,40085.39,False,False,False,0,False,False,False,3.2688077958085295
NF_2025,Nature First,Brand Image,Parents,email,2025-04-14,6787.27,23772.0,1361.0,36.0,2499.8,False,False,False,0,False,False,False,1.8367376928728878
SS_2025,Summer Sale,Seasonal Sale,Parents,instagram,2025-07-27,2703.06,37924.0,3451.0,182.0,13487.17,False,False,False,0,False,False,False,3.90819182845552
TSF_2025,TikTok Skin Fails,Trend Counter,Young Adults,instagram,2025-03-28,10934.12,534868.0,55430.0,4803.0,244122.79,False,False,False,0,False,False,False,4.404163629803356
DBB_2025,Don't Burn for Beauty,Social Impact,Adults,facebook,2025-08-01,10464.28,229512.0,8525.0,468.0,13190.61,False,False,False,0,False,False,False,1.5472856304985338
TSF_2025,TikTok Skin Fails,Trend Counter,Young Adults,tiktok,2025-05-15,29573.23,2242152.0,75501.0,9110.0,461847.68,False,False,False,0,False,False,False,6.117106793287506
BF_2025,Black Friday,Seasonal Sale,Young Adults,instagram,2025-11-23,14910.43,305772.0,25808.0,4187.0,337043.91,False,False,False,0,False,False,False,13.059667932424054
TSF_2025,TikTok Skin Fails,Trend Counter,Young Adults,tiktok,2025-06-12,11530.2,1124748.0,23449.0,676.0,13413.72,False,False,False,0,False,False,False,0.5720380400017058
TSF_2025,TikTok Skin Fails,Trend Counter,Gen Z,instagram,2025-05-05,9915.97,2035983.0,154116.0,13630.0,435653.09,False,True,False,0,False,False,False,2.826786900776039
PL_2025,Product Launch,Product Launch,Young Adults,facebook,2025-03-02,34777.44,510476.0,51644.0,899.0,65762.72,False,False,False,0,False,False,False,1.2733854852451398
DBB_2025,Don't Burn for Beauty,Social Impact,Adults,youtube,2025-08-02,11933.27,328464.0,47474.0,1434.0,53460.08,True,False,False,0,False,False,False,1.126091755487214
PL_2025,Product Launch,Product Launch,Adults,instagram,2025-02-08,18884.7,364925.0,12015.5,279.0,16924.97,False,False,False,1,True,True,False,1.4085947318047523
SS_2025,Summer Sale,Seasonal Sale,Young Adults,facebook,2025-07-22,2673.53,34101.0,2274.0,229.0,14589.32,False,False,False,0,False,False,False,6.41570800351803
NF_2025,Nature First,Brand Image,Parents,facebook,2025-04-02,7411.87,134654.0,5895.0,465.0,45565.49,False,False,False,0,False,False,False,7.729514843087362
AAR_2025,Anti-Aging Routine,Product Education,Adults,facebook,2025-05-18,2918.74,19073.0,564.0,50.0,4314.17,False,False,False,0,False,False,False,7.649237588652483
NF_2025,Nature First,Brand Image,Gen Z,instagram,2025-04-04,5020.72,74138.0,2872.0,23.0,1123.9,False,False,False,0,False,False,False,0.3913300835654596
HP_2025,Holiday Prep,Seasonal Education,Adults,facebook,2025-11-20,3846.21,32794.0,1260.0,492.0,235750.51,False,False,False,0,False,False,False,187.10357936507938
AAR_2025,Anti-Aging Routine,Product Education,Seniors,email,2025-03-27,4586.0,10680.0,1155.0,583.0,54951.46,False,False,False,0,False,False,False,47.577021645021645
SS_2025,Summer Sale,Seasonal Sale,Parents,facebook,2025-06-01,4509.06,52635.0,2179.0,237.0,13629.88,False,False,False,0,False,False,False,6.2551078476365305
AAR_2025,Anti-Aging Routine,Product Education,Young Adults,instagram,2025-03-21,6414.71,55027.0,1950.0,275.0,120054.83,False,False,False,0,False,False,False,61.56657948717949
SS_2025,Summer Sale,Seasonal Sale,Young Adults,facebook,2025-07-20,9343.83,190117.0,9381.0,410.0,23182.0,False,False,False,0,False,False,False,2.4711651209892334
TSF_2025,TikTok Skin Fails,Trend Counter,Gen Z,instagram,2025-04-14,3724.32,198234.0,16337.0,427.0,15202.94,False,False,False,0,False,False,False,0.9305833384342291
NF_2025,Nature First,Brand Image,Gen Z,tiktok,2025-02-21,5453.53,110523.0,6917.0,215.0,13152.03,False,False,False,0,False,False,False,1.9014066791961834
BF_2025,Black Friday,Seasonal Sale,Gen Z,youtube,2025-11-23,40006.55,692834.0,32855.0,15222.0,823368.85,False,False,False,0,False,False,False,25.060686349109723
SS_2025,Summer Sale,Seasonal Sale,Young Adults,instagram,2025-07-24,7475.48,100615.0,2960.0,376.0,14977.11,False,False,False,0,False,False,False,5.059834459459459
NF_2025,Nature First,Brand Image,Young Adults,youtube,2025-04-15,4463.2,122874.0,0.0,0.0,0.0,False,False,False,0,False,False,False,1.393211034107895
AAR_2025,Anti-Aging Routine,Product Education,Adults,youtube,2025-05-05,3043.77,45416.0,1834.0,290.0,29054.07,False,False,False,0,False,False,False,15.84191384950927
PL_2025,Product Launch,Product Launch,Adults,email,2025-02-22,6401.77,30893.0,4396.0,565.0,63451.99,False,False,False,0,False,False,False,14.434028662420381
HP_2025,Holiday Prep,Seasonal Education,Parents,email,2025-11-16,2736.04,8552.0,543.0,192.0,16512.13,False,False,False,0,False,False,False,30.409079189686928
SS_2025,Summer Sale,Seasonal Sale ,Gen Z,youtube,2025-07-04,6215.530000000001,165219.0,15924.0,1740.0,95875.05,False,True,False,0,False,False,False,6.020789374529013
PL_2025,Product Launch,Product Launch,Seniors,email,2025-03-14,15829.49,81323.0,4341.0,1012.0,95270.06,False,False,False,0,False,False,False,21.946569914766183
BF_2025,Black Friday,Seasonal Sale,Young Adults,email,2025-11-25,17053.88,143862.0,12128.0,8062.0,539931.23,False,False,False,0,False,False,False,44.51939561345646
DBB_2025,Don't Burn for Beauty,Social Impact,Young Adults,instagram,2025-07-17,8222.76,387039.0,20166.0,600.0,25754.16,False,False,False,0,False,False,False,1.277108003570366
SS_2025,Summer Sale,Seasonal Sale,Young Adults,facebook,2025-07-13,4637.1,63683.0,2119.0,229.0,11120.23,False,False,False,0,False,False,False,5.247866918357715
AAR_2025,Anti-Aging Routine,Product Education ,Seniors,linkedin,2025-02-20,3411.89,13656.0,247.0,79.0,10884.67,False,False,False,0,False,False,False,44.06748987854251
TSF_2025,TikTok Skin Fails,Trend Counter,Young Adults,instagram,2025-04-25,8670.18,399194.0,31999.0,821.0,16800.81,False,False,False,0,False,False,False,0.5250417200537517
DBB_2025,Don't Burn for Beauty,Social Impact,Gen Z,tiktok,2025-07-13,3505.82,614143.0,46288.0,2159.0,41617.35,False,False,False,0,False,False,False,0.8990958779813342
NF_2025,Nature First,Brand Image,Young Adults,linkedin,2025-04-23,6536.92,84796.0,1456.0,37.0,6228.95,False,False,False,0,False,False,False,4.278125
NF_2025,Nature First,Brand Image,Gen Z,instagram,2025-03-29,2955.28,23498.0,1874.0,92.0,6430.34,False,False,False,0,False,False,False,3.4313447171824976
AAR_2025,Anti-Aging Routine,Product Education,Young Adults,email,2025-04-28,4922.43,10380.0,475.0,259.0,19083.37,False,False,True,0,False,False,False,40.175515789473685
PL_2025,Product Launch,Product Launch,Young Adults,youtube,2025-02-04,10016.33,248872.0,13208.0,175.0,15860.17,False,False,False,0,False,False,False,1.2008002725620837
TSF_2025,TikTok Skin Fails,Trend Counter,Young Adults,tiktok,2025-03-21,3083.29,483826.0,16798.0,262.0,6959.06,False,False,False,0,False,False,False,0.4142790808429575
PL_2025,Product Launch,Product Launch,Young Adults,youtube,2025-03-30,23302.86,1218883.0,74272.0,877.0,53064.43,False,False,False,0,False,False,False,0.7144607658336923
NF_2025,Nature First,Brand Image,Parents,facebook,2025-02-27,8301.52,128174.0,3514.0,105.0,5511.29,False,False,False,0,False,False,False,1.5683807626636312
PL_2025,Product Launch,Product Launch,Young Adults,tiktok,2025-02-12,20458.69,1147115.0,34092.0,592.0,49715.99,False,False,False,0,False,False,False,1.4582890414173413
AAR_2025,Anti-Aging Routine,Product Education,Young Adults,email,2025-04-07,7039.75,20497.0,1278.0,620.0,39794.81,False,False,False,0,False,False,False,31.1383489827856
SCA_2025,Skin Cancer Awareness,Educational Awareness,Seniors,facebook,2025-05-26,10401.695,340777.0,12881.0,830.0,26428.18,False,True,False,0,False,False,False,2.051718034314106
SS_2025,Summer Sale,Seasonal Sale,Parents,facebook,2025-05-26,4781.41,139718.0,7378.0,1056.0,73190.96,False,False,False,0,False,False,False,9.920162645703444
SS_2025,Summer Sale,Seasonal Sale,Adults,linkedin,2025-07-18,8576.02,67987.0,2379.0,685.0,36610.3,False,False,False,0,False,False,False,15.388944934846576
SS_2025,Summer Sale,Seasonal Sale,Young Adults,facebook,2025-06-19,11958.78,247721.0,8422.0,1132.0,61095.6,False,False,False,0,False,False,False,7.254286392780812
PL_2025,Product Launch,Product Launch,Adults,facebook,2025-03-14,12973.68,315689.0,26136.0,980.0,83665.16,False,False,False,0,False,False,False,3.201146311600857
SS_2025,Summer Sale,Seasonal Sale,Parents,instagram,2025-05-21,4534.23,57642.0,1874.0,175.0,12521.48,False,False,False,0,False,False,False,6.681686232657417
TSF_2025,TikTok Skin Fails,Trend Counter,Young Adults,tiktok,2025-05-19,1939.09,1521228.5,24974.0,523.0,14972.24,True,False,False,0,False,False,False,0.599513093617362
SS_2025,Summer Sale,Seasonal Sale,Young Adults,email,2025-07-06,6622.33,53834.0,0.0,0.0,0.0,False,False,False,0,False,False,False,14.187154185022026
TSF_2025,TikTok Skin Fails,Trend Counter ,Young Adults,youtube,2025-05-31,9904.05,701675.0,78489.5,1443.0,85234.37,False,False,False,1,True,True,False,1.0859334051051415
BF_2025,Black Friday,Seasonal Sale,Gen Z,instagram,2025-11-27,18332.23,302910.0,56282.0,6541.0,488505.64,False,False,False,0,False,False,False,8.679606979140756
HP_2025,Holiday Prep,Seasonal Education,Seniors,facebook,2025-11-24,2218.06,11420.0,706.0,280.0,23924.39,False,False,False,0,False,False,False,33.887237960339945
BF_2025,Black Friday,Seasonal Sale,Adults,linkedin,2025-11-16,19872.98,257041.0,12543.0,4649.0,316611.98,False,False,False,0,False,False,False,25.242125488320177
TSF_2025,TikTok Skin Fails,Trend Counter,Young Adults,tiktok,2025-04-15,2845.67,298920.0,23358.0,200.0,9131.33,False,False,False,0,False,False,False,0.39092944601421353
PL_2025,Product Launch,Product Launch,Young Adults,tiktok,2025-01-25,7068.59,301335.0,19817.0,373.0,20579.28,False,False,False,0,False,False,False,1.0384659635666347
DBB_2025,Don't Burn for Beauty,Social Impact,Adults,facebook,2025-07-21,8948.31,258642.0,19070.0,454.0,14469.87,False,False,False,0,False,False,False,0.7587766124803357
AAR_2025,Anti-Aging Routine,Product Education,Adults,linkedin,2025-02-16,5071.63,36642.0,1148.0,77.0,33005.09,False,False,False,0,False,False,False,28.75007839721254
TSF_2025,TikTok Skin Fails,Trend Counter,Gen Z,instagram,2025-06-06,15868.06,1926577.0,227586.0,8531.0,303987.63,False,False,False,0,False,False,False,1.3357044370040336
NF_2025,Nature First,Brand Image,Young Adults,instagram,2025-04-19,4373.11,89300.0,6469.0,112.0,5682.13,False,False,False,0,False,False,False,0.8783629618179007
PL_2025,Product Launch,Product Launch,Young Adults,tiktok,2025-03-02,24879.45,1227689.0,80166.0,583.0,55445.48,False,False,False,0,False,False,False,0.691633360776389
AAR_2025,Anti-Aging Routine,Product Education,Young Adults,instagram,2025-05-09,4066.95,34962.0,1176.0,112.0,7346.6,False,False,False,0,False,False,False,6.247108843537415
SS_2025,Summer Sale,Seasonal Sale,Gen Z,tiktok,2025-06-03,6062.37,262837.0,25051.0,1958.0,125370.32,False,False,False,0,False,False,False,5.004603409045547
SS_2025,Summer Sale,Seasonal Sale,Adults,linkedin,2025-06-10,5480.61,46030.0,1495.0,98.0,4591.44,False,False,False,0,False,False,False,3.0711973244147153
SS_2025,Summer Sale,Seasonal Sale,Adults,facebook,2025-07-01,2312.43,20002.0,561.0,131.0,5739.22,False,False,False,0,False,False,False,10.230338680926916
HP_2025,Holiday Prep,Seasonal Education,Parents,email,2025-10-30,6108.06,9536.0,713.0,218.0,21508.31,False,False,False,0,False,False,False,30.165932678821882
DBB_2025,Don't Burn for Beauty,Social Impact,Gen Z,youtube,2025-07-13,5536.54,339533.0,27767.0,1376.0,34830.0,False,False,False,0,False,False,True,1.2543555413413905
AAR_2025,Anti-Aging Routine,Product Education,Young Adults,email,2025-02-18,6795.84,36024.0,2420.0,580.0,53293.49,False,False,False,0,False,False,False,22.022103305785123
AAR_2025,Anti-Aging Routine,Product Education,Adults,linkedin,2025-05-21,4971.5,15641.0,327.0,73.0,4991.94,False,False,False,0,False,False,False,15.265871559633027
DBB_2025,Don't Burn for Beauty,Social Impact,Adults,linkedin,2025-07-11,6590.3,153268.0,10502.0,896.0,42288.27,False,False,False,0,False,False,False,4.026687297657589
AAR_2025,Anti-Aging Routine,Product Education,Adults,youtube,2025-05-03,5284.11,194781.0,5963.0,1123.0,75067.3,False,False,False,0,False,False,False,12.588847895354688
SCA_2025,Skin Cancer Awareness,Educational Awareness,Seniors,facebook,2025-05-18,10290.82,396902.0,12194.0,214.0,9473.8,False,False,False,0,False,False,False,0.7769230769230768
AAR_2025,Anti-Aging Routine,Product Education,Adults,linkedin,2025-04-27,2710.06,9934.0,504.0,37.0,3984.78,False,False,False,0,False,False,False,7.906309523809524
AAR_2025,Anti-Aging Routine,Product Education,Adults,facebook,2025-05-14,3246.07,28208.0,890.0,230.0,21482.84,False,False,False,0,False,False,False,24.138022471910112
NF_2025,Nature First,Brand Image,Parents,facebook,2025-05-16,7497.21,135819.0,7696.0,163.0,11088.95,False,False,False,0,False,False,False,1.4408718814968815
AAR_2025,Anti-Aging Routine,Product Education,Young Adults,email,2025-05-30,2949.48,11654.0,904.0,416.0,37460.88,False,False,False,0,False,False,False,41.439026548672565
AAR_2025,Anti-Aging Routine,Product Education,Young Adults,facebook,2025-01-26,4353.26,57891.0,2303.0,180.0,10184.29,False,True,False,0,False,False,False,4.422184107685628
AAR_2025,Anti-Aging Routine,Product Education,Seniors,facebook,2025-03-07,4993.24,27586.5,967.0,131.0,19160.41,True,False,False,0,False,False,False,19.814281282316443
PL_2025,Product Launch,Product Launch,Young Adults,tiktok,2025-03-15,29332.01,1257705.0,49574.0,2755.0,239749.37,False,False,False,0,False,False,False,4.836191753741881
TSF_2025,TikTok Skin Fails,Trend Counter,Young Adults,instagram,2025-04-28,20722.59,1007037.0,108151.0,1090.0,52469.21,False,False,False,0,False,False,False,0.48514771014599956
AAR_2025,Anti-Aging Routine,Product Education,Adults,linkedin,2025-05-30,2309.02,19295.0,695.0,79.0,9034.56,False,False,False,0,False,False,False,12.999366906474819
AAR_2025,Anti-Aging Routine,Product Education,Young Adults,youtube,2025-04-22,2882.59,30387.0,935.0,80.0,7677.86,False,False,False,0,False,False,False,8.211614973262032
AAR_2025,Anti-Aging Routine,Product Education,Seniors,email,2025-02-09,2897.52,8927.0,444.0,148.0,22631.44,False,False,False,0,False,False,False,50.971711711711706
AAR_2025,Anti-Aging Routine,Product Education,Seniors,linkedin,2025-04-08,1899.25,5134.0,131.0,33.0,3722.23,False,False,False,0,False,False,False,28.413969465648854
DBB_2025,Don't Burn for Beauty,Social Impact,Gen Z,tiktok,2025-06-20,11257.05,731344.0,53447.0,883.0,31821.71,False,False,False,0,False,False,False,0.5953881415233783
AAR_2025,Anti-Aging Routine,Product Education,Adults,email,2025-04-03,7368.7,24449.0,3148.0,779.0,80262.69,False,False,False,0,False,False,False,25.496407242693774
SCA_2025,Skin Cancer Awareness,Educational Awareness,Adults,linkedin,2025-05-30,7259.38,234155.0,3794.0,42.0,1892.6,False,False,False,0,False,False,False,0.49884027411702686
SCA_2025,Skin Cancer Awareness, Educational Awareness,Young Adults,youtube,2025-05-24,7303.59,372642.0,0.0,0.0,0.0,False,False,False,0,False,False,False,0.4939690590920619
PL_2025,Product Launch,Product Launch,Young Adults,tiktok,2025-02-15,7477.88,365727.0,19944.0,152.0,8820.47,False,False,False,0,False,False,False,0.44226183313277173
SS_2025,Summer Sale,Seasonal Sale,Adults,linkedin,2025-05-25,2095.34,33100.0,1239.0,110.0,6864.87,False,False,False,0,False,False,False,5.540653753026635
TSF_2025,TikTok Skin Fails,Trend Counter,Gen Z,tiktok,2025-06-05,15151.05,1483627.0,83408.0,1106.0,52770.47,False,False,False,1,True,True,False,0.6326787598311913
PL_2025,Product Launch,Product Launch,Young Adults,facebook,2025-03-07,17429.91,255740.0,10678.0,894.0,91147.7,False,False,False,0,False,False,False,8.536027345944934
BF_2025,Black Friday,Seasonal Sale,Gen Z,tiktok,2025-11-23,7187.02,280561.0,8881.0,616.0,36321.53,False,False,False,0,False,False,False,4.089801824118905
AAR_2025,Anti-Aging Routine,Product Education,Adults,email,2025-03-15,4765.53,20283.0,2000.0,659.0,81264.44,False,False,False,0,False,False,False,40.632220000000004
SS_2025,Summer Sale,Seasonal Sale,Adults,email,2025-06-06,6365.17,42212.0,4991.0,1386.0,73807.09,False,False,False,0,False,False,False,14.788036465638148
NF_2025,Nature First,Brand Image,Gen Z,instagram,2025-05-04,5733.4,56497.0,1226.0,20.0,1711.27,False,False,False,0,False,False,False,1.395815660685155
PL_2025,Product Launch,Product Launch,Seniors,facebook,2025-01-22,8352.91,144983.0,4990.0,230.0,16696.54,False,False,False,0,False,False,False,3.346
PL_2025,Product Launch,Product Launch,Young Adults,instagram,2025-02-25,10709.75,391892.0,13336.0,210.0,15909.22,False,False,False,0,False,False,False,1.1929529094181164
AAR_2025,Anti-Aging Routine,Product Education,Seniors,email,2025-02-21,2928.0,10559.0,425.0,216.0,30398.16,False,False,False,0,False,False,False,71.52508235294118
SS_2025,Summer Sale,Seasonal Sale,Adults,facebook,2025-06-05,4035.55,44285.0,2683.0,245.0,13621.97,False,False,False,0,False,False,False,5.077141259783824
SS_2025,Summer Sale,Seasonal Sale,Adults,linkedin,2025-06-24,8015.44,114689.0,4258.0,949.0,65997.1,False,False,False,0,False,False,False,15.499553781117896
SCA_2025,Skin Cancer Awareness,Educational Awareness,Adults,youtube,2025-05-27,16187.31,348600.0,9236.0,246.5,6204.36,False,False,True,0,False,False,False,0.6717583369423993
AAR_2025,Anti-Aging Routine,Product Education,Adults,youtube,2025-03-01,3807.18,28523.0,1073.0,183.0,19908.86,False,False,False,0,False,False,False,18.554389561975768
NF_2025,Nature First,Brand Image,Young Adults,linkedin,2025-04-18,6869.39,39876.0,0.0,0.0,0.0,False,False,False,0,False,False,False,1.770717523568567
NF_2025,Nature First,Brand Image,Gen Z,tiktok,2025-03-31,7699.14,161817.0,0.0,0.0,0.0,False,False,False,0,False,False,False,0.6142460491659351
AAR_2025,Anti-Aging Routine,Product Education,Young Adults,instagram,2025-04-30,2734.55,19979.0,0.0,0.0,0.0,False,False,False,0,False,False,False,10.850630763068924
NF_2025,Nature First,Brand Image,Young Adults,linkedin,2025-03-08,3647.71,28063.0,459.0,16.0,922.04,False,False,False,0,False,False,False,2.00880174291939
TSF_2025,TikTok Skin Fails,Trend Counter,Young Adults,instagram,2025-05-04,11542.98,831075.0,69599.0,3326.0,121127.75,False,False,False,0,False,False,False,1.7403662408942657
BF_2025,Black Friday,Seasonal Sale,Gen Z,instagram,2025-11-16,32331.79,415301.0,30317.0,4900.0,284779.03,False,False,False,0,False,False,False,9.393377642906621
AAR_2025,Anti-Aging Routine,Product Education,Adults,linkedin,2025-05-27,3852.14,16420.0,580.0,96.0,17028.27,False,False,True,0,False,False,False,29.359086206896553
BF_2025,Black Friday,Seasonal Sale,Seniors,facebook,2025-12-01,12586.62,96048.0,3758.0,383.0,26857.57,False,False,False,0,False,False,False,7.146772219265567
SS_2025,Summer Sale,Seasonal Sale,Adults,email,2025-05-25,6193.3,84735.0,5750.0,1187.0,81719.32,False,False,False,0,False,False,False,14.212055652173914
TSF_2025,TikTok Skin Fails,Trend Counter,Young Adults,facebook,2025-05-14,89156.64,2053717.0,90348.0,4061.0,251471.92,False,False,False,0,False,False,False,2.7833700801345906
AAR_2025,Anti-Aging Routine,Product Education ,Adults,email,2025-03-30,4290.92,6036.0,283.0,162.0,16082.18,False,False,False,0,False,False,False,56.82749116607774
SS_2025,Summer Sale,Seasonal Sale,Gen Z,tiktok,2025-06-17,3698.15,297188.0,17430.0,1379.0,57316.87,False,False,False,0,False,False,False,3.288403327596099
TSF_2025,TikTok Skin Fails,Trend Counter,Young Adults,facebook,2025-05-21,31934.19,1981782.0,113220.0,1691.0,32614.5,False,False,False,0,False,False,False,0.28806306306306306
PL_2025,Product Launch,Product Launch,Young Adults,tiktok,2025-03-05,29499.14,908437.0,48037.0,309.0,29530.26,False,False,False,0,False,False,False,0.6147398880029976
TSF_2025,TikTok Skin Fails,Trend Counter,Gen Z,youtube,2025-04-16,8954.2,2098220.0,183586.0,3282.0,166384.84,False,False,False,0,False,False,False,0.9063046201780092
DBB_2025,Don't Burn for Beauty,Social Impact,Young Adults,facebook,2025-07-26,15383.5,496317.0,28659.0,690.0,24607.72,False,False,False,0,False,False,False,0.8586384730800098
NF_2025,Nature First,Brand Image,Gen Z,instagram,2025-05-11,7595.2,100658.0,1870.0,20.0,1080.38,False,False,False,0,False,False,False,0.5777433155080215
NF_2025,Nature First,Brand Image,Gen Z,instagram,2025-03-25,4159.49,90464.0,2587.0,67.0,3674.4,False,False,False,0,False,False,False,1.4203324313877077
AAR_2025,Anti-Aging Routine,Product Education,Adults,linkedin,2025-05-14,4104.52,17536.0,470.0,43.0,5206.54,False,False,False,0,False,False,False,11.077744680851064
TSF_2025,TikTok Skin Fails,Trend Counter,Young Adults,instagram,2025-04-16,11481.6,752114.0,28753.0,975.0,42263.0,False,False,False,0,False,False,True,1.4698740423386454
PL_2025,Product Launch,Product Launch,Adults,instagram,2025-01-30,10747.13,210728.0,13418.0,788.0,54298.62,False,False,False,0,False,False,False,4.046699955283947
NF_2025,Nature First,Brand Image,Young Adults,instagram,2025-03-03,6862.7,35044.0,645.0,50.0,3952.54,False,False,True,0,False,False,False,6.127968992248062
NF_2025,Nature First,Brand Image,Gen Z,instagram,2025-03-17,6974.82,85010.0,3263.0,25.0,1848.43,False,False,False,0,False,False,False,0.5664817652467055
SS_2025,Summer Sale,Seasonal Sale,Adults,email,2025-06-09,4050.7,12176.0,695.0,137.0,8953.92,False,False,False,0,False,False,False,12.883338129496403
AAR_2025,Anti-Aging Routine,Product Education,Young Adults,facebook,2025-04-30,4541.49,39703.0,0.0,0.0,0.0,False,False,False,0,False,False,False,18.332014213994107
NF_2025,Nature First,Brand Image,Parents,instagram,2025-05-24,5447.21,97831.0,6777.0,50.0,28528.02,False,False,True,0,False,False,False,4.209535192563081
AAR_2025,Anti-Aging Routine,Product Education,Seniors,facebook,2025-05-01,5761.28,53525.0,2222.0,270.0,25940.45,False,False,False,0,False,False,False,11.674369936993699
AAR_2025,Anti-Aging Routine,Product Education,Young Adults,instagram,2025-02-12,2858.47,35382.0,775.0,120.0,9242.17,False,False,False,0,False,False,False,11.92538064516129
SS_2025,Summer Sale,Seasonal Sale,Gen Z,instagram,2025-06-20,3097.36,32062.0,2264.0,178.0,7555.44,False,False,False,0,False,False,False,3.337208480565371
SS_2025,Summer Sale,Seasonal Sale,Parents,email,2025-06-05,6439.99,36765.0,2143.0,451.0,28173.85,True,False,False,0,False,False,False,13.146920205319645
BF_2025,Black Friday,Seasonal Sale,Adults,facebook,2025-11-30,8778.98,93342.0,5558.0,1039.0,85850.33,False,False,False,0,False,False,False,15.446263044260526
PL_2025,Product Launch,Product Launch,Adults,youtube,2025-01-22,2680.64,130255.0,7886.0,341.0,27739.11,False,False,False,0,False,False,False,3.5175133147349733
SS_2025,Summer Sale,Seasonal Sale,Gen Z,instagram,2025-05-16,3840.4,107600.0,5784.0,695.0,32989.08,False,False,False,0,False,False,False,5.70350622406639
SCA_2025,Skin Cancer Awareness,Educational Awareness,Adults,facebook,2025-06-03,18413.91,768166.0,34400.0,663.0,15288.26,False,False,False,0,False,False,False,0.4444261627906977
AAR_2025,Anti-Aging Routine,Product Education,Adults,linkedin,2025-05-12,3210.79,15923.0,487.0,243.0,17228.47,False,False,False,1,True,True,False,35.376735112936345
AAR_2025,Anti-Aging Routine,Product Education,Seniors,facebook,2025-03-30,4774.24,15234.0,510.0,190.0,29890.47,False,False,False,0,False,False,False,58.60876470588236
SCA_2025,Skin Cancer Awareness,Educational Awareness,Adults,facebook,2025-05-27,7262.38,294910.0,4790.0,63.0,1689.91,False,False,False,0,False,False,False,0.35279958246346554
AAR_2025,Anti-Aging Routine,Product Education,Seniors,email,2025-02-16,2282.87,3730.0,146.0,92.0,9030.99,False,False,False,0,False,False,False,61.856095890410955
SS_2025,Summer Sale,Seasonal Sale,Adults,email,2025-07-12,3668.36,31174.0,1777.0,310.0,25211.0,False,False,False,0,False,False,True,14.187154185022026
PL_2025,Product Launch,Product Launch,Seniors,linkedin,2025-01-25,10320.5,60711.0,885.0,34.0,4325.0,False,True,False,0,False,False,True,4.887535440632221
AAR_2025,Anti-Aging Routine, Product Education,Young Adults,email,2025-05-16,4509.38,13816.0,704.0,226.0,14163.06,False,False,False,0,False,False,False,20.117982954545454
SS_2025,Summer Sale,Seasonal Sale,Young Adults,facebook,2025-05-14,9656.02,132724.0,4592.0,547.0,24484.97,False,False,False,0,False,False,False,5.332092770034843
SS_2025,Summer Sale,Seasonal Sale,Young Adults,instagram,2025-07-23,3290.18,41394.0,3318.0,502.0,18508.88,False,False,False,0,False,False,False,5.578324291742014
NF_2025,Nature First, Brand Image,Gen Z,tiktok,2025-05-25,8236.44,256068.0,19129.0,100.0,7222.92,False,False,False,0,False,False,False,0.37759004652621675
PL_2025,Product Launch,Product Launch,Adults,instagram,2025-02-11,4667.58,50633.0,1946.0,37.0,21114.52,False,False,False,0,False,False,False,10.850215827338129
BF_2025,Black Friday,Seasonal Sale,Young Adults,email,2025-12-05,25337.6,139586.0,13457.0,11477.0,609033.44,False,False,False,0,False,False,False,45.25774243887939
DBB_2025,Don't Burn for Beauty,Social Impact,Gen Z,youtube,2025-07-23,19323.29,953049.0,70465.0,1577.0,43966.15,False,False,False,0,False,False,False,0.6239430923153338
PL_2025,Product Launch,Product Launch,Seniors,email,2025-01-23,8790.2,62181.0,2005.0,116.0,10213.46,False,False,False,0,False,False,False,5.093995012468827
NF_2025,Nature First,Brand Image,Gen Z,instagram,2025-05-07,4016.17,108098.0,4137.0,81.0,6631.55,False,False,False,0,False,False,False,1.602985255015712
PL_2025,Product Launch,Product Launch,Young Adults,tiktok,2025-02-04,14083.72,706406.0,54129.0,2100.0,154852.87,False,False,False,0,False,False,False,2.860811579744684
AAR_2025,Anti-Aging Routine,Product Education,Seniors,linkedin,2025-02-28,5912.55,16065.0,649.0,55.0,5961.3,False,False,False,0,False,False,False,9.185362095531588
HP_2025,Holiday Prep,Seasonal Education,Parents,email,2025-11-28,3152.93,8739.0,535.0,483.0,44816.59,False,False,False,0,False,False,False,83.76932710280373
NF_2025,Nature First,Brand Image,Young Adults,youtube,2025-05-30,6108.15,90822.0,2636.0,52.0,4665.93,False,False,False,0,False,False,False,1.7700796661608498
DBB_2025,Don't Burn for Beauty,Social Impact,Adults,facebook,2025-07-10,8586.07,121528.0,12321.0,322.0,15745.08,False,False,False,0,False,False,False,1.2779060141222303
PL_2025,Product Launch,Product Launch,Young Adults,tiktok,2025-02-17,27034.83,1039897.0,38130.0,1988.0,191733.38,False,False,False,0,False,False,False,5.028412798321532
TSF_2025,TikTok Skin Fails,Trend Counter,Gen Z,instagram,2025-06-11,2689.03,346597.0,32779.0,1200.0,41548.17,False,False,False,0,False,False,False,1.267524024527899
SS_2025,Summer Sale,Seasonal Sale,Parents,email,2025-07-20,4138.55,29551.0,2081.0,726.0,28727.77,False,False,False,0,False,False,False,13.804790965881788
SS_2025,Summer Sale,Seasonal Sale,Gen Z,youtube,2025-07-14,2366.73,131400.0,9195.0,907.0,88614.09,False,False,True,0,False,False,False,9.637203915171288
SS_2025,Summer Sale,Seasonal Sale,Gen Z,tiktok,2025-07-11,8967.82,441545.0,15930.0,963.0,49828.16,False,False,False,0,False,False,False,3.12794475831764
PL_2025,Product Launch,Product Launch,Young Adults,tiktok,2025-03-04,19168.46,769882.0,36192.0,555.0,43654.36,False,False,False,0,False,False,False,1.2061881078691423
PL_2025,Product Launch,Product Launch,Young Adults,youtube,2025-03-22,41448.09,1013236.0,23030.0,1769.0,132298.31,False,False,False,0,False,False,False,5.744607468519322
NF_2025,Nature First,Brand Image,Parents,facebook,2025-03-18,6584.02,51901.0,983.0,9.0,748.42,True,False,False,0,False,False,False,0.7613631739572736
BF_2025,Black Friday,Seasonal Sale,Adults,facebook,2025-11-23,2500.21,16251.0,1138.0,753.0,60708.07,False,False,False,0,False,False,False,53.34628295254833
AAR_2025,Anti-Aging Routine,Product Education,Seniors,email,2025-05-16,3822.94,7903.0,452.0,444.0,47485.11,False,False,False,0,False,False,False,105.05555309734514
AAR_2025,Anti-Aging Routine,Product Education,Young Adults,facebook,2025-05-22,3380.59,32359.0,1731.0,83.0,8970.91,False,False,False,0,False,False,False,5.182501444251877
TSF_2025,TikTok Skin Fails,Trend Counter,Young Adults,instagram,2025-03-24,2909.18,128758.0,20199.0,1371.0,29690.0,False,False,False,0,False,False,True,1.4698740423386454
DBB_2025,Don't Burn for Beauty,Social Impact,Young Adults,instagram,2025-07-16,13599.67,446315.0,20416.0,226.0,5492.99,False,False,False,0,False,False,False,0.2690531935736677
PL_2025,Product Launch,Product Launch,Young Adults,instagram,2025-02-26,18321.79,798326.0,24017.0,548.0,49467.56,False,False,False,0,False,False,False,2.0596893866844317
AAR_2025,Anti-Aging Routine,Product Education,Seniors,email,2025-02-22,3828.05,5993.0,337.0,142.0,21628.66,False,False,False,0,False,False,False,64.17999999999999
AAR_2025,Anti-Aging Routine,Product Education,Seniors,email,2025-02-20,4612.57,12199.0,690.0,507.0,25286.0,False,False,False,0,False,False,True,36.645781081712364
AAR_2025,Anti-Aging Routine,Product Education,Seniors,email,2025-03-10,2842.46,4028.0,229.0,169.0,8392.0,False,False,False,0,False,False,True,36.645781081712364
NF_2025,Nature First,Brand Image,Gen Z,instagram,2025-03-10,5351.89,141675.0,7085.0,284.0,23507.47,False,False,False,0,False,False,False,3.317920959774171
SS_2025,Summer Sale,Seasonal Sale,Adults,facebook,2025-07-20,3546.05,46441.0,2051.0,141.0,6485.38,False,False,False,0,False,False,False,3.1620575329107754
NF_2025,Nature First,Brand Image,Parents,instagram,2025-03-30,4003.39,42106.0,2711.0,93.0,8795.74,False,False,False,0,False,False,False,3.244463297676134
DBB_2025,Don't Burn for Beauty,Social Impact,Gen Z,youtube,2025-07-27,12986.69,706513.0,66720.0,1251.0,42016.66,False,False,False,0,False,False,False,0.629746103117506
TSF_2025,TikTok Skin Fails,Trend Counter,Young Adults,instagram,2025-05-30,7650.05,651315.0,89418.0,2679.0,98230.05,False,False,False,0,False,False,False,1.098548949875864
AAR_2025,Anti-Aging Routine,Product Education,Seniors,facebook,2025-05-28,3298.08,21225.0,711.0,214.0,27465.17,False,False,False,0,False,False,False,38.628931082981715
HP_2025,Holiday Prep,Seasonal Education,Parents,facebook,2025-11-09,3443.55,30646.0,2092.0,194.0,19818.09,False,False,False,0,False,False,False,9.473274378585087
NF_2025,Nature First,Brand Image,Gen Z,instagram,2025-03-15,7066.55,97907.0,4114.0,85.0,7117.04,False,False,False,0,False,False,False,1.7299562469615946
SS_2025,Summer Sale,Seasonal Sale,Young Adults,facebook,2025-07-23,5821.67,119109.0,3640.0,244.0,9228.75,False,False,False,0,False,False,False,2.535370879120879
SS_2025,Summer Sale,Seasonal Sale ,Gen Z,tiktok,2025-06-29,2439.71,77032.0,7697.0,395.0,24320.15,False,False,False,0,False,False,False,3.159692087826426
TSF_2025,TikTok Skin Fails,Trend Counter,Young Adults,youtube,2025-05-09,155914.21,14024160.0,944228.0,31128.0,535342.95,False,False,False,0,False,False,False,0.5669636464921607
PL_2025,Product Launch,Product Launch,Seniors,facebook,2025-01-24,5473.08,42600.0,1661.0,53.0,5475.0,False,False,False,0,False,False,True,3.2963992219790907
SS_2025,Summer Sale,Seasonal Sale,Young Adults,youtube,2025-06-10,2761.13,66084.0,3899.0,620.0,34214.05,False,False,False,0,False,False,False,8.775083354706336
SS_2025,Summer Sale,Seasonal Sale,Adults,email,2025-05-24,8045.44,60734.0,4390.0,684.0,48094.2,False,False,False,0,False,False,False,10.955398633257403
DBB_2025,Don't Burn for Beauty,Social Impact,Adults,linkedin,2025-08-08,9791.77,113290.0,4435.0,111.0,4343.74,False,False,False,0,False,False,False,0.9794227733934611
PL_2025,Product Launch,Product Launch,Adults,facebook,2025-02-15,12776.885,572557.0,15436.0,668.0,39369.4,False,True,False,0,False,False,False,2.5504923555325214
SCA_2025,Skin Cancer Awareness,Educational Awareness,Seniors,linkedin,2025-05-16,10398.0,232118.0,9739.0,269.0,9393.24,False,False,False,0,False,False,False,0.9644973816613616
PL_2025,Product Launch,Product Launch,Young Adults,facebook,2025-03-28,44720.92,1061049.0,31455.0,1800.0,187548.82,False,False,False,0,False,False,False,5.962448577332697
NF_2025,Nature First,Brand Image,Parents,instagram,2025-03-27,5537.81,28588.0,1099.0,31.0,2954.27,False,False,False,0,False,False,False,2.6881437670609647
SCA_2025,Skin Cancer Awareness,Educational Awareness,Seniors,linkedin,2025-05-26,5983.8,174905.0,7667.0,110.0,3306.08,False,False,False,0,False,False,False,0.43120907786617974
PL_2025,Product Launch,Product Launch,Adults,facebook,2025-02-17,10405.61,107263.0,3910.0,260.0,105640.34,False,False,False,0,False,False,False,27.01798976982097
NF_2025,Nature First,Brand Image,Young Adults,youtube,2025-05-03,6048.25,310048.0,8150.0,144.0,8682.9,False,False,False,0,False,False,False,1.0653865030674847
AAR_2025,Anti-Aging Routine,Product Education,Seniors,facebook,2025-05-14,5247.85,27278.0,0.0,0.0,0.0,False,False,False,0,False,False,False,18.332014213994107
SS_2025,Summer Sale,Seasonal Sale,Parents,facebook,2025-07-23,1986.03,29473.0,1324.0,56.0,3571.89,False,False,False,0,False,False,False,2.697802114803625
NF_2025,Nature First, Brand Image,Gen Z,instagram,2025-03-30,6959.83,186241.0,3399.0,29.0,2487.64,False,False,False,0,False,False,False,0.7318740806119447
NF_2025,Nature First,Brand Image,Gen Z,instagram,2025-04-13,8464.25,171113.0,3168.0,26.0,1510.29,False,False,False,0,False,False,False,0.47673295454545456
AAR_2025,Anti-Aging Routine,Product Education,Adults,youtube,2025-01-28,5629.6,52453.5,4441.0,522.0,40905.69,True,False,False,0,False,False,False,9.210918712001803
TSF_2025,TikTok Skin Fails,Trend Counter,Young Adults,facebook,2025-04-08,10508.29,342209.0,15720.0,235.0,6580.76,False,False,False,0,False,False,False,0.4186234096692112
PL_2025,Product Launch,Product Launch,Seniors,linkedin,2025-04-02,4824.24,61919.0,1785.0,167.0,13628.43,False,False,False,0,False,False,False,7.634974789915966
NF_2025,Nature First,Brand Image,Gen Z,youtube,2025-03-20,8184.97,198347.0,5847.0,68.0,4427.22,False,False,False,0,False,False,False,0.7571780400205234
AAR_2025,Anti-Aging Routine,Product Education,Adults,youtube,2025-04-04,2763.61,73146.0,1501.0,246.0,18355.66,False,False,False,0,False,False,False,12.228954030646236
DBB_2025,Don't Burn for Beauty,Social Impact,Gen Z,instagram,2025-06-23,5233.44,306382.0,29109.0,797.0,16575.21,False,False,False,0,False,False,False,0.5694187364732557
TSF_2025,TikTok Skin Fails,Trend Counter,Gen Z,youtube,2025-03-18,15639.66,1289536.0,115541.0,2399.0,37054.52,False,False,False,0,False,False,False,0.32070451181831555
AAR_2025,Anti-Aging Routine,Product Education,Young Adults,email,2025-05-04,5464.48,10161.0,555.0,445.0,33558.01,False,False,False,0,False,False,False,60.46488288288289
BF_2025,Black Friday,Seasonal Sale,Parents,instagram,2025-12-05,4996.02,51635.0,2074.0,496.0,37300.48,False,False,False,0,False,False,False,17.984802314368373
AAR_2025,Anti-Aging Routine,Product Education,Adults,email,2025-02-03,3454.89,11684.0,879.0,116.0,12729.32,False,False,False,0,False,False,False,14.481592718998861
HP_2025,Holiday Prep,Seasonal Education,Seniors,email,2025-11-21,4735.81,11758.0,831.0,735.0,69457.18,False,False,False,0,False,False,False,83.5826474127557
SCA_2025,Skin Cancer Awareness,Educational Awareness,Adults,facebook,2025-05-20,7251.96,373897.0,0.0,0.0,0.0,False,False,False,0,False,False,False,0.6426069075874439
SS_2025,Summer Sale, Seasonal Sale,Young Adults,facebook,2025-07-11,6422.65,85810.0,4771.0,448.0,16467.26,False,False,False,0,False,False,False,3.451532173548522
DBB_2025,Don't Burn for Beauty,Social Impact,Gen Z,instagram,2025-07-25,15072.95,857626.0,47628.0,713.0,24010.46,False,False,False,0,False,False,False,0.5041248845217099
NF_2025,Nature First,Brand Image,Gen Z,youtube,2025-03-11,7941.01,276579.0,11343.0,95.0,6622.69,False,False,True,0,False,False,False,0.5838570043198448
PL_2025,Product Launch,Product Launch,Seniors,linkedin,2025-02-20,7441.23,42928.0,1295.0,47.0,4863.23,False,False,False,0,False,False,False,3.755389961389961
DBB_2025,Don't Burn for Beauty,Social Impact,Young Adults,tiktok,2025-06-25,16850.67,669409.0,37581.0,2735.0,122062.76,False,False,False,0,False,False,False,3.2479912721854127
TSF_2025,TikTok Skin Fails,Trend Counter,Gen Z,tiktok,2025-04-18,25254.03,2203522.0,428942.0,18762.0,964743.85,False,False,False,0,False,False,False,2.2491242405733174
AAR_2025,Anti-Aging Routine,Product Education,Seniors,facebook,2025-03-16,3355.07,12035.0,151.0,16.0,2492.41,False,False,False,0,False,False,False,16.506026490066223
DBB_2025,Don't Burn for Beauty,Social Impact,Young Adults,youtube,2025-07-11,20800.53,1307194.0,143730.0,3834.0,180289.0,False,False,False,0,False,False,True,1.2543555413413905
SCA_2025,Skin Cancer Awareness,Educational Awareness,Adults,youtube,2025-06-04,6602.03,262573.0,4863.0,39.0,1572.35,False,False,False,0,False,False,False,0.3233292206456919
TSF_2025,TikTok Skin Fails,Trend Counter,Young Adults,facebook,2025-04-19,21020.08,568051.5,163954.0,8549.0,201273.4,True,False,False,0,False,False,False,1.227621162033253
HP_2025,Holiday Prep,Seasonal Education,Parents,instagram,2025-11-01,5109.35,75335.0,4462.0,730.0,58293.65,False,False,False,0,False,False,False,13.064466606902734
NF_2025,Nature First,Brand Image,Young Adults,instagram,2025-03-29,6750.91,123519.0,3037.0,107.0,7162.19,False,False,False,0,False,False,False,2.3583108330589395
PL_2025,Product Launch,Product Launch,Young Adults,youtube,2025-02-03,6590.31,373643.0,0.0,0.0,0.0,False,False,False,0,False,False,False,2.4653793774319066
NF_2025,Nature First,Brand Image,Parents,email,2025-03-31,7434.75,79194.0,1218.5,101.0,6751.82,False,False,False,1,True,True,False,5.541091505949939
TSF_2025,TikTok Skin Fails,Trend Counter,Gen Z,youtube,2025-04-26,59246.66,3860787.0,269266.0,11886.0,326802.0,False,False,False,0,False,False,True,1.2136772700374119
NF_2025,Nature First,Brand Image,Gen Z,youtube,2025-05-29,4682.36,77919.0,3268.0,72.0,5217.61,False,False,False,0,False,False,False,1.5965758873929008
SS_2025,Summer Sale,Seasonal Sale,Young Adults,youtube,2025-05-24,1572.12,33060.0,2523.0,206.0,10635.07,False,False,False,0,False,False,False,4.215247720967103
TSF_2025,TikTok Skin Fails,Trend Counter,Young Adults,facebook,2025-05-12,2635.45,112429.0,3480.0,40.0,1145.58,False,False,False,0,False,False,False,0.3291896551724138
TSF_2025,TikTok Skin Fails,Trend Counter,Young Adults,tiktok,2025-03-16,15607.91,2005865.0,83408.0,1749.0,42126.8,False,False,False,0,False,False,False,0.505069058123921
NF_2025,Nature First,Brand Image,Parents,facebook,2025-04-14,4343.69,42246.0,1064.0,31.0,2867.07,False,False,False,0,False,False,False,2.6946146616541355
AAR_2025,Anti-Aging Routine,Product Education,Young Adults,instagram,2025-01-23,3662.04,71081.0,3725.0,1535.0,158890.54,False,False,False,0,False,False,False,42.65517852348994
SS_2025,Summer Sale,Seasonal Sale,Young Adults,youtube,2025-05-12,9368.2,360846.0,24569.0,3475.0,154921.71,False,False,False,0,False,False,False,6.305576539541699
PL_2025,Product Launch,Product Launch,Young Adults,youtube,2025-02-16,10830.09,698105.0,43965.0,1437.0,118466.85,False,False,False,0,False,False,False,2.6945718184919825
NF_2025,Nature First,Brand Image,Young Adults,youtube,2025-06-01,7321.99,216795.0,8271.0,158.0,14092.92,False,False,False,0,False,False,False,1.7038955386289445
SCA_2025,Skin Cancer Awareness,Educational Awareness,Young Adults,youtube,2025-05-29,10738.54,1155832.0,26257.0,312.0,11918.13,False,False,False,0,False,False,False,0.4539029592108771
BF_2025,Black Friday,Seasonal Sale,Gen Z,youtube,2025-11-26,46219.36,557867.0,40268.0,14105.0,920982.16,False,False,False,0,False,False,False,22.871316181583392
SS_2025,Summer Sale,Seasonal Sale,Adults,email,2025-05-31,2959.94,18385.0,1090.0,243.0,18663.04,False,False,False,0,False,False,False,17.122055045871562
NF_2025,Nature First,Brand Image,Gen Z,youtube,2025-04-16,8543.3,143947.0,3811.0,34.0,1578.06,False,False,False,0,False,False,False,0.4140802938861191
TSF_2025,TikTok Skin Fails,Trend Counter,Gen Z,instagram,2025-04-19,16916.94,758347.0,0.0,0.0,0.0,False,False,False,0,False,False,False,1.4698740423386454
TSF_2025,TikTok Skin Fails,Trend Counter,Young Adults,youtube,2025-04-06,4167.19,281184.0,37241.0,2948.0,179925.78,False,False,False,0,False,False,False,4.831389597486641
HP_2025,Holiday Prep,Seasonal Education,Parents,instagram,2025-11-06,6599.54,30214.0,1298.0,193.0,16533.91,False,False,False,0,False,False,False,12.737989214175654
DBB_2025,Don't Burn for Beauty,Social Impact,Young Adults,youtube,2025-07-03,4072.66,371561.0,19236.0,1149.0,36717.71,False,False,False,0,False,False,False,1.9088017259305468
TSF_2025,TikTok Skin Fails,Trend Counter,Young Adults,youtube,2025-05-01,32556.56,1306555.0,146293.0,8276.0,347568.78,False,False,False,0,False,False,False,2.3758401290560727
SCA_2025,Skin Cancer Awareness,Educational Awareness,Adults,facebook,2025-05-02,12159.76,203226.0,5697.0,184.0,7263.26,False,False,False,0,False,False,False,1.2749271546427945
PL_2025,Product Launch,Product Launch,Seniors,email,2025-01-15,9044.93,44690.0,2796.0,417.0,51618.54,False,False,False,0,False,False,False,18.46156652360515
SS_2025,Summer Sale,Seasonal Sale,Adults,facebook,2025-06-10,5637.12,50015.0,3245.0,428.0,18253.74,False,False,False,0,False,False,False,5.625189522342065
PL_2025,Product Launch,Product Launch,Adults,instagram,2025-03-02,8827.96,155178.0,6201.0,74.0,5718.91,False,False,False,0,False,False,False,0.9222560877277858
PL_2025,Product Launch,Product Launch,Adults,email,2025-02-23,16123.5,121881.0,4507.0,394.0,41472.25,False,False,False,0,False,False,False,9.201741735078766
TSF_2025,TikTok Skin Fails,Trend Counter,Gen Z,tiktok,2025-06-09,12815.92,727340.0,49659.0,752.0,39418.21,False,False,False,0,False,False,False,0.7937777643528867
SS_2025,Summer Sale,Seasonal Sale,Gen Z,youtube,2025-06-15,14356.05,360081.0,10511.0,657.0,35586.91,False,False,False,0,False,False,False,3.3856826182094952
DBB_2025,Don't Burn for Beauty,Social Impact,Gen Z,instagram,2025-07-16,7537.67,278761.0,12793.0,347.0,12378.57,False,False,False,0,False,False,False,0.9676049402016728
HP_2025,Holiday Prep,Seasonal Education,Adults,email,2025-11-24,5269.3,29475.0,1636.0,767.0,49241.51,False,False,False,0,False,False,False,30.098722493887532
DBB_2025,Don't Burn for Beauty,Social Impact,Young Adults,youtube,2025-06-27,13374.61,366414.0,18719.0,431.0,9625.31,False,False,False,0,False,False,False,0.5142000106843314
SS_2025,Summer Sale,Seasonal Sale,Adults,email,2025-06-18,7189.88,73213.0,1396.0,713.0,44570.55,False,False,False,0,False,False,False,31.927328080229227
HP_2025,Holiday Prep,Seasonal Education,Seniors,email,2025-11-23,4392.79,18115.0,2205.0,630.0,43100.46,False,False,False,0,False,False,False,19.54669387755102
NF_2025,Nature First,Brand Image,Gen Z,youtube,2025-03-07,8064.72,155772.0,0.0,0.0,0.0,False,False,False,0,False,False,False,1.393211034107895
AAR_2025,Anti-Aging Routine,Product Education ,Young Adults,email,2025-04-26,7096.97,18008.0,929.0,341.0,32220.55,False,False,False,0,False,False,False,34.683046286329386
NF_2025,Nature First,Brand Image,Young Adults,linkedin,2025-04-27,3814.51,39053.0,959.0,8.0,572.69,False,False,False,0,False,False,False,0.5971741397288843
AAR_2025,Anti-Aging Routine,Product Education,Seniors,linkedin,2025-02-06,5125.68,17654.0,457.0,78.0,7094.49,False,False,False,0,False,False,False,15.524048140043764
TSF_2025,TikTok Skin Fails,Trend Counter,Young Adults,youtube,2025-04-07,4522.62,182175.0,18737.0,284.0,5297.96,False,False,False,0,False,False,False,0.28275390937716816
AAR_2025,Anti-Aging Routine,Product Education,Seniors,linkedin,2025-02-03,2341.99,10999.0,361.0,178.0,24470.17,False,False,False,0,False,False,False,67.78440443213296
AAR_2025,Anti-Aging Routine,Product Education,Young Adults,email,2025-01-25,4381.11,32638.0,3059.0,1316.0,75759.72,False,True,False,0,False,False,False,24.766171951618176
BF_2025,Black Friday,Seasonal Sale,Young Adults,facebook,2025-11-28,34045.61,316425.0,27594.0,5825.0,377373.46,False,False,False,0,False,False,False,13.675924476335435
TSF_2025,TikTok Skin Fails,Trend Counter,Young Adults,tiktok,2025-06-08,8510.42,680165.0,65557.0,2554.0,47962.54,False,False,False,0,False,False,False,0.7316158457525512
AAR_2025,Anti-Aging Routine,Product Education,Adults,linkedin,2025-06-06,4914.47,16853.0,0.0,0.0,0.0,False,False,False,0,False,False,False,22.099723046488624
SS_2025,Summer Sale, Seasonal Sale,Young Adults,facebook,2025-07-28,1864.51,38766.0,2548.0,163.0,6785.62,False,False,False,0,False,False,False,2.663116169544741
AAR_2025,Anti-Aging Routine,Product Education,Seniors,facebook,2025-05-15,3850.21,9463.0,288.0,57.0,4722.21,False,False,False,0,False,False,False,16.3965625
NF_2025,Nature First,Brand Image,Gen Z,instagram,2025-04-03,7453.24,108063.0,3524.0,90.0,4645.05,False,False,False,0,False,False,False,1.3181186152099886
PL_2025,Product Launch,Product Launch,Adults,email,2025-02-13,8963.35,99693.0,6238.0,846.0,53436.7,False,False,False,0,False,False,False,8.566319333119589
AAR_2025,Anti-Aging Routine,Product Education,Seniors,facebook,2025-03-03,2500.63,18060.0,285.0,27.0,2898.66,False,False,False,0,False,False,False,10.170736842105264
SCA_2025,Skin Cancer Awareness,Educational Awareness,Adults,facebook,2025-05-12,15558.87,1222249.0,0.0,0.0,0.0,False,False,False,0,False,False,False,0.6426069075874439
PL_2025,Product Launch,Product Launch,Seniors,linkedin,2025-01-16,10320.5,143111.0,3103.0,143.0,18270.01,False,True,False,0,False,False,False,5.88785368997744
AAR_2025,Anti-Aging Routine,Product Education,Young Adults,facebook,2025-05-18,6820.59,56611.0,1317.0,161.0,7543.97,False,False,True,0,False,False,False,5.7281473044798785
HP_2025,Holiday Prep,Seasonal Education,Parents,facebook,2025-03-11,6335.68,45980.0,2412.0,760.0,47706.0,False,False,False,0,False,False,True,19.778427752554908
NF_2025,Nature First,Brand Image,Gen Z,youtube,2025-02-24,6977.14,235937.0,7642.0,78.0,6493.04,False,False,False,0,False,False,False,0.8496519235802146
AAR_2025,Anti-Aging Routine,Product Education,Young Adults,email,2025-06-06,3799.96,13913.0,1143.0,1233.0,129351.42,False,False,False,0,False,False,False,113.16834645669292
DBB_2025,Don't Burn for Beauty,Social Impact,Adults,youtube,2025-07-07,4429.45,244358.0,7708.0,223.0,9362.98,False,False,False,0,False,False,False,1.2147093928386092
TSF_2025,TikTok Skin Fails,Trend Counter,Gen Z,youtube,2025-06-03,88108.9,9150911.0,493465.0,23736.0,1332003.41,False,False,False,0,False,False,False,2.6992864944828914
AAR_2025,Anti-Aging Routine,Product Education,Young Adults,email,2025-01-21,3137.34,13961.0,1070.0,473.0,49888.27,False,False,False,0,False,False,False,46.624551401869155
SS_2025,Summer Sale,Seasonal Sale,Young Adults,facebook,2025-06-14,7344.36,62795.0,2387.0,270.0,17888.55,False,False,False,0,False,False,False,7.494155844155844
NF_2025,Nature First,Brand Image,Gen Z,tiktok,2025-05-18,12891.76,417605.0,13952.0,144.0,11810.07,False,False,False,0,False,False,False,0.8464786410550459
AAR_2025,Anti-Aging Routine,Product Education,Seniors,facebook,2025-03-31,4323.73,9900.0,146.0,69.0,6622.0,False,False,False,0,False,False,False,45.35616438356164
TSF_2025,TikTok Skin Fails,Trend Counter,Gen Z,tiktok,2025-04-15,26370.31,2476363.0,250008.0,5098.0,71081.16,False,False,False,0,False,False,False,0.2843155419026591
NF_2025,Nature First,Brand Image,Parents,facebook,2025-03-17,6994.05,94882.0,3428.0,40.0,2221.98,False,False,False,0,False,False,False,0.6481855309218203
SCA_2025,Skin Cancer Awareness,Educational Awareness,Seniors,facebook,2025-06-02,6193.54,225508.0,7967.0,74.0,2353.18,False,False,False,0,False,False,False,0.29536588427262456
AAR_2025,Anti-Aging Routine,Product Education,Seniors,facebook,2025-02-23,3807.61,34246.0,1235.0,302.0,47005.39,False,False,False,0,False,False,False,38.06104453441296
PL_2025,Product Launch,Product Launch,Adults,facebook,2025-02-25,10019.01,210991.0,15164.0,304.0,22269.76,False,False,False,0,False,False,False,1.4685940385122658
TSF_2025,TikTok Skin Fails,Trend Counter,Young Adults,facebook,2025-05-15,7967.38,262994.0,30037.0,1434.0,31893.88,False,False,False,0,False,False,False,1.0618197556347173
BF_2025,Black Friday,Seasonal Sale,Gen Z,instagram,2025-11-20,36884.04,289685.0,16418.0,3434.0,177958.06,False,False,False,0,False,False,False,10.839204531611646
AAR_2025,Anti-Aging Routine,Product Education,Young Adults,instagram,2025-03-05,5365.49,43168.0,1318.0,247.0,21625.47,False,False,False,0,False,False,False,16.40779210925645
NF_2025,Nature First,Brand Image,Young Adults,instagram,2025-03-25,7591.12,97077.0,3830.0,66.0,3295.6,False,False,False,0,False,False,False,0.8604699738903394
NF_2025,Nature First,Brand Image,Parents,facebook,2025-04-03,5566.23,28473.0,1036.0,12.0,1204.8,False,False,False,0,False,False,False,1.162934362934363
SS_2025,Summer Sale,Seasonal Sale,Young Adults,facebook,2025-05-26,6890.23,160593.0,6091.0,1160.0,45218.95,False,False,False,0,False,False,False,7.423895912001313
NF_2025,Nature First,Brand Image,Young Adults,youtube,2025-03-01,5042.22,109611.0,6575.0,115.0,8661.73,False,False,False,0,False,False,False,1.3173733840304183
NF_2025,Nature First,Brand Image,Young Adults,youtube,2025-04-07,5352.35,44566.0,1225.0,40.0,2905.05,False,False,False,0,False,False,False,2.371469387755102
TSF_2025,TikTok Skin Fails,Trend Counter,Young Adults,youtube,2025-04-23,12335.06,1553354.0,287461.0,16588.0,386833.84,False,False,False,0,False,False,False,1.345691554680461
BF_2025,Black Friday,Seasonal Sale,Parents,email,2025-11-23,8209.42,37596.0,2092.0,765.0,50775.91,False,False,False,0,False,False,False,24.271467495219888
PL_2025,Product Launch,Product Launch,Young Adults,youtube,2025-01-30,7113.36,350624.0,34964.0,589.0,31342.03,False,False,False,0,False,False,False,0.8964085916943141
HP_2025,Holiday Prep,Seasonal Education,Adults,email,2025-11-21,5149.18,23200.0,1348.0,410.0,37742.76,False,False,False,0,False,False,False,27.999080118694362
AAR_2025,Anti-Aging Routine,Product Education,Adults,email,2025-05-27,4887.83,17331.0,741.0,259.0,24476.9,False,False,False,0,False,False,False,33.03225371120108
NF_2025,Nature First,Brand Image,Parents,email,2025-05-28,4091.46,22876.0,721.0,27.0,1624.03,False,False,False,0,False,False,False,2.2524687933425795
PL_2025,Product Launch,Product Launch,Young Adults,facebook,2025-03-29,7009.32,107391.0,8785.0,304.0,12130.83,False,False,True,0,False,False,False,1.3808571428571428
BF_2025,Black Friday,Seasonal Sale,Young Adults,tiktok,2025-12-03,15387.84,304382.0,8312.0,347.0,20165.23,False,False,False,0,False,False,False,2.426038257940327
AAR_2025,Anti-Aging Routine,Product Education,Young Adults,instagram,2025-05-07,7714.33,117891.0,2298.0,242.0,20854.68,False,False,False,0,False,False,False,9.07514360313316
NF_2025,Nature First,Brand Image,Parents,instagram,2025-04-25,4069.52,23514.0,826.0,26.0,1547.28,False,False,False,0,False,False,False,1.8732203389830508
AAR_2025,Anti-Aging Routine,Product Education,Young Adults,email,2025-05-01,4724.32,18537.0,898.0,131.0,8466.62,False,False,False,0,False,False,False,9.428307349665925
AAR_2025,Anti-Aging Routine,Product Education,Seniors,email,2025-01-30,4353.75,11687.0,638.0,211.0,26745.05,False,False,False,0,False,False,False,41.92014106583072
AAR_2025,Anti-Aging Routine,Product Education,Seniors,linkedin,2025-03-16,4701.76,22343.0,897.0,294.0,31668.05,False,False,False,0,False,False,False,35.304403567447046
SS_2025,Summer Sale,Seasonal Sale,Parents,facebook,2025-06-06,5549.81,60603.0,3416.0,684.0,39622.38,False,False,False,0,False,False,False,11.59905737704918
BF_2025,Black Friday,Seasonal Sale,Adults,email,2025-11-22,43701.96,158742.0,9970.0,2023.0,120400.25,False,False,False,0,False,False,False,12.076253761283851
SS_2025,Summer Sale,Seasonal Sale,Adults,facebook,2025-07-26,2195.44,16441.0,422.0,43.0,1815.92,False,False,False,0,False,False,False,4.303127962085308
PL_2025,Product Launch,Product Launch ,Young Adults,instagram,2025-03-08,5762.86,135075.0,9753.0,244.0,16780.78,False,False,False,0,False,False,False,1.7205762329539627
HP_2025,Holiday Prep,Seasonal Education,Adults,instagram,2025-11-25,6968.79,57647.0,2129.0,284.0,22870.22,False,False,False,0,False,False,False,10.742235791451385
AAR_2025,Anti-Aging Routine,Product Education,Seniors,facebook,2025-05-05,1981.17,15384.0,406.0,86.0,10659.32,False,False,False,0,False,False,False,26.25448275862069
AAR_2025,Anti-Aging Routine,Product Education,Adults,youtube,2025-05-28,5416.41,82198.0,1824.5,450.0,37327.48,False,False,False,1,True,True,False,20.45901890929022
PL_2025,Product Launch,Product Launch,Adults,youtube,2025-03-15,8369.01,312027.0,9926.0,891.0,81825.78,False,False,False,0,False,False,False,8.243580495667942
AAR_2025,Anti-Aging Routine,Product Education,Young Adults,email,2025-04-24,6344.58,18535.0,1350.0,631.0,60747.44,False,False,False,0,False,False,False,44.998103703703705
NF_2025,Nature First,Brand Image,Young Adults,youtube,2025-03-21,6018.34,215289.0,5139.0,97.0,5861.61,False,False,False,0,False,False,False,1.1406129597197898
HP_2025,Holiday Prep,Seasonal Education,Parents,email,2025-11-19,4163.07,9547.0,854.0,316.0,26343.56,False,False,False,0,False,False,False,30.847259953161593
BF_2025,Black Friday,Seasonal Sale,Young Adults,email,2025-11-18,45958.62,226684.0,20024.0,5900.0,489483.74,False,False,False,0,False,False,False,24.444853176188573
SS_2025,Summer Sale,Seasonal Sale,Parents,email,2025-06-27,8256.84,30225.0,2693.0,465.0,20107.46,False,False,False,0,False,False,False,7.466565168956554
HP_2025,Holiday Prep,Seasonal Education,Seniors,facebook,2025-11-17,4515.04,26060.0,1512.0,152.0,10345.08,False,False,False,0,False,False,False,6.841984126984127
AAR_2025,Anti-Aging Routine,Product Education,Seniors,email,2025-02-11,3046.01,8476.0,472.0,81.0,12710.75,False,False,False,0,False,False,False,26.92955508474576
NF_2025,Nature First,Brand Image,Parents,instagram,2025-04-04,4848.29,63844.0,3219.0,53.0,5006.06,False,False,False,0,False,False,False,1.5551599875737807
SCA_2025,Skin Cancer Awareness,Educational Awareness,Seniors,youtube,2025-05-06,5758.91,125465.0,5088.0,82.0,3482.25,False,False,False,0,False,False,False,0.6844044811320755
SS_2025,Summer Sale,Seasonal Sale,Parents,instagram,2025-06-20,7451.61,188476.0,6576.0,414.0,16314.28,False,False,False,0,False,False,False,2.48088199513382
BF_2025,Black Friday,Seasonal Sale,Adults,linkedin,2025-11-22,38977.61,523845.0,37834.0,6927.0,479136.25,False,False,False,0,False,False,False,12.664171115927473
SS_2025,Summer Sale,Seasonal Sale,Parents,instagram,2025-07-01,2497.34,36342.0,1639.0,86.0,5187.64,False,False,False,0,False,False,False,3.165125076266016
DBB_2025,Don't Burn for Beauty,Social Impact,Gen Z,instagram,2025-07-29,5129.6,264447.0,15119.0,1468.0,38429.88,False,False,False,0,False,False,False,2.541826840399497
SS_2025,Summer Sale,Seasonal Sale,Adults,email,2025-05-23,5396.8,15470.0,1427.0,207.0,9791.91,False,False,False,0,False,False,False,6.861885073580939
TSF_2025,TikTok Skin Fails,Trend Counter,Young Adults,youtube,2025-03-30,10843.3,1113276.0,64917.0,1779.0,41838.65,False,False,False,0,False,False,False,0.6444945083722292
SS_2025,Summer Sale,Seasonal Sale,Young Adults,instagram,2025-06-11,7921.35,238123.0,19904.0,952.0,37356.32,False,False,False,0,False,False,False,1.8768247588424438
SS_2025,Summer Sale,Seasonal Sale,Parents,instagram,2025-05-25,4171.52,24554.0,3287.0,454.0,23099.05,False,False,True,0,False,False,False,7.027395801642835
SS_2025,Summer Sale,Seasonal Sale,Young Adults,email,2025-06-08,8541.24,120817.0,14365.0,3045.0,201988.9,False,False,False,0,False,False,False,14.061183431952662
TSF_2025,TikTok Skin Fails,Trend Counter,Gen Z,youtube,2025-05-04,40795.24,8876534.0,1103406.0,19731.0,1109284.53,False,False,False,0,False,False,False,1.005327621927015
AAR_2025,Anti-Aging Routine,Product Education,Young Adults,email,2025-05-29,4079.11,15854.0,752.0,202.0,20743.75,False,False,False,0,False,False,False,27.584773936170212
AAR_2025,Anti-Aging Routine,Product Education,Seniors,email,2025-02-23,6872.12,14031.0,645.0,329.0,46391.18,False,False,False,1,True,True,False,71.92431007751938
NF_2025,Nature First,Brand Image,Young Adults,instagram,2025-03-09,6074.18,170355.0,3432.0,133.0,10131.82,False,False,False,0,False,False,False,2.9521620046620045
SCA_2025,Skin Cancer Awareness,Educational Awareness,Adults,facebook,2025-05-10,9522.7,432936.0,17721.0,131.0,5609.28,False,False,False,0,False,False,False,0.31653292703572034
AAR_2025,Anti-Aging Routine,Product Education,Seniors,email,2025-04-26,5155.98,9706.0,532.0,272.0,27551.84,False,False,False,0,False,False,False,51.78917293233083
SS_2025,Summer Sale,Seasonal Sale,Young Adults,email,2025-06-16,4889.93,63524.0,2570.0,875.0,51637.98,False,False,False,1,True,True,False,20.092599221789886
SS_2025,Summer Sale,Seasonal Sale,Adults,linkedin,2025-07-10,10830.48,85359.0,1551.0,184.0,8288.13,False,False,True,0,False,False,False,5.343733075435202
PL_2025,Product Launch,Product Launch,Young Adults,youtube,2025-02-26,20856.08,614240.0,29187.0,478.0,44562.61,False,False,False,0,False,False,False,1.5267965189981842
NF_2025,Nature First,Brand Image,Gen Z,youtube,2025-03-18,6194.52,101390.0,4432.0,40.0,2792.26,False,False,False,0,False,False,False,0.6300225631768953
TSF_2025,TikTok Skin Fails,Trend Counter,Gen Z,instagram,2025-03-12,23460.48,1262845.0,184793.0,4709.0,104939.26,False,False,False,0,False,False,False,0.5678746489315071
AAR_2025,Anti-Aging Routine,Product Education,Adults,youtube,2025-04-07,5116.7,47710.0,1954.0,292.0,24308.87,False,False,True,0,False,False,False,12.440568065506653
SCA_2025,Skin Cancer Awareness,Educational Awareness,Adults,facebook,2025-05-26,8139.21,212870.0,5570.0,129.0,4482.4,False,False,False,0,False,False,False,0.8047396768402154
HP_2025,Holiday Prep,Seasonal Education,Adults,email,2025-11-04,6016.2,23240.0,0.0,0.0,0.0,False,False,False,0,False,False,False,38.62635338345865
AAR_2025,Anti-Aging Routine,Product Education,Young Adults,youtube,2025-03-11,4251.12,113873.0,3738.0,978.0,57793.83,False,False,False,0,False,False,False,15.461163723916533
BF_2025,Black Friday,Seasonal Sale,Young Adults,instagram,2025-11-22,10920.28,184803.0,9532.0,1655.0,118973.17,False,False,False,0,False,False,False,12.481448804028535
SS_2025,Summer Sale,Seasonal Sale,Young Adults,email,2025-07-07,3018.7,25861.0,1434.0,380.0,25062.5,False,False,False,0,False,False,False,17.47733612273361
NF_2025,Nature First,Brand Image,Gen Z,tiktok,2025-05-28,9473.04,158117.0,5871.0,166.0,9141.78,False,False,False,0,False,False,False,1.5571078180889117
SS_2025,Summer Sale,Seasonal Sale,Adults,email,2025-06-11,4091.36,43423.0,2729.0,2280.0,99954.62,False,False,False,0,False,False,False,36.62683034078417
NF_2025,Nature First,Brand Image,Young Adults,instagram,2025-03-13,6375.51,87873.0,2587.0,31.0,1962.42,False,False,False,0,False,False,False,0.7585697719366061
AAR_2025,Anti-Aging Routine,Product Education,Adults,email,2025-05-04,5243.06,7863.0,422.0,83.0,8928.73,False,False,False,0,False,False,False,21.158127962085306
SCA_2025,Skin Cancer Awareness,Educational Awareness,Young Adults,instagram,2025-06-02,5831.03,566444.0,9860.0,234.0,6983.4,False,False,False,0,False,False,False,0.7082555780933063
NF_2025,Nature First,Brand Image,Gen Z,youtube,2025-04-17,9291.02,252188.0,5362.0,224.0,11794.98,False,False,False,0,False,False,False,2.199735173442745
SCA_2025,Skin Cancer Awareness,Educational Awareness,Young Adults,instagram,2025-06-04,9130.55,224286.0,3404.0,33.0,1217.55,False,False,False,0,False,False,False,0.3576821386603995
AAR_2025,Anti-Aging Routine,Product Education,Seniors,linkedin,2025-04-23,3031.74,15026.0,248.0,37.0,5309.72,False,False,False,0,False,False,False,21.41016129032258
SS_2025,Summer Sale,Seasonal Sale,Adults,facebook,2025-07-18,4491.31,54162.0,5025.0,889.0,57425.32,False,False,False,0,False,False,False,11.427924378109452
PL_2025,Product Launch,Product Launch,Young Adults,facebook,2025-03-21,12116.82,154976.0,3775.0,304.0,12878.64,False,False,True,0,False,False,False,3.411560264900662
AAR_2025,Anti-Aging Routine,Product Education,Young Adults,email,2025-06-05,4586.57,18256.0,1168.0,259.0,34526.09,False,False,True,0,False,False,False,29.560008561643834
TSF_2025,TikTok Skin Fails,Trend Counter,Gen Z,youtube,2025-05-29,20051.26,1183764.0,70692.0,4809.0,272234.88,False,False,False,0,False,False,False,3.8509998302495334
TSF_2025,TikTok Skin Fails,Trend Counter,Gen Z,tiktok,2025-04-10,5463.97,515271.0,151884.0,707.0,29625.82,False,False,False,0,False,False,False,0.19505556872349952
SS_2025,Summer Sale,Seasonal Sale,Young Adults,instagram,2025-05-13,9185.05,173743.0,10545.0,907.0,51992.03,False,False,False,0,False,False,False,4.930491228070175
SS_2025,Summer Sale,Seasonal Sale,Gen Z,tiktok,2025-06-20,10355.19,218115.0,13088.0,477.0,26615.78,False,False,False,0,False,False,False,2.033601772616137
NF_2025,Nature First,Brand Image,Parents,email,2025-04-04,4609.75,17315.0,1605.0,88.0,8391.59,False,False,False,0,False,False,False,5.228404984423676
SS_2025,Summer Sale,Seasonal Sale,Gen Z,instagram,2025-05-26,4592.23,94223.0,0.0,0.0,0.0,False,False,False,0,False,False,False,5.515245255411358
AAR_2025,Anti-Aging Routine,Product Education,Young Adults,youtube,2025-06-08,4353.46,31429.0,846.0,163.0,16842.26,False,False,False,0,False,False,False,19.908108747044917
PL_2025,Product Launch,Product Launch,Adults,instagram,2025-02-27,22428.02,278391.0,6259.0,305.0,29875.43,True,False,False,0,False,False,False,4.773195398625979
SS_2025,Summer Sale,Seasonal Sale,Young Adults,facebook,2025-06-11,3138.43,102515.0,3567.0,263.0,16627.36,False,False,False,0,False,False,False,4.661440986823662
NF_2025,Nature First,Brand Image,Gen Z,youtube,2025-02-23,4892.24,58011.0,1179.0,14.0,971.69,False,False,False,0,False,False,False,0.824164546225615
NF_2025,Nature First,Brand Image,Young Adults,linkedin,2025-04-19,4838.49,40862.0,1688.0,50.0,3145.72,False,False,False,0,False,False,False,1.8635781990521325
SS_2025,Summer Sale,Seasonal Sale,Gen Z,tiktok,2025-06-11,4621.83,123286.0,6784.0,331.0,18080.72,False,False,False,0,False,False,False,2.6652004716981135
AAR_2025,Anti-Aging Routine,Product Education,Seniors,email,2025-04-24,5386.49,13028.0,434.0,199.0,27430.33,False,False,False,0,False,False,False,63.203525345622126
AAR_2025,Anti-Aging Routine,Product Education,Young Adults,email,2025-04-12,6710.38,40003.0,2667.0,530.0,37775.32,False,False,False,0,False,False,False,14.163974503187102
DBB_2025,Don't Burn for Beauty,Social Impact,Young Adults,facebook,2025-07-02,6152.35,241498.0,6882.0,136.0,3613.88,False,False,False,0,False,False,False,0.5251206044754432
AAR_2025,Anti-Aging Routine,Product Education,Adults,youtube,2025-01-17,5099.89,51276.0,1507.0,191.0,16714.84,False,False,False,0,False,False,False,11.091466489714666
SS_2025,Summer Sale,Seasonal Sale,Adults,linkedin,2025-07-03,3670.16,19142.0,1314.0,66.0,3993.93,False,False,False,0,False,False,False,3.039520547945205
TSF_2025,TikTok Skin Fails,Trend Counter,Gen Z,instagram,2025-05-26,21980.18,2061991.0,214732.0,4221.0,64413.33,False,False,False,0,False,False,False,0.2999708008121752
SS_2025,Summer Sale,Seasonal Sale,Gen Z,tiktok,2025-06-02,4201.85,122853.0,5831.0,339.0,19551.79,False,False,False,0,False,False,False,3.3530766592351227
AAR_2025,Anti-Aging Routine,Product Education,Adults,email,2025-04-25,3295.29,16768.0,1430.0,1341.0,121491.05,False,False,False,0,False,False,False,84.95877622377623
TSF_2025,TikTok Skin Fails,Trend Counter,Gen Z,tiktok,2025-05-05,23714.39,1521228.5,732694.0,11862.0,536934.25,True,False,False,0,False,False,False,0.7328219556868215
SCA_2025,Skin Cancer Awareness,Educational Awareness,Young Adults,youtube,2025-05-08,6441.94,887978.0,31295.0,175.0,6253.66,False,False,False,0,False,False,False,0.19982936571337273
SS_2025,Summer Sale,Seasonal Sale,Parents,facebook,2025-05-23,3127.72,42047.0,1198.0,107.0,7201.89,False,False,False,0,False,False,False,6.011594323873122
NF_2025,Nature First,Brand Image,Parents,instagram,2025-05-05,3917.83,24902.0,755.0,12.0,1136.36,False,False,False,0,False,False,False,1.5051125827814569
NF_2025,Nature First,Brand Image,Young Adults,youtube,2025-03-17,5271.59,104334.0,5221.0,261.0,13882.05,False,False,False,0,False,False,False,2.6588871863627657
AAR_2025,Anti-Aging Routine,Product Education,Adults,linkedin,2025-01-26,3023.77,11719.0,0.0,0.0,0.0,False,False,False,0,False,False,False,22.099723046488624
NF_2025,Nature First, Brand Image,Gen Z,tiktok,2025-04-04,4174.03,98688.0,2767.0,12.0,1033.33,False,False,False,0,False,False,False,0.3734477773762197
SS_2025,Summer Sale,Seasonal Sale,Gen Z,tiktok,2025-06-16,13338.41,2046562.0,48923.0,3014.0,145190.58,False,False,False,0,False,False,False,2.9677366473846654
DBB_2025,Don't Burn for Beauty,Social Impact,Gen Z,tiktok,2025-08-12,1934.83,110144.0,6809.0,80.0,1563.78,False,False,False,0,False,False,False,0.22966368042296958
TSF_2025,TikTok Skin Fails,Trend Counter,Young Adults,youtube,2025-03-19,8519.4,583272.0,20844.0,1056.0,42988.51,False,False,False,0,False,False,False,2.062392535022069
SS_2025,Summer Sale,Seasonal Sale,Adults,linkedin,2025-05-31,5098.34,35024.0,1050.0,115.0,6441.74,False,True,False,0,False,False,False,6.134990476190476
BF_2025,Black Friday,Seasonal Sale,Gen Z,youtube,2025-11-27,11967.09,426356.0,22342.0,2851.0,128004.82,False,False,False,0,False,False,False,5.729335780145019
SCA_2025,Skin Cancer Awareness,Educational Awareness,Young Adults,tiktok,2025-05-24,5018.61,613534.0,16359.0,123.0,3912.28,False,False,False,0,False,False,False,0.23915153738003547
SS_2025,Summer Sale,Seasonal Sale,Young Adults,instagram,2025-08-07,3610.59,58181.0,1132.0,113.0,4077.66,False,False,False,0,False,False,False,3.602173144876325
NF_2025,Nature First,Brand Image,Gen Z,tiktok,2025-02-22,7369.18,333996.0,17695.0,208.0,13902.43,False,False,False,0,False,False,False,0.7856699632664594
HP_2025,Holiday Prep,Seasonal Education,Parents,instagram,2025-11-25,4104.55,20300.0,2385.0,815.0,68148.43,False,False,False,0,False,False,False,28.57376519916142
PL_2025,Product Launch,Product Launch,Young Adults,youtube,2025-02-10,27659.03,474291.0,30679.0,1421.0,102738.42,False,False,False,0,False,False,False,3.348819061899019
PL_2025,Product Launch,Product Launch,Seniors,email,2025-01-20,9187.4,82990.0,4713.0,719.0,74957.91,False,False,False,0,False,False,False,15.904500318268619
NF_2025,Nature First,Brand Image,Young Adults,instagram,2025-05-27,8080.61,54100.0,2136.0,62.0,4704.41,False,False,False,0,False,False,False,2.202439138576779
NF_2025,Nature First,Brand Image,Parents,facebook,2025-03-20,5451.64,51053.0,1105.0,47.0,1816.26,False,False,True,0,False,False,False,1.6436742081447964
AAR_2025,Anti-Aging Routine,Product Education,Young Adults,youtube,2025-06-02,2489.05,48034.0,2216.0,379.0,25248.72,False,False,False,0,False,False,False,11.393826714801445
TSF_2025,TikTok Skin Fails,Trend Counter,Gen Z,youtube,2025-05-14,83945.06,9315355.0,852866.0,48142.0,10678054.06,False,False,False,0,False,False,False,12.520201368092994
NF_2025,Nature First,Brand Image,Young Adults,linkedin,2025-04-03,5053.110000000001,31786.0,827.0,16.0,1156.81,False,True,False,0,False,False,False,1.3988029020556227
AAR_2025,Anti-Aging Routine,Product Education,Adults,linkedin,2025-02-09,3147.11,23668.0,609.0,97.0,8917.04,False,False,False,0,False,False,False,14.642101806239738
SS_2025,Summer Sale,Seasonal Sale,Gen Z,instagram,2025-07-24,1826.91,38831.0,1033.0,47.0,1793.77,False,False,False,0,False,False,False,1.7364666021297193
AAR_2025,Anti-Aging Routine,Product Education,Adults,email,2025-03-16,4250.64,14076.0,860.0,292.0,26664.49,False,False,False,0,False,False,False,31.00522093023256
AAR_2025,Anti-Aging Routine,Product Education,Young Adults,youtube,2025-04-01,3259.89,50600.0,2610.0,301.0,22636.47,False,False,False,0,False,False,False,8.672977011494254
DBB_2025,Don't Burn for Beauty,Social Impact,Gen Z,instagram,2025-07-26,6854.6,212042.0,30484.0,609.0,14681.96,False,False,False,0,False,False,False,0.4816283952237239
SCA_2025,Skin Cancer Awareness,Educational Awareness,Young Adults,instagram,2025-05-30,9076.2,448173.0,10929.0,72.0,3049.82,False,False,False,0,False,False,False,0.27905755329856347
SS_2025,Summer Sale,Seasonal Sale,Parents,instagram,2025-07-22,6146.5,136327.0,6615.0,942.0,41720.89,False,False,False,0,False,False,False,6.307012849584278
TSF_2025,TikTok Skin Fails,Trend Counter,Gen Z,youtube,2025-05-28,12505.68,1249525.0,49599.0,3507.0,178108.21,False,False,False,0,False,False,False,3.5909637291074414
PL_2025,Product Launch,Product Launch,Seniors,email,2025-03-23,10014.2,23512.0,2238.0,1344.0,100379.97,False,False,False,0,False,False,False,44.85253351206434
NF_2025,Nature First,Brand Image,Young Adults,linkedin,2025-05-20,5956.08,41137.0,1955.0,25.0,1325.14,False,False,False,0,False,False,False,0.6778209718670077
AAR_2025,Anti-Aging Routine,Product Education,Adults,youtube,2025-03-06,4454.67,47555.0,1053.0,215.0,23986.84,False,False,False,0,False,False,False,22.77952516619183
AAR_2025,Anti-Aging Routine,Product Education,Young Adults,youtube,2025-04-16,6318.11,84266.0,3650.0,406.0,22019.91,False,False,False,0,False,False,False,6.03285205479452
DBB_2025,Don't Burn for Beauty,Social Impact,Gen Z,youtube,2025-08-06,38297.88,1435674.0,133084.0,5262.0,112028.77,False,False,False,0,False,False,False,0.8417899221544288
NF_2025,Nature First,Brand Image,Gen Z,instagram,2025-04-15,6663.57,145578.0,5094.0,40.0,3251.52,False,False,False,0,False,False,False,0.6383038869257951
AAR_2025,Anti-Aging Routine,Product Education,Adults,linkedin,2025-04-11,4203.47,33326.0,2548.0,932.0,112136.5,False,False,False,0,False,False,False,44.00961538461539
AAR_2025,Anti-Aging Routine,Product Education,Seniors,facebook,2025-01-20,6696.1,19094.0,612.0,442.0,57620.03,False,False,False,0,False,False,False,94.15037581699346
SS_2025,Summer Sale,Seasonal Sale,Parents,facebook,2025-07-14,3705.31,91728.0,4759.0,595.0,38423.65,False,False,False,0,False,False,False,8.073891573860054
HP_2025,Holiday Prep,Seasonal Education,Parents,instagram,2025-11-21,3328.69,33228.0,3295.0,534.0,41715.22,False,False,False,0,False,False,False,12.660157814871017
SCA_2025,Skin Cancer Awareness,Educational Awareness,Young Adults,tiktok,2025-05-02,6065.02,395580.0,13274.0,44.0,1007.14,False,False,False,0,False,False,False,0.0758731354527648
AAR_2025,Anti-Aging Routine,Product Education,Adults,youtube,2025-04-19,5843.84,80146.0,2922.0,1071.0,130870.76,False,False,False,0,False,False,False,44.78807665982204
TSF_2025,TikTok Skin Fails,Trend Counter,Gen Z,youtube,2025-03-16,10810.25,926805.0,89888.0,5049.0,80118.99,False,False,False,0,False,False,False,0.8913201984692062
TSF_2025,TikTok Skin Fails,Trend Counter,Young Adults,youtube,2025-05-07,9672.15,1936964.0,185477.0,8262.0,258097.19,False,False,False,0,False,False,False,1.3915320497959316
BF_2025,Black Friday,Seasonal Sale,Young Adults,instagram,2025-11-26,32401.93,701634.0,102510.0,31315.0,1719502.44,False,False,False,0,False,False,False,16.773997073456247
AAR_2025,Anti-Aging Routine,Product Education,Young Adults,facebook,2025-04-07,5160.75,65172.0,3462.0,351.0,21580.76,False,False,False,0,False,False,False,6.2336106296938185
SS_2025,Summer Sale,Seasonal Sale,Young Adults,email,2025-07-04,5601.58,56896.0,4397.0,262.0,18350.87,False,False,False,0,False,False,False,4.173497839435979
SS_2025,Summer Sale,Seasonal Sale,Gen Z,instagram,2025-06-05,5216.99,111766.0,5503.0,203.0,11371.83,False,False,False,0,False,False,False,2.0664782845720517
AAR_2025,Anti-Aging Routine,Product Education,Seniors,facebook,2025-04-16,4380.26,31415.0,404.0,81.0,8311.5,False,False,False,0,False,False,False,20.573019801980198
NF_2025,Nature First,Brand Image,Parents,email,2025-03-20,5005.45,44133.0,3364.0,44.0,4180.84,False,False,False,0,False,False,False,1.2428180737217598
PL_2025,Product Launch,Product Launch,Seniors,email,2025-01-31,6182.6,68008.0,4400.0,130.0,9971.13,False,False,False,0,False,False,False,2.2661659090909088
NF_2025,Nature First,Brand Image,Parents,facebook,2025-05-05,5984.12,30255.0,1410.0,43.0,3030.53,False,False,False,0,False,False,False,2.149312056737589
SS_2025,Summer Sale,Seasonal Sale,Parents,instagram,2025-06-12,5127.43,103585.5,2207.0,494.0,25274.38,True,False,False,0,False,False,False,11.45191662890802
NF_2025,Nature First,Brand Image,Parents,instagram,2025-04-15,4116.65,55603.0,2599.0,75.0,4457.36,False,False,False,0,False,False,False,1.7150288572527894
DBB_2025,Don't Burn for Beauty,Social Impact,Young Adults,youtube,2025-07-08,6561.89,213825.0,25106.0,671.0,23811.05,False,False,False,0,False,False,False,0.9484206962479088
AAR_2025,Anti-Aging Routine,Product Education,Young Adults,youtube,2025-03-19,3807.28,34664.0,2147.0,313.0,29084.31,False,False,False,0,False,False,False,13.546488122962273
BF_2025,Black Friday,Seasonal Sale,Young Adults,instagram,2025-11-29,2821.64,79311.0,6007.0,578.0,36864.1,False,False,False,0,False,False,False,6.136857000166472
AAR_2025,Anti-Aging Routine,Product Education,Adults,email,2025-03-01,6583.84,45440.0,2538.0,1568.0,173207.98,False,False,False,0,False,False,False,68.24585500394011
BF_2025,Black Friday,Seasonal Sale,Seniors,facebook,2025-12-05,11561.52,48453.0,6866.0,1594.5,30359.57,False,False,True,1,True,True,False,4.421725895718031
SS_2025,Summer Sale,Seasonal Sale,Adults,facebook,2025-07-24,2189.2,33794.0,631.0,52.0,3724.65,False,False,False,0,False,False,False,5.902773375594295
TSF_2025,TikTok Skin Fails,Trend Counter,Young Adults,tiktok,2025-05-06,25830.02,2198328.0,82795.0,1658.0,44070.96,False,False,False,0,False,False,False,0.5322901141373271
PL_2025,Product Launch,Product Launch,Young Adults,tiktok,2025-02-25,32730.27,1844924.0,70557.0,596.0,50392.54,False,False,False,0,False,False,False,0.7142103547486429
TSF_2025,TikTok Skin Fails,Trend Counter,Gen Z,tiktok,2025-04-26,18341.51,2706117.0,194311.0,2968.0,149104.74,False,False,False,0,False,False,False,0.7673509991714313
PL_2025,Product Launch,Product Launch,Seniors,linkedin,2025-02-26,13581.1,110889.0,3092.5,166.0,15054.12,False,False,False,1,True,True,False,4.867945028294261
NF_2025,Nature First,Brand Image,Gen Z,youtube,2025-05-02,11035.55,338794.0,11861.0,521.0,26586.64,False,False,False,0,False,False,False,2.2415175786190034
DBB_2025,Don't Burn for Beauty,Social Impact,Young Adults,instagram,2025-07-28,3269.58,99143.0,11272.0,205.0,5615.26,False,False,False,0,False,False,False,0.49816004258339247
SCA_2025,Skin Cancer Awareness,Educational Awareness,Adults,youtube,2025-05-25,11637.66,1696287.0,53953.0,1127.0,29960.15,False,False,False,0,False,False,False,0.555300910051341
HP_2025,Holiday Prep,Seasonal Education,Adults,email,2025-11-20,6685.55,23258.0,2609.0,1689.0,91551.96,False,False,False,0,False,False,False,35.09082407052511
NF_2025,Nature First,Brand Image,Gen Z,youtube,2025-04-22,5777.57,939914.0,29570.0,1419.0,85374.85,False,False,False,0,False,False,False,2.88721170104836
BF_2025,Black Friday,Seasonal Sale,Seniors,email,2025-11-29,9515.33,23011.0,1429.0,746.0,70687.05,False,False,False,0,False,False,False,49.466095171448565
DBB_2025,Don't Burn for Beauty,Social Impact,Adults,facebook,2025-07-15,4468.21,103956.0,6683.0,544.0,14058.22,False,False,False,0,False,False,False,2.1035792308843333
PL_2025,Product Launch,Product Launch,Adults,instagram,2025-02-15,8518.14,106395.0,3405.0,199.0,11951.15,False,False,False,0,False,False,False,3.5098825256975035
TSF_2025,TikTok Skin Fails,Trend Counter,Young Adults,youtube,2025-06-03,9424.27,386049.0,15088.0,135.0,5710.25,False,False,False,0,False,False,False,0.3784630169671262
AAR_2025,Anti-Aging Routine,Product Education,Seniors,facebook,2025-04-07,5577.28,24109.0,1033.0,142.0,11283.09,False,False,False,0,False,False,False,10.922642787996129
BF_2025,Black Friday,Seasonal Sale,Gen Z,instagram,2025-11-24,62048.47,1382053.0,41673.0,10401.0,748320.46,False,False,False,0,False,False,False,17.95696158183956
AAR_2025,Anti-Aging Routine,Product Education,Seniors,facebook,2025-05-21,4182.1,15931.0,403.0,106.0,9794.49,False,False,False,0,False,False,False,24.30394540942928
NF_2025,Nature First,Brand Image,Parents,email,2025-03-28,6825.14,34279.0,2380.0,561.0,37600.14,False,False,False,0,False,False,False,15.798378151260504
TSF_2025,TikTok Skin Fails,Trend Counter,Young Adults,tiktok,2025-04-13,13632.28,1812129.0,232022.0,8109.0,177762.75,False,False,False,0,False,False,False,0.7661460982148245
TSF_2025,TikTok Skin Fails,Trend Counter,Young Adults,instagram,2025-05-07,3299.69,130785.0,2660.0,86.0,5252.26,False,False,False,0,False,False,False,1.9745338345864663
PL_2025,Product Launch,Product Launch,Seniors,linkedin,2025-03-20,24143.15,218527.0,4949.0,189.0,21068.12,False,False,False,0,False,False,False,4.257045867852091
AAR_2025,Anti-Aging Routine,Product Education,Seniors,email,2025-03-04,2420.18,6749.0,355.0,88.0,8560.05,False,False,False,0,False,False,False,24.112816901408447
AAR_2025,Anti-Aging Routine,Product Education,Young Adults,email,2025-05-02,7788.38,54883.0,645.0,2753.0,277419.08,False,False,False,1,True,True,False,430.1071007751938
SS_2025,Summer Sale,Seasonal Sale,Gen Z,tiktok,2025-06-30,11003.53,307003.0,13886.0,856.0,42165.33,False,False,False,0,False,False,False,3.0365353593547457
PL_2025,Product Launch,Product Launch,Adults,youtube,2025-01-29,12451.685,295679.0,6533.0,244.0,27173.5,False,True,False,0,False,False,False,4.159421399050972
TSF_2025,TikTok Skin Fails,Trend Counter,Young Adults,instagram,2025-06-11,7493.83,381206.0,53453.0,1375.0,214522.99,False,False,True,0,False,False,False,4.013301217892354
TSF_2025,TikTok Skin Fails,Trend Counter,Young Adults,youtube,2025-04-18,8906.44,816125.0,55329.0,1352.0,75569.25,False,False,False,0,False,False,False,1.3658162988667788
AAR_2025,Anti-Aging Routine,Product Education,Adults,linkedin,2025-05-16,7791.39,73851.0,2529.0,259.0,27039.27,False,False,False,0,False,False,False,10.691684460260973
AAR_2025,Anti-Aging Routine,Product Education,Young Adults,youtube,2025-04-13,3453.68,48827.0,1455.0,115.0,12710.28,False,False,False,0,False,False,False,8.73558762886598
SCA_2025,Skin Cancer Awareness,Educational Awareness,Seniors,youtube,2025-05-24,9711.74,470931.0,12477.0,316.0,16333.28,False,False,False,0,False,False,False,1.309071090807085
SS_2025,Summer Sale,Seasonal Sale,Parents,facebook,2025-07-28,5677.49,44956.0,1730.0,335.0,13952.38,False,False,False,0,False,False,False,8.064959537572253
PL_2025,Product Launch,Product Launch,Young Adults,instagram,2025-02-08,16105.36,185362.0,13956.0,475.0,25021.39,False,False,False,0,False,False,False,1.7928768988248782
SCA_2025,Skin Cancer Awareness,Educational Awareness,Adults,linkedin,2025-05-17,12077.48,461147.0,9041.0,130.0,5104.13,False,False,False,0,False,False,False,0.5645536998119677
AAR_2025,Anti-Aging Routine,Product Education,Seniors,linkedin,2025-02-02,2335.05,11164.0,743.0,297.0,34615.95,False,False,False,0,False,False,False,46.58943472409152
SS_2025,Summer Sale,Seasonal Sale,Parents,email,2025-07-03,8600.88,107828.0,5675.0,2771.0,205974.97,False,False,False,0,False,False,False,36.29514889867841
AAR_2025,Anti-Aging Routine,Product Education,Adults,youtube,2025-05-19,4546.51,43214.0,1183.0,158.0,13322.71,False,True,False,0,False,False,False,11.261800507185121
AAR_2025,Anti-Aging Routine,Product Education,Young Adults,facebook,2025-05-26,4353.26,38816.0,1577.0,486.0,44692.06,False,True,False,0,False,False,False,28.33992390615092
AAR_2025,Anti-Aging Routine,Product Education,Young Adults,email,2025-05-23,3288.88,12863.0,630.0,255.0,22785.75,True,False,False,0,False,False,False,36.167857142857144
SS_2025,Summer Sale,Seasonal Sale,Adults,linkedin,2025-06-09,4379.63,34496.0,1486.0,614.0,46230.89,False,False,False,0,False,False,False,31.110962314939435
SS_2025,Summer Sale,Seasonal Sale,Parents,instagram,2025-07-26,1758.43,23598.0,565.0,60.0,4019.73,False,False,False,0,False,False,False,7.114566371681416
AAR_2025,Anti-Aging Routine,Product Education,Young Adults,instagram,2025-02-27,4495.46,67964.0,1919.0,389.0,20551.75,False,False,False,0,False,False,False,10.70961438249088
AAR_2025,Anti-Aging Routine,Product Education,Young Adults,youtube,2025-05-18,5033.66,54825.0,1221.0,282.0,19289.27,False,False,False,0,False,False,False,15.797927927927928
DBB_2025,Don't Burn for Beauty, Social Impact,Gen Z,instagram,2025-08-08,4679.5,194737.0,9328.0,190.0,4254.93,False,False,False,0,False,False,False,0.4561460120068611
PL_2025,Product Launch,Product Launch,Seniors,facebook,2025-02-13,6299.92,66512.0,916.0,41.0,5090.57,False,False,False,0,False,False,False,5.557390829694323
SS_2025,Summer Sale,Seasonal Sale,Parents,instagram,2025-07-28,3547.31,33986.0,2094.0,333.0,18969.97,False,False,False,0,False,False,False,9.059202483285578
PL_2025,Product Launch,Product Launch,Seniors,linkedin,2025-03-12,15159.76,58157.0,2962.0,107.0,7704.16,False,False,False,0,False,False,False,2.600999324780554
AAR_2025,Anti-Aging Routine,Product Education,Seniors,email,2025-03-01,2779.11,12863.0,331.0,177.0,23106.37,True,False,False,0,False,False,False,69.80776435045317
NF_2025,Nature First,Brand Image,Young Adults,youtube,2025-03-24,3125.73,45075.0,928.0,15.0,824.3,False,False,False,0,False,False,False,0.8882543103448275
BF_2025,Black Friday,Seasonal Sale,Young Adults,email,2025-12-02,12049.14,36778.0,2652.0,2928.0,138956.83,False,False,False,0,False,False,False,52.3969947209653
AAR_2025,Anti-Aging Routine,Product Education,Adults,linkedin,2025-03-08,4764.31,21764.0,799.0,162.0,12023.43,False,False,False,0,False,False,False,15.048097622027536
HP_2025,Holiday Prep,Seasonal Education,Seniors,email,2025-11-24,2347.91,12792.0,2125.0,1399.0,90271.4,False,False,False,0,False,False,False,42.48065882352941
SS_2025,Summer Sale,Seasonal Sale,Young Adults,youtube,2025-05-23,8702.51,206821.0,7550.0,1316.0,52587.16,False,False,False,0,False,False,False,6.965186754966888
BF_2025,Black Friday,Seasonal Sale,Seniors,facebook,2025-11-25,7510.51,85572.0,4581.0,1689.0,96908.78,False,False,False,0,False,False,False,21.15450338354071
TSF_2025,TikTok Skin Fails,Trend Counter,Gen Z,youtube,2025-06-10,3186.75,448208.0,62275.0,5125.0,243119.85,False,False,False,0,False,False,False,3.903971898835809
AAR_2025,Anti-Aging Routine,Product Education,Seniors,facebook,2025-02-01,3328.57,12732.0,422.0,177.0,24608.12,False,False,False,0,False,False,False,58.31308056872037
NF_2025,Nature First,Brand Image,Parents,facebook,2025-06-01,6760.62,111766.0,2776.0,41.0,3666.18,False,False,False,0,False,False,False,1.3206700288184436
NF_2025,Nature First,Brand Image,Gen Z,tiktok,2025-05-07,7580.47,527143.0,30876.0,164.0,7878.32,False,False,False,0,False,False,False,0.2551599948179816
SS_2025,Summer Sale,Seasonal Sale,Young Adults,instagram,2025-06-24,8406.34,103585.5,4185.0,353.0,22740.83,True,False,False,0,False,False,False,5.433890083632019
PL_2025,Product Launch,Product Launch,Seniors,email,2025-02-11,5739.45,25185.0,749.0,33.0,4312.92,False,False,False,0,False,False,False,5.758237650200267
NF_2025,Nature First,Brand Image,Gen Z,youtube,2025-04-24,6362.43,101056.0,3554.0,105.0,6119.9,False,False,False,0,False,False,False,1.7219752391671355
PL_2025,Product Launch, Product Launch,Adults,facebook,2025-01-28,6501.96,152108.0,0.0,0.0,0.0,False,False,False,0,False,False,False,3.2963992219790907
SS_2025,Summer Sale,Seasonal Sale,Gen Z,tiktok,2025-07-09,4590.51,170920.0,8707.0,188.0,7270.31,False,False,False,0,False,False,False,0.8349959802457793
AAR_2025,Anti-Aging Routine,Product Education,Young Adults,facebook,2025-02-05,3551.63,40743.0,1079.0,179.0,18615.93,False,False,False,0,False,False,False,17.25294717330862
BF_2025,Black Friday,Seasonal Sale,Gen Z,tiktok,2025-11-25,54907.05,1214328.0,97321.0,10166.0,734045.63,False,False,False,0,False,False,False,7.542520422108281
PL_2025,Product Launch,Product Launch,Seniors,facebook,2025-03-29,9295.55,240926.0,7430.0,414.0,50438.95,False,False,False,0,False,False,False,6.788553162853297
SS_2025,Summer Sale,Seasonal Sale,Young Adults,instagram,2025-07-09,4182.08,87173.0,5951.0,409.0,28503.84,False,False,False,0,False,False,False,4.789756343471685
DBB_2025,Don't Burn for Beauty,Social Impact,Gen Z,tiktok,2025-08-13,2202.81,231206.0,18877.0,290.0,5326.77,False,False,False,0,False,False,False,0.2821830799385496
AAR_2025,Anti-Aging Routine,Product Education,Young Adults,instagram,2025-02-11,7913.69,82801.0,4596.0,612.0,49869.0,False,False,False,0,False,False,True,10.850630763068924
PL_2025,Product Launch, Product Launch,Young Adults,tiktok,2025-02-02,6231.21,336968.0,8363.0,150.0,7974.22,False,False,False,0,False,False,False,0.953511897644386
AAR_2025,Anti-Aging Routine,Product Education,Adults,youtube,2025-04-18,5337.46,62661.0,4024.0,432.0,41968.15,False,False,False,0,False,False,False,10.429460735586481
HP_2025,Holiday Prep,Seasonal Education,Parents,facebook,2025-11-01,6558.8,61382.0,2829.0,1008.0,70427.09,False,False,False,0,False,False,False,24.89469423824673
HP_2025,Holiday Prep,Seasonal Education,Parents,facebook,2025-11-27,3417.8,19785.0,1729.0,219.0,17425.5,False,False,False,1,True,True,False,10.078368999421631
DBB_2025,Don't Burn for Beauty,Social Impact,Adults,facebook,2025-07-27,7125.36,163098.0,5471.0,208.0,7685.63,False,False,False,0,False,False,False,1.4047943703162127
DBB_2025,Don't Burn for Beauty,Social Impact,Adults,facebook,2025-06-30,4250.7,76736.0,3099.0,119.0,4693.33,False,False,False,0,False,False,False,1.5144659567602452
NF_2025,Nature First,Brand Image,Gen Z,tiktok,2025-04-21,9538.32,384615.0,6646.0,93.0,6985.76,False,False,False,0,False,False,False,1.0511224796870298
AAR_2025,Anti-Aging Routine,Product Education,Young Adults,facebook,2025-04-15,4353.26,41538.0,3032.0,594.0,56652.55,False,True,False,0,False,False,False,18.68487796833773
BF_2025,Black Friday,Seasonal Sale,Young Adults,facebook,2025-11-21,23054.01,392169.0,19256.0,6870.0,555475.23,False,False,False,0,False,False,False,28.846864873286247
NF_2025,Nature First,Brand Image,Parents,email,2025-05-11,5984.58,55478.0,2204.0,30.0,2870.28,False,False,False,0,False,False,False,1.3023049001814884
AAR_2025,Anti-Aging Routine,Product Education,Seniors,email,2025-05-23,2695.52,2613.0,121.0,109.0,11710.81,False,False,False,0,False,False,False,96.78355371900825
SCA_2025,Skin Cancer Awareness,Educational Awareness,Adults,linkedin,2025-04-06,14842.26,333311.0,10296.0,271.0,8970.54,False,False,False,0,False,False,False,0.8712645687645688
NF_2025,Nature First,Brand Image,Gen Z,instagram,2025-04-08,5343.56,85304.0,3777.0,65.0,4307.85,False,False,False,0,False,False,False,1.1405480540111201
PL_2025,Product Launch,Product Launch,Young Adults,youtube,2025-03-15,30260.72,720805.0,53876.0,1891.0,112100.51,False,False,False,0,False,False,False,2.0807133046254362
SCA_2025,Skin Cancer Awareness,Educational Awareness,Adults,linkedin,2025-05-28,9472.06,230453.0,5497.0,46.0,1528.81,False,False,False,0,False,False,False,0.27811715481171545
NF_2025,Nature First,Brand Image,Parents,email,2025-02-28,3520.85,18227.0,942.0,28.0,2059.26,False,False,False,0,False,False,False,2.186050955414013
TSF_2025,TikTok Skin Fails,Trend Counter,Young Adults,instagram,2025-04-08,10035.0,797659.0,35234.0,943.0,55875.75,False,False,False,0,False,False,False,1.5858474768689335
AAR_2025,Anti-Aging Routine,Product Education,Young Adults,youtube,2025-04-25,3653.35,73588.0,2689.0,512.0,42779.03,False,False,False,0,False,False,False,15.908899219040535
HP_2025,Holiday Prep,Seasonal Education,Parents,facebook,2025-11-20,6356.8,72574.0,2726.0,613.0,48022.25,False,False,False,0,False,False,False,17.61637931034483
AAR_2025,Anti-Aging Routine,Product Education,Adults,email,2025-04-07,2890.92,7311.0,404.0,77.0,7254.76,False,False,False,0,False,False,False,17.957326732673266
NF_2025,Nature First,Brand Image,Parents,instagram,2025-04-05,4126.75,22742.0,991.0,12.0,897.43,False,False,False,0,False,False,False,0.9055802219979818
SS_2025,Summer Sale,Seasonal Sale,Parents,facebook,2025-06-14,2817.59,24015.0,1156.0,122.0,4976.86,False,False,False,0,False,False,False,4.305242214532871
AAR_2025,Anti-Aging Routine,Product Education,Seniors,email,2025-01-17,5678.4,7293.0,374.0,319.0,13706.0,False,False,False,0,False,False,True,36.645781081712364
TSF_2025,TikTok Skin Fails,Trend Counter,Young Adults,youtube,2025-06-11,11315.31,405656.0,18019.0,1032.0,36272.3,False,False,False,0,False,False,False,2.013002941339697
AAR_2025,Anti-Aging Routine,Product Education,Seniors,linkedin,2025-04-16,4692.37,17132.0,458.0,96.0,8517.69,False,False,False,0,False,False,False,18.597576419213976
PL_2025,Product Launch,Product Launch,Adults,email,2025-01-19,10290.43,53535.0,5616.0,1028.0,103694.38,False,False,False,0,False,False,False,18.464099002849004
AAR_2025,Anti-Aging Routine,Product Education,Adults,email,2025-02-21,3215.45,6400.0,296.0,156.0,10143.87,False,False,False,0,False,False,False,34.26983108108109
HP_2025,Holiday Prep,Seasonal Education,Adults,email,2025-10-25,4396.61,8541.0,696.0,581.0,42882.71,False,False,False,0,False,False,False,61.613089080459766
AAR_2025,Anti-Aging Routine,Product Education,Seniors,facebook,2025-04-01,2874.98,12322.0,711.0,109.0,13840.27,False,False,False,0,False,False,False,19.46592123769339
PL_2025,Product Launch,Product Launch,Young Adults,tiktok,2025-02-19,6853.97,301623.0,16764.0,134.0,14034.11,False,False,False,0,False,False,False,0.8371575996182296
AAR_2025,Anti-Aging Routine,Product Education,Adults,email,2025-02-25,6772.33,8293.0,914.0,241.0,16692.2,False,False,False,0,False,False,False,18.262800875273523
AAR_2025,Anti-Aging Routine,Product Education,Young Adults,email,2025-04-22,3494.56,14416.0,672.0,158.0,9822.75,False,False,False,0,False,False,False,14.6171875
SCA_2025,Skin Cancer Awareness,Educational Awareness,Young Adults,instagram,2025-05-16,13935.82,999893.0,14503.0,75.0,2180.05,False,False,False,0,False,False,False,0.15031717575674
AAR_2025,Anti-Aging Routine,Product Education,Young Adults,youtube,2025-04-26,6282.82,52285.0,3837.0,351.0,32852.25,False,False,False,0,False,False,False,8.56196247068022
NF_2025,Nature First,Brand Image,Gen Z,tiktok,2025-03-03,4403.76,190313.0,0.0,0.0,0.0,True,False,False,0,False,False,False,0.6142460491659351
PL_2025,Product Launch,Product Launch ,Adults,youtube,2025-03-11,8215.06,193024.0,7524.0,233.0,22337.78,False,False,False,0,False,False,False,2.9688702817650183
SS_2025,Summer Sale,Seasonal Sale,Gen Z,instagram,2025-05-23,7217.98,149454.0,7540.0,452.0,19899.13,False,False,False,0,False,False,False,2.639141909814324
AAR_2025,Anti-Aging Routine,Product Education,Seniors,facebook,2025-02-03,5554.27,24887.0,609.0,82.0,9013.16,False,False,False,0,False,False,False,14.799934318555009
PL_2025,Product Launch,Product Launch,Young Adults,youtube,2025-01-23,9701.8,427401.0,16728.0,202.0,18067.91,False,False,False,0,False,False,False,1.0800998326159732
AAR_2025,Anti-Aging Routine,Product Education,Seniors,linkedin,2025-05-28,3490.78,13784.0,170.0,29.0,3069.69,False,False,False,0,False,False,False,18.057
TSF_2025,TikTok Skin Fails,Trend Counter,Young Adults,instagram,2025-04-17,3939.99,161469.0,13301.0,184.0,11203.71,False,False,False,0,False,False,False,0.8423208781294639
AAR_2025,Anti-Aging Routine,Product Education,Adults,email,2025-04-29,4381.11,12863.0,2127.0,1153.0,71638.2,True,True,False,0,False,False,False,33.680394922425954
AAR_2025,Anti-Aging Routine,Product Education,Seniors,email,2025-01-19,5256.08,9343.0,311.0,82.0,6543.57,False,False,False,0,False,False,False,21.040418006430865
DBB_2025,Don't Burn for Beauty,Social Impact,Adults,linkedin,2025-07-16,3288.64,46556.0,1998.0,73.0,2268.05,False,False,False,0,False,False,False,1.1351601601601602
HP_2025,Holiday Prep,Seasonal Education,Adults,facebook,2025-11-16,6136.4,34606.0,1895.0,348.0,24263.23,False,False,False,0,False,False,False,12.80381530343008
PL_2025,Product Launch,Product Launch,Seniors,email,2025-01-29,5249.12,23046.0,0.0,0.0,0.0,False,False,False,0,False,False,False,8.709877626083228
SS_2025,Summer Sale,Seasonal Sale,Parents,email,2025-06-18,2313.57,21838.0,2552.0,573.0,38265.07,False,False,False,0,False,False,False,14.994149686520377
AAR_2025,Anti-Aging Routine,Product Education,Adults,youtube,2025-02-27,5807.37,72531.0,3851.0,875.0,58396.92,False,False,False,0,False,False,False,15.164092443521163
SS_2025,Summer Sale,Seasonal Sale,Young Adults,instagram,2025-07-25,2542.47,60149.0,4045.0,837.0,42616.57,False,False,False,0,False,False,False,10.535616810877627
SCA_2025,Skin Cancer Awareness,Educational Awareness,Seniors,facebook,2025-05-24,10512.57,236606.0,5757.0,158.0,7792.67,False,False,False,0,False,False,False,1.3535990967517804
AAR_2025,Anti-Aging Routine,Product Education,Young Adults,instagram,2025-02-06,6182.87,92472.0,2299.0,87.0,6862.52,False,False,False,0,False,False,False,2.9850021748586344
NF_2025,Nature First,Brand Image,Parents,email,2025-03-25,1662.11,10346.0,719.0,60.5,2068.48,False,False,True,0,False,False,False,2.876884561891516
HP_2025,Holiday Prep,Seasonal Education,Parents,email,2025-10-28,5470.59,9962.0,827.0,258.0,25514.73,False,False,False,0,False,False,False,30.852152357920193
AAR_2025,Anti-Aging Routine,Product Education,Seniors,email,2025-05-01,2962.13,6385.0,211.0,61.0,8198.45,False,False,False,0,False,False,False,38.85521327014219
DBB_2025,Don't Burn for Beauty,Social Impact,Young Adults,tiktok,2025-07-02,7320.32,538554.0,36194.0,499.0,21650.07,False,False,False,1,True,True,False,0.5981673758081449
NF_2025,Nature First,Brand Image,Parents,facebook,2025-05-06,5451.64,79833.0,2960.0,194.0,16851.64,False,True,False,0,False,False,False,5.693121621621621
PL_2025,Product Launch,Product Launch,Adults,youtube,2025-01-21,12304.87,454754.0,17589.0,247.0,24225.11,False,False,False,0,False,False,False,1.377287509238729
NF_2025,Nature First,Brand Image,Parents,facebook,2025-04-06,5544.86,39556.0,630.0,14.0,1172.55,False,False,False,0,False,False,False,1.861190476190476
BF_2025,Black Friday,Seasonal Sale,Young Adults,tiktok,2025-12-05,55537.56,1094373.0,95449.0,17090.0,1404506.77,False,False,False,0,False,False,False,14.714735303670023
SS_2025,Summer Sale,Seasonal Sale,Adults,facebook,2025-06-24,9133.49,75524.0,10226.0,2676.0,140205.47,False,False,False,0,False,False,False,13.710685507529826
SS_2025,Summer Sale,Seasonal Sale,Gen Z,tiktok,2025-07-12,8490.2,512002.0,14795.0,841.0,42669.8,False,False,False,0,False,False,False,2.8840689422102064
AAR_2025,Anti-Aging Routine,Product Education,Adults,email,2025-02-04,3431.29,15415.0,1361.0,883.0,95126.47,False,False,False,0,False,False,False,69.89454077883909
AAR_2025,Anti-Aging Routine,Product Education,Adults,linkedin,2025-02-18,3598.21,17743.0,343.0,21.0,1859.51,False,False,False,0,False,False,False,5.421311953352769
NF_2025,Nature First,Brand Image,Gen Z,youtube,2025-05-07,4647.66,131142.0,3107.0,86.0,6311.83,False,False,False,0,False,False,False,2.031486964917927
AAR_2025,Anti-Aging Routine,Product Education,Young Adults,email,2025-04-11,7059.74,9765.0,529.0,91.0,7829.54,False,False,False,0,False,False,False,14.800642722117201
TSF_2025,TikTok Skin Fails,Trend Counter,Young Adults,tiktok,2025-05-31,5917.52,1544473.0,254321.0,1688.0,62672.91,False,False,False,0,False,False,False,0.2464323040566843
DBB_2025,Don't Burn for Beauty,Social Impact,Adults,facebook,2025-07-01,5692.52,216919.0,8726.0,160.0,4587.88,False,False,False,0,False,False,False,0.5257712583085034
DBB_2025,Don't Burn for Beauty,Social Impact,Adults,linkedin,2025-07-09,3054.51,102355.0,3202.0,102.0,3587.54,False,False,False,0,False,False,False,1.1204059962523423
AAR_2025,Anti-Aging Routine,Product Education,Young Adults,youtube,2025-01-28,4021.36,94285.0,3460.0,903.0,84645.09,False,False,False,0,False,False,False,24.463898843930636
AAR_2025,Anti-Aging Routine,Product Education,Young Adults,instagram,2025-05-12,7240.57,66529.0,4242.0,1033.0,81982.53,False,False,False,0,False,False,False,19.32638613861386
SS_2025,Summer Sale,Seasonal Sale,Parents,instagram,2025-06-08,3649.29,53385.0,2444.0,187.0,7204.36,False,False,False,0,False,False,False,2.947774140752864
TSF_2025,TikTok Skin Fails,Trend Counter,Young Adults,facebook,2025-05-10,10528.0,507943.0,0.0,0.0,0.0,False,False,False,0,False,False,False,1.1829255617409198
AAR_2025,Anti-Aging Routine,Product Education,Adults,email,2025-04-16,4328.01,37898.0,2515.0,789.0,49760.59,False,False,False,0,False,False,False,19.78552286282306
NF_2025,Nature First,Brand Image,Parents,instagram,2025-03-14,5954.77,84222.0,3047.0,50.0,6684.47,False,False,True,0,False,False,False,2.193787331801772
AAR_2025,Anti-Aging Routine,Product Education,Adults,email,2025-03-18,6806.3,36512.0,4046.0,2407.0,265831.22,False,False,False,0,False,False,False,65.70222936233316
AAR_2025,Anti-Aging Routine,Product Education,Seniors,email,2025-06-05,2369.51,10368.0,570.0,917.0,141707.81,False,False,False,0,False,False,False,248.61019298245614
PL_2025,Product Launch,Product Launch,Seniors,email,2025-02-02,2490.27,14015.0,4943.0,44.0,5678.71,False,False,False,1,True,True,False,1.1488387618854947
NF_2025,Nature First,Brand Image,Gen Z,youtube,2025-04-28,9101.15,211263.0,6098.0,244.0,19140.62,False,False,False,0,False,False,False,3.138835683830764
SCA_2025,Skin Cancer Awareness,Educational Awareness,Young Adults,tiktok,2025-05-09,13948.72,2297228.0,32134.0,168.0,5042.64,False,False,False,0,False,False,False,0.1569253749922201
HP_2025,Holiday Prep,Seasonal Education,Adults,facebook,2025-11-18,2195.32,19045.0,886.0,266.0,23297.2,False,False,False,0,False,False,False,26.294808126410835
SCA_2025,Skin Cancer Awareness,Educational Awareness,Seniors,youtube,2025-05-17,4467.72,135685.0,4104.0,44.0,1868.22,False,False,False,0,False,False,False,0.455219298245614
PL_2025,Product Launch,Product Launch,Adults,email,2025-02-05,19297.74,210424.0,13878.0,989.0,109032.65,False,False,False,0,False,False,False,7.856510304078397
SS_2025,Summer Sale,Seasonal Sale,Gen Z,instagram,2025-07-18,6227.17,106298.0,11050.0,883.0,55185.7,False,False,False,0,False,False,False,4.994180995475113
AAR_2025,Anti-Aging Routine,Product Education,Young Adults,facebook,2025-04-01,2614.46,23106.0,1579.0,246.0,20079.18,False,False,False,0,False,False,False,12.716390120329322
SS_2025,Summer Sale,Seasonal Sale,Young Adults,youtube,2025-06-11,5925.7,138912.0,6723.0,1303.0,50863.55,False,False,False,0,False,False,False,7.565603153354158
NF_2025,Nature First,Brand Image,Gen Z,youtube,2025-03-10,9000.18,290204.0,9936.0,193.0,9030.11,False,False,False,0,False,False,False,0.9088274959742352
NF_2025,Nature First,Brand Image,Young Adults,linkedin,2025-02-25,6143.98,95923.0,2843.0,80.0,5624.45,False,False,False,0,False,False,False,1.9783503341540625
BF_2025,Black Friday,Seasonal Sale,Parents,email,2025-12-01,6454.16,29761.0,4461.0,1069.0,89417.78,False,False,False,0,False,False,False,20.0443353508182
DBB_2025,Don't Burn for Beauty,Social Impact,Young Adults,facebook,2025-07-04,6169.7,226118.0,0.0,0.0,0.0,False,False,False,0,False,False,False,1.356402540054723
PL_2025,Product Launch,Product Launch,Adults,youtube,2025-07-02,6165.48,204572.0,5030.0,333.0,28063.19,False,False,False,0,False,False,False,5.579163021868787
PL_2025,Product Launch,Product Launch,Adults,youtube,2025-03-13,17087.77,256033.0,11471.0,409.0,37310.63,False,False,False,0,False,False,False,3.2526048295702203
NF_2025,Nature First,Brand Image,Gen Z,instagram,2025-03-08,7264.19,146374.0,8534.0,142.0,7443.64,False,False,False,0,False,False,False,0.87223341926412
AAR_2025,Anti-Aging Routine,Product Education,Adults,linkedin,2025-01-30,5832.3,27575.0,407.0,148.0,12028.8,False,False,False,0,False,False,False,29.554791154791154
TSF_2025,TikTok Skin Fails,Trend Counter,Young Adults,instagram,2025-05-17,9592.15,300431.0,11805.0,82.0,4708.13,False,False,False,0,False,False,False,0.3988250741211351
DBB_2025,Don't Burn for Beauty,Social Impact,Young Adults,tiktok,2025-07-11,8483.44,498526.0,22864.0,582.0,19434.72,False,False,False,0,False,False,False,0.8500139958012597
DBB_2025,Don't Burn for Beauty,Social Impact,Gen Z,youtube,2025-07-21,35718.29,2154437.0,353840.0,3679.0,104076.63,False,False,False,0,False,False,False,0.2941347219082071
BF_2025,Black Friday,Seasonal Sale,Parents,facebook,2025-12-01,3080.55,31162.0,1301.0,300.0,19434.06,False,False,False,0,False,False,False,14.937786318216757
TSF_2025,TikTok Skin Fails,Trend Counter,Young Adults,tiktok,2025-05-20,8481.13,795767.0,16131.0,463.0,20969.79,False,False,False,0,False,False,False,1.2999683838571694
BF_2025,Black Friday,Seasonal Sale,Parents,instagram,2025-12-01,10225.29,136424.0,11777.0,2180.0,163789.63,False,False,False,0,False,False,False,13.907585123545894
SS_2025,Summer Sale,Seasonal Sale,Young Adults,email,2025-06-28,3541.96,28971.0,1929.0,527.0,27325.69,False,False,False,0,False,False,False,14.165728356661482
SS_2025,Summer Sale,Seasonal Sale,Parents,email,2025-07-15,6642.15,45574.0,3633.0,918.0,42836.63,False,False,False,0,False,False,False,11.790979906413432
SCA_2025,Skin Cancer Awareness,Educational Awareness,Young Adults,tiktok,2025-05-27,9624.91,1384153.0,0.0,0.0,0.0,False,False,False,0,False,False,False,0.19165174384994388
NF_2025,Nature First,Brand Image,Gen Z,instagram,2025-03-31,3841.98,77037.0,2566.0,58.0,4341.27,False,False,False,0,False,False,False,1.691843335931411
PL_2025,Product Launch, Product Launch,Seniors,email,2025-03-29,10660.73,40227.0,2436.0,65.0,7127.15,False,False,False,0,False,False,False,2.9257594417077173
AAR_2025,Anti-Aging Routine,Product Education,Seniors,linkedin,2025-01-29,3776.62,12864.0,238.0,96.0,4082.65,False,False,True,0,False,False,False,17.153991596638654
PL_2025,Product Launch,Product Launch,Young Adults,instagram,2025-02-05,60194.25,1835813.0,131173.0,322.0,441066.75,False,False,True,0,False,False,False,3.3624812270817928
SS_2025,Summer Sale,Seasonal Sale,Adults,email,2025-07-20,8497.42,56082.0,3860.0,460.0,28897.05,False,False,False,0,False,False,False,7.486282383419689
AAR_2025,Anti-Aging Routine,Product Education,Young Adults,facebook,2025-03-16,4975.27,76096.0,1907.0,196.0,10835.37,False,False,False,0,False,False,False,5.681893025694809
AAR_2025,Anti-Aging Routine,Product Education,Young Adults,instagram,2025-02-21,4327.85,48097.0,2397.0,267.0,22530.86,False,False,False,0,False,False,False,9.399607843137256
NF_2025,Nature First,Brand Image,Young Adults,instagram,2025-03-10,7440.67,75991.0,1642.0,34.0,2269.23,False,False,False,0,False,False,False,1.381991473812424
PL_2025,Product Launch,Product Launch,Adults,youtube,2025-02-27,3786.41,218471.0,18377.0,342.0,25169.41,False,False,False,0,False,False,False,1.3696147358110682
PL_2025,Product Launch,Product Launch,Young Adults,youtube,2025-02-24,17546.15,1265540.0,84593.0,1149.0,84230.11,False,False,False,0,False,False,False,0.995710165143688
SS_2025,Summer Sale,Seasonal Sale,Young Adults,email,2025-07-10,7420.91,55770.0,3563.0,600.0,31132.64,False,False,False,0,False,False,False,8.737760314341847
SS_2025,Summer Sale,Seasonal Sale,Young Adults,facebook,2025-06-08,3887.53,93401.0,6282.0,571.0,22681.88,False,False,False,0,False,False,False,3.610614453995543
PL_2025,Product Launch,Product Launch,Seniors,email,2025-03-08,13961.91,69929.0,0.0,0.0,0.0,False,False,False,0,False,False,False,8.709877626083228
NF_2025,Nature First,Brand Image,Gen Z,instagram,2025-05-02,4474.59,41086.0,1529.0,42.0,1867.67,False,False,False,0,False,False,False,1.2214977109221714
PL_2025,Product Launch,Product Launch ,Adults,youtube,2025-03-28,16029.68,532908.0,33399.0,434.0,26047.46,False,False,False,0,False,False,False,0.7798874217790952
AAR_2025,Anti-Aging Routine,Product Education,Seniors,facebook,2025-02-18,4570.46,21936.0,539.0,235.0,24519.34,False,False,False,0,False,False,False,45.490426716141
PL_2025,Product Launch,Product Launch,Young Adults,facebook,2025-03-20,15912.36,412218.0,19187.0,647.0,65934.78,False,False,False,0,False,False,False,3.436429874394121
HP_2025,Holiday Prep,Seasonal Education,Adults,email,2025-11-18,3515.96,16469.0,2230.0,3320.0,174104.01,False,False,False,0,False,False,False,78.0735470852018
TSF_2025,TikTok Skin Fails,Trend Counter,Young Adults,facebook,2025-05-23,9461.14,457243.0,31268.0,973.0,36988.0,False,False,False,0,False,False,True,1.1829255617409198
DBB_2025,Don't Burn for Beauty,Social Impact,Adults,youtube,2025-08-03,6752.73,143205.0,11032.0,846.0,22975.83,False,False,False,0,False,False,False,2.0826531907179118
AAR_2025,Anti-Aging Routine,Product Education,Seniors,linkedin,2025-03-03,4334.21,24272.0,876.0,149.0,21615.78,False,False,False,0,False,False,False,24.675547945205476
SCA_2025,Skin Cancer Awareness,Educational Awareness ,Young Adults,youtube,2025-06-02,5028.82,649497.0,15518.0,269.0,6427.51,False,False,False,0,False,False,False,0.4141970614769945
BF_2025,Black Friday,Seasonal Sale,Adults,facebook,2025-11-29,36019.13,540276.0,9177.0,1649.0,106732.17,False,False,False,0,False,False,False,11.630398823144818
BF_2025,Black Friday,Seasonal Sale,Parents,facebook,2025-11-30,10421.18,123862.0,5971.0,2235.0,115291.18,False,False,False,0,False,False,False,19.30852118573103
SCA_2025,Skin Cancer Awareness,Educational Awareness,Adults,linkedin,2025-05-05,7721.03,257363.0,6101.0,115.0,3892.11,False,False,False,0,False,False,False,0.6379462383215867
SS_2025,Summer Sale,Seasonal Sale,Young Adults,youtube,2025-05-14,6348.14,146997.0,4686.0,273.0,13297.36,False,False,False,0,False,False,False,2.837678190354247
SS_2025,Summer Sale,Seasonal Sale,Gen Z,youtube,2025-07-25,6577.11,178118.0,16987.0,981.0,53610.01,False,False,False,0,False,False,False,3.155943368458233
PL_2025,Product Launch,Product Launch,Seniors,facebook,2025-03-22,6798.36,151188.0,6480.0,320.0,23053.16,False,False,False,0,False,False,False,3.557586419753086
TSF_2025,TikTok Skin Fails,Trend Counter,Young Adults,instagram,2025-04-15,24091.84,1234496.0,82095.0,7307.0,417753.61,False,False,False,0,False,False,False,5.08866081978196
AAR_2025,Anti-Aging Routine,Product Education,Seniors,linkedin,2025-05-19,2916.24,5113.0,101.0,5.0,651.75,False,False,False,0,False,False,False,6.452970297029703
NF_2025,Nature First,Brand Image,Young Adults,linkedin,2025-04-24,8334.65,109116.0,4647.0,131.0,11476.87,False,False,False,0,False,False,False,2.469737465031203
DBB_2025,Don't Burn for Beauty,Social Impact,Adults,facebook,2025-08-04,6971.31,219273.0,9913.0,547.0,19912.79,False,False,False,0,False,False,False,2.0087551699788158
NF_2025,Nature First,Brand Image,Parents,email,2025-05-01,7035.73,18005.0,960.0,59.0,6418.67,False,False,False,0,False,False,False,6.6861145833333335
AAR_2025,Anti-Aging Routine,Product Education,Seniors,linkedin,2025-06-08,5108.22,29925.0,1126.0,215.0,21586.46,False,False,False,0,False,False,False,19.170923623445827
DBB_2025,Don't Burn for Beauty,Social Impact,Young Adults,youtube,2025-07-23,6740.98,472745.0,24291.0,371.0,14784.26,False,False,False,0,False,False,False,0.6086311802725289
AAR_2025,Anti-Aging Routine,Product Education,Adults,facebook,2025-05-06,5485.88,34492.0,636.0,128.0,16135.28,False,False,False,0,False,False,False,25.36993710691824
AAR_2025,Anti-Aging Routine,Product Education,Seniors,email,2025-02-24,3927.14,8033.0,379.0,120.0,15324.58,False,False,False,0,False,False,False,40.43424802110818
SS_2025,Summer Sale,Seasonal Sale,Adults,email,2025-05-26,11386.28,37747.0,3368.0,628.0,43556.19,False,False,False,0,False,False,False,12.932360451306414
NF_2025,Nature First,Brand Image,Gen Z,tiktok,2025-04-19,3447.08,94025.0,5811.0,66.0,5047.13,False,False,False,0,False,False,False,0.8685475821717432
DBB_2025,Don't Burn for Beauty,Social Impact,Young Adults,tiktok,2025-07-08,7027.85,985433.0,45214.0,1012.0,29066.98,False,False,False,0,False,False,False,0.6428756579820409
PL_2025,Product Launch,Product Launch,Adults,instagram,2025-02-07,12048.69,334744.0,6092.0,149.0,9478.56,False,False,False,0,False,False,False,1.555902823374918
SS_2025,Summer Sale,Seasonal Sale,Adults,facebook,2025-05-22,6321.52,69216.0,0.0,0.0,0.0,False,False,False,0,False,False,False,6.446572695278251
DBB_2025,Don't Burn for Beauty,Social Impact,Gen Z,instagram,2025-07-23,8786.075,344697.0,29220.0,1007.0,25397.3,False,True,False,0,False,False,False,0.8691752224503765
AAR_2025,Anti-Aging Routine,Product Education,Adults,linkedin,2025-04-20,4257.53,14727.0,0.0,0.0,0.0,False,False,False,0,False,False,False,22.099723046488624
NF_2025,Nature First,Brand Image,Young Adults,instagram,2025-04-22,5883.01,45255.0,1792.0,19.0,1425.2,False,False,False,0,False,False,False,0.7953125
NF_2025,Nature First, Brand Image,Parents,instagram,2025-05-01,6800.64,86016.0,2501.0,67.0,6005.44,False,False,False,0,False,False,False,2.401215513794482
SS_2025,Summer Sale,Seasonal Sale,Young Adults,youtube,2025-07-16,3883.69,66880.0,3130.0,190.0,7569.11,False,False,False,0,False,False,False,2.418246006389776
AAR_2025,Anti-Aging Routine,Product Education,Young Adults,email,2025-05-08,7753.11,48592.0,4287.0,1573.0,106916.9,False,False,False,0,False,False,False,24.93979472824819
SCA_2025,Skin Cancer Awareness,Educational Awareness,Adults,youtube,2025-05-28,7062.85,336549.0,7886.0,88.0,3895.44,False,False,False,0,False,False,False,0.4939690590920619
PL_2025,Product Launch,Product Launch,Seniors,linkedin,2025-01-15,19717.82,331852.0,19910.0,397.0,32593.36,False,False,False,0,False,False,False,1.637034655951783
BF_2025,Black Friday,Seasonal Sale,Young Adults,email,2025-11-19,22324.34,92538.0,8143.0,6079.0,450835.65,False,False,False,0,False,False,False,55.36481026648656
BF_2025,Black Friday,Seasonal Sale,Adults,email,2025-12-05,16035.9,68202.0,10056.0,3002.0,251095.45,False,False,False,0,False,False,False,24.9697145982498
BF_2025,Black Friday,Seasonal Sale,Adults,linkedin,2025-12-05,93179.15,1209176.0,103518.0,33896.0,2557568.46,False,False,False,0,False,False,False,24.70650959253463
DBB_2025,Don't Burn for Beauty,Social Impact,Gen Z,youtube,2025-07-02,60005.46,5078142.0,395278.0,16456.0,400900.68,False,False,False,0,False,False,False,1.0142246216586808
PL_2025,Product Launch,Product Launch,Adults,email,2025-02-27,17945.79,98077.0,3843.0,490.0,38257.02,False,False,True,0,False,False,False,9.954988290398125
TSF_2025,TikTok Skin Fails,Trend Counter,Young Adults,instagram,2025-04-29,6264.74,598004.0,0.0,0.0,0.0,False,False,False,0,False,False,False,1.4698740423386454
AAR_2025,Anti-Aging Routine,Product Education,Adults,facebook,2025-02-06,2369.33,27955.0,776.0,95.0,6341.34,False,False,False,0,False,False,False,8.171829896907216
PL_2025,Product Launch,Product Launch,Young Adults,instagram,2025-03-25,14413.85,313968.0,12838.0,1230.0,85161.81,False,False,False,0,False,False,False,6.633572986446487
NF_2025,Nature First,Brand Image,Young Adults,instagram,2025-02-28,4260.6,56658.0,2322.5,14.0,1236.79,False,False,False,1,True,True,False,0.5325252960172228
TSF_2025,TikTok Skin Fails,Trend Counter,Gen Z,youtube,2025-06-08,27732.76,2985698.0,281216.0,2988.0,77732.35,False,False,False,0,False,False,False,0.2764151044037324
PL_2025,Product Launch,Product Launch,Seniors,facebook,2025-03-03,12208.62,165652.0,3339.0,151.0,11083.18,False,False,False,0,False,False,False,3.3193111710092844
AAR_2025,Anti-Aging Routine,Product Education,Seniors,linkedin,2025-05-06,3382.71,10105.0,651.0,312.0,40136.43,False,False,False,0,False,False,False,61.653502304147466
PL_2025,Product Launch,Product Launch,Young Adults,facebook,2025-02-10,16658.46,256018.0,10162.0,405.0,29931.49,False,False,False,0,False,False,False,2.9454329856327495
SS_2025,Summer Sale,Seasonal Sale,Gen Z,youtube,2025-05-24,9177.46,216146.0,8044.0,649.0,41044.25,False,False,False,0,False,False,False,5.102467677772252
TSF_2025,TikTok Skin Fails,Trend Counter,Young Adults,youtube,2025-05-03,11546.14,1381057.0,0.0,0.0,0.0,False,False,False,0,False,False,False,1.2136772700374119
HP_2025,Holiday Prep,Seasonal Education,Adults,facebook,2025-11-27,5657.8,26883.0,1867.0,267.0,22550.41,False,False,False,0,False,False,False,12.07841992501339
TSF_2025,TikTok Skin Fails,Trend Counter,Gen Z,instagram,2025-05-13,70902.21,4157578.0,268430.0,37272.0,1873846.23,False,False,False,0,False,False,False,6.980763066721305
AAR_2025,Anti-Aging Routine,Product Education,Seniors,email,2025-03-17,4737.34,18160.0,1251.0,579.0,52290.72,False,False,False,0,False,False,False,41.79913669064748
PL_2025,Product Launch,Product Launch,Adults,facebook,2025-02-11,8512.47,272576.0,0.0,0.0,0.0,False,False,False,0,False,False,False,3.2963992219790907
PL_2025,Product Launch,Product Launch,Young Adults,tiktok,2025-01-28,36548.97,1662321.0,97887.0,2618.0,231997.85,False,False,False,0,False,False,False,2.3700578217740866
DBB_2025,Don't Burn for Beauty,Social Impact,Adults,linkedin,2025-07-15,3529.51,68608.0,3011.0,195.5,2471.76,False,False,True,0,False,False,False,0.8209099966788443
AAR_2025,Anti-Aging Routine,Product Education,Young Adults,facebook,2025-04-11,7313.1,70442.0,1835.0,311.0,25855.86,False,False,False,0,False,False,False,14.090386920980928
PL_2025,Product Launch,Product Launch,Young Adults,tiktok,2025-03-28,42297.89,1401958.0,47384.0,796.0,54422.3,False,False,False,0,False,False,False,1.148537481006247
NF_2025,Nature First,Brand Image,Young Adults,instagram,2025-04-01,5672.95,104404.0,7320.0,50.0,11742.64,False,False,True,0,False,False,False,1.6041857923497267
AAR_2025,Anti-Aging Routine,Product Education,Adults,facebook,2025-01-30,6356.84,63951.0,0.0,0.0,0.0,False,False,False,0,False,False,False,18.332014213994107
PL_2025,Product Launch,Product Launch,Seniors,email,2025-03-04,4580.74,13543.0,435.0,165.0,12796.52,False,False,False,0,False,False,False,29.41728735632184
BF_2025,Black Friday,Seasonal Sale,Gen Z,tiktok,2025-12-01,26344.96,1390004.0,108499.0,11068.0,758775.15,False,False,False,0,False,False,False,6.993383809989032
SS_2025,Summer Sale,Seasonal Sale,Gen Z,tiktok,2025-06-06,7644.25,510637.0,47060.0,4350.0,236230.61,False,False,False,0,False,False,False,5.019774968125796
AAR_2025,Anti-Aging Routine,Product Education,Young Adults,email,2025-03-07,4635.34,42695.0,2488.0,587.0,50141.2,False,False,False,0,False,False,False,20.1532154340836
NF_2025,Nature First,Brand Image,Young Adults,instagram,2025-04-26,6351.67,80482.0,1946.0,33.0,1620.47,False,False,False,0,False,False,False,0.8327183967112025
TSF_2025,TikTok Skin Fails,Trend Counter,Young Adults,facebook,2025-05-16,15770.23,609246.0,21224.0,1523.0,44362.01,False,False,False,0,False,False,False,2.0901813984168864
DBB_2025,Don't Burn for Beauty,Social Impact,Young Adults,tiktok,2025-07-21,7009.84,881413.0,40055.0,1287.0,43390.36,False,True,False,0,False,False,False,1.083269504431407
DBB_2025,Don't Burn for Beauty,Social Impact,Adults,youtube,2025-07-11,5562.55,218660.0,9964.0,346.0,10050.16,False,False,False,0,False,False,False,1.0086471296668005
SS_2025,Summer Sale,Seasonal Sale,Young Adults,facebook,2025-05-21,7771.14,141272.0,10749.0,1224.0,87985.93,False,False,False,0,False,False,False,8.185499116196855
PL_2025,Product Launch,Product Launch,Young Adults,facebook,2025-02-15,10813.88,136174.0,11686.0,304.0,38972.9,False,False,True,0,False,False,False,3.3350077015231903
DBB_2025,Don't Burn for Beauty,Social Impact,Adults,youtube,2025-07-01,6207.01,291748.0,0.0,0.0,0.0,False,True,False,0,False,False,False,1.2543555413413905
AAR_2025,Anti-Aging Routine,Product Education,Adults,facebook,2025-03-17,4593.63,16635.0,441.0,58.0,7047.85,False,False,False,0,False,False,False,15.981519274376417
SS_2025,Summer Sale,Seasonal Sale,Parents,facebook,2025-07-27,4102.85,81858.0,4699.0,653.0,45333.3,False,False,False,0,False,False,False,9.647435624600979
AAR_2025,Anti-Aging Routine,Product Education,Young Adults,youtube,2025-02-16,4546.51,39519.0,1512.0,273.0,14665.27,False,True,False,0,False,False,False,9.699252645502646
TSF_2025,TikTok Skin Fails,Trend Counter,Young Adults,tiktok,2025-04-16,2710.54,235978.0,10413.0,308.0,6607.14,False,False,False,0,False,False,False,0.6345087870930568
AAR_2025,Anti-Aging Routine,Product Education,Young Adults,youtube,2025-02-07,4234.07,37075.0,1145.0,125.0,9640.34,False,False,False,0,False,False,False,8.419510917030568
PL_2025,Product Launch,Product Launch,Adults,facebook,2025-02-22,10663.43,260384.0,5571.0,304.0,4480.56,False,False,True,0,False,False,False,0.8042649434571891
DBB_2025,Don't Burn for Beauty,Social Impact,Adults,facebook,2025-08-13,7390.85,253543.0,8266.0,221.0,10983.73,False,False,False,0,False,False,False,1.3287841761432373
SS_2025,Summer Sale,Seasonal Sale,Gen Z,instagram,2025-07-11,11942.37,457453.0,8813.0,465.0,20522.49,False,False,False,0,False,False,False,2.328661068875525
NF_2025,Nature First,Brand Image,Young Adults,linkedin,2025-06-02,7068.32,74523.0,2917.0,77.0,4155.11,False,False,False,0,False,False,False,1.424446348988687
SS_2025,Summer Sale,Seasonal Sale,Adults,linkedin,2025-05-29,2547.34,43300.0,1973.0,277.0,16268.29,False,False,False,0,False,False,False,8.24545869234668
NF_2025,Nature First,Brand Image,Young Adults,linkedin,2025-05-29,3831.32,35249.0,767.0,28.0,2157.92,False,False,False,0,False,False,False,2.8134550195567147
AAR_2025,Anti-Aging Routine,Product Education,Seniors,linkedin,2025-04-26,4026.9849999999997,7108.0,91.0,10.0,1420.05,False,True,False,0,False,False,False,15.604945054945054
BF_2025,Black Friday,Seasonal Sale,Young Adults,facebook,2025-12-04,7150.1,88263.0,3134.0,587.0,28339.96,False,False,False,0,False,False,False,9.042744097000638
SCA_2025,Skin Cancer Awareness,Educational Awareness,Adults,youtube,2025-05-17,10621.98,626673.0,16917.0,380.0,8903.82,False,False,False,0,False,False,False,0.5263238162794822
PL_2025,Product Launch,Product Launch,Seniors,email,2025-01-17,8254.47,29315.0,974.0,49.0,5315.17,False,False,False,0,False,False,False,5.457053388090349
AAR_2025,Anti-Aging Routine,Product Education,Seniors,email,2025-03-21,3607.1,15613.0,1096.0,229.0,23163.94,False,False,False,0,False,False,False,21.134981751824817
PL_2025,Product Launch,Product Launch,Adults,instagram,2025-01-27,13001.13,321391.0,7394.0,101.0,11096.24,False,False,False,0,False,False,False,1.5007086827157154
SS_2025,Summer Sale,Seasonal Sale,Parents,facebook,2025-06-07,4800.8,83130.0,3919.0,453.0,25264.0,False,False,False,0,False,False,True,6.446572695278251
DBB_2025,Don't Burn for Beauty,Social Impact,Adults,facebook,2025-07-22,7649.61,254849.0,13902.0,952.0,32905.23,False,False,False,0,False,False,False,2.3669421665947348
TSF_2025,TikTok Skin Fails,Trend Counter,Young Adults,instagram,2025-03-15,8705.5,614259.0,52044.0,3414.0,108626.99,False,False,False,0,False,False,False,2.0872144723695336
NF_2025,Nature First,Brand Image,Young Adults,instagram,2025-03-01,7283.86,135140.0,5330.0,112.0,5857.71,False,False,False,0,False,False,False,1.0990075046904315
SS_2025,Summer Sale,Seasonal Sale,Adults,facebook,2025-06-26,5735.96,105969.0,4624.0,910.0,49145.58,False,False,False,0,False,False,False,10.62836937716263
SS_2025,Summer Sale,Seasonal Sale,Adults,email,2025-06-12,2879.39,11297.0,532.0,279.0,18152.55,False,False,False,0,False,False,False,34.12133458646616
DBB_2025,Don't Burn for Beauty,Social Impact,Adults,linkedin,2025-07-08,4827.57,102506.0,5352.0,334.0,10061.16,False,False,False,0,False,False,False,1.8798878923766815
PL_2025,Product Launch,Product Launch,Seniors,linkedin,2025-01-24,8234.99,29494.0,842.0,56.0,4105.52,False,False,False,0,False,False,False,4.875914489311165
DBB_2025,Don't Burn for Beauty,Social Impact,Gen Z,tiktok,2025-08-09,9833.67,1046230.0,48410.0,1102.0,32172.29,False,False,False,0,False,False,False,0.6645794257384838
SS_2025,Summer Sale,Seasonal Sale,Adults,email,2025-06-22,9908.49,29912.0,2991.0,841.0,36433.98,False,False,False,0,False,False,False,12.1812036108325
PL_2025,Product Launch,Product Launch,Seniors,email,2025-03-02,9389.74,41437.0,3276.0,519.0,59266.96,False,False,False,0,False,False,False,18.09125763125763
TSF_2025,TikTok Skin Fails,Trend Counter,Gen Z,tiktok,2025-03-15,13823.45,1096012.0,116992.0,2612.0,82563.19,False,False,False,0,False,False,False,0.7057165447210065
NF_2025,Nature First,Brand Image,Young Adults,youtube,2025-05-06,6918.87,174545.0,2752.0,111.0,8374.53,False,False,False,0,False,False,False,3.043070494186047
TSF_2025,TikTok Skin Fails,Trend Counter,Young Adults,youtube,2025-03-31,4647.0,151175.0,10446.0,522.0,13711.86,False,False,False,0,False,False,False,1.3126421596783457
AAR_2025,Anti-Aging Routine,Product Education,Young Adults,facebook,2025-03-29,6245.33,40019.0,538.0,370.0,35492.26,False,False,False,0,False,False,False,65.9707434944238
AAR_2025,Anti-Aging Routine,Product Education,Adults,linkedin,2025-06-03,4529.82,14466.0,422.0,158.0,13048.97,False,False,False,0,False,False,False,30.921729857819905
TSF_2025,TikTok Skin Fails,Trend Counter,Young Adults,tiktok,2025-04-24,23996.72,2236158.0,82513.0,2413.0,110815.78,False,False,False,0,False,False,False,1.343009949947281
PL_2025,Product Launch,Product Launch,Young Adults,facebook,2025-02-09,9954.05,163486.0,5324.0,208.0,16114.72,False,False,False,0,False,False,False,3.026806912096168
AAR_2025,Anti-Aging Routine,Product Education,Adults,linkedin,2025-04-23,2478.44,16729.5,0.0,0.0,0.0,True,False,False,0,False,False,False,22.099723046488624
TSF_2025,TikTok Skin Fails, Trend Counter,Young Adults,instagram,2025-03-19,5234.17,331037.0,54195.0,2571.0,100060.22,False,False,False,0,False,False,False,1.846299843158963
AAR_2025,Anti-Aging Routine,Product Education,Young Adults,youtube,2025-05-15,3755.03,39894.0,0.0,0.0,0.0,False,False,False,0,False,False,False,14.135952140908914
SS_2025,Summer Sale,Seasonal Sale,Parents,email,2025-07-18,5517.25,48064.0,2991.0,649.0,39890.04,False,False,False,0,False,False,False,13.336690070210633
PL_2025,Product Launch,Product Launch,Young Adults,tiktok,2025-02-20,13557.2,885570.0,37015.0,534.0,31321.55,False,False,False,0,False,False,False,0.8461853302715115
TSF_2025,TikTok Skin Fails,Trend Counter,Gen Z,tiktok,2025-04-03,13452.55,1976899.0,235333.0,2877.0,110337.7,False,False,False,0,False,False,False,0.46885774625743093
SS_2025,Summer Sale,Seasonal Sale,Young Adults,facebook,2025-06-09,4600.17,70563.0,3131.0,274.0,12745.97,False,False,False,0,False,False,False,4.070894282976685
SCA_2025,Skin Cancer Awareness,Educational Awareness,Young Adults,instagram,2025-05-19,10560.84,852548.0,19976.0,35.0,1390.24,False,False,False,0,False,False,False,0.06959551461754104
NF_2025,Nature First,Brand Image,Young Adults,instagram,2025-05-08,7306.79,67205.0,1661.0,20.0,1465.7,False,False,False,0,False,False,False,0.8824202287778447
AAR_2025,Anti-Aging Routine,Product Education,Young Adults,instagram,2025-03-14,5898.17,116643.0,6916.0,1264.0,74157.25,False,False,False,0,False,False,False,10.722563620589936
AAR_2025,Anti-Aging Routine,Product Education,Seniors,linkedin,2025-02-01,4409.79,15953.0,151.0,43.0,5887.31,False,False,False,0,False,False,False,38.98880794701987
DBB_2025,Don't Burn for Beauty,Social Impact,Young Adults,youtube,2025-06-30,4337.77,305372.0,17702.0,424.0,15149.41,False,False,False,0,False,False,False,0.8558021692464128
AAR_2025,Anti-Aging Routine,Product Education,Young Adults,youtube,2025-05-25,6756.38,72022.0,2739.0,268.0,29334.18,False,False,False,0,False,False,False,10.709813800657175
AAR_2025,Anti-Aging Routine,Product Education,Young Adults,instagram,2025-05-19,3423.48,40137.0,2026.0,512.0,37679.67,False,False,False,0,False,False,False,18.5980602171767
AAR_2025,Anti-Aging Routine,Product Education,Adults,email,2025-06-04,3386.04,15768.0,679.0,329.0,22843.43,False,False,False,0,False,False,False,33.64275405007364
SCA_2025,Skin Cancer Awareness,Educational Awareness,Seniors,youtube,2025-05-14,8007.99,273418.0,5171.0,54.0,1930.48,False,False,False,0,False,False,False,0.3733281763682073
NF_2025,Nature First,Brand Image,Gen Z,tiktok,2025-03-22,7388.53,182495.0,5635.0,31.0,1334.61,False,False,False,0,False,False,False,0.23684294587400176
TSF_2025,TikTok Skin Fails,Trend Counter,Gen Z,youtube,2025-05-22,46453.46,5877696.0,113127.0,2719.0,199895.44,False,False,True,0,False,False,False,1.7670002740283044
PL_2025,Product Launch,Product Launch,Adults,youtube,2025-02-17,13392.12,296043.0,18670.0,550.0,62608.89,False,False,False,0,False,False,False,3.353448848419925
AAR_2025,Anti-Aging Routine,Product Education,Young Adults,email,2025-03-23,6882.57,45652.0,645.0,927.0,93381.68,False,False,False,1,True,True,False,144.7777984496124
NF_2025,Nature First,Brand Image,Young Adults,instagram,2025-04-15,6515.22,165722.0,6728.0,327.0,20034.32,False,False,False,0,False,False,False,2.9777526753864447
DBB_2025,Don't Burn for Beauty,Social Impact,Young Adults,tiktok,2025-08-05,3063.64,112907.0,8639.0,259.0,11150.98,False,False,False,0,False,False,False,1.2907720801018636
TSF_2025,TikTok Skin Fails,Trend Counter,Gen Z,youtube,2025-05-31,14994.67,1199508.0,176451.0,14414.0,324093.71,False,False,False,0,False,False,False,1.8367349009073342
PL_2025,Product Launch,Product Launch,Adults,youtube,2025-01-31,11918.77,236490.0,9981.0,334.0,28422.76,False,False,False,0,False,False,False,2.847686604548642
SS_2025,Summer Sale,Seasonal Sale,Adults,linkedin,2025-07-05,5098.34,41097.0,1226.0,36.0,2779.61,False,False,False,0,False,False,False,2.267218597063622
HP_2025,Holiday Prep,Seasonal Education,Adults,instagram,2025-11-12,4535.04,39396.0,2215.0,910.0,77370.6,False,False,False,0,False,False,False,34.93029345372461
AAR_2025,Anti-Aging Routine,Product Education,Seniors,linkedin,2025-02-15,2870.61,9917.0,487.0,39.0,6114.46,False,False,False,1,True,True,False,12.55535934291581
AAR_2025,Anti-Aging Routine,Product Education,Young Adults,youtube,2025-06-04,5474.24,58302.0,1474.0,292.0,8673.62,False,False,True,0,False,False,False,5.884409769335143
HP_2025,Holiday Prep,Seasonal Education,Adults,instagram,2025-10-28,3167.98,53246.0,2697.0,558.0,54401.23,False,False,False,0,False,False,False,20.171015943641084
SCA_2025,Skin Cancer Awareness,Educational Awareness,Seniors,youtube,2025-05-07,7880.44,754317.0,37439.0,1017.0,29294.55,False,False,False,0,False,False,False,0.7824608029060605
SCA_2025,Skin Cancer Awareness,Educational Awareness,Young Adults,tiktok,2025-05-08,16598.37,1610365.0,49043.0,609.0,17139.73,False,False,False,0,False,False,False,0.349483718369594
AAR_2025,Anti-Aging Routine,Product Education,Seniors,email,2025-01-29,3911.94,8539.0,238.0,383.0,40377.69,False,False,False,0,False,False,False,169.65415966386556
NF_2025,Nature First,Brand Image,Parents,email,2025-04-17,4768.39,13188.0,845.0,141.0,12513.74,False,False,False,0,False,False,False,14.809159763313609
NF_2025,Nature First,Brand Image,Gen Z,youtube,2025-05-23,4094.01,72611.0,2527.0,37.0,1703.36,False,False,False,0,False,False,False,0.6740641076375148
SS_2025,Summer Sale,Seasonal Sale,Young Adults,youtube,2025-05-31,11417.78,203037.0,10422.0,1881.0,95816.95,False,False,False,0,False,False,False,9.19372001535214
AAR_2025,Anti-Aging Routine,Product Education,Young Adults,instagram,2025-02-26,4524.44,25456.0,1101.0,208.0,12847.15,False,False,False,0,False,False,False,11.668619436875566
SCA_2025,Skin Cancer Awareness,Educational Awareness,Adults,linkedin,2025-05-18,12239.23,281671.0,10998.0,677.0,26131.43,False,False,False,0,False,False,False,2.376016548463357
NF_2025,Nature First,Brand Image,Parents,facebook,2025-03-25,2979.12,41598.0,2065.0,33.0,3062.32,False,False,False,0,False,False,False,1.4829636803874093
AAR_2025,Anti-Aging Routine,Product Education,Seniors,email,2025-03-30,5441.54,12632.0,380.0,95.0,10301.01,False,False,False,0,False,False,False,27.10792105263158
PL_2025,Product Launch,Product Launch,Adults,youtube,2025-03-30,17845.61,734502.0,20310.0,6390.0,589702.14,False,False,False,1,True,True,False,29.035063515509602
AAR_2025,Anti-Aging Routine,Product Education,Young Adults,facebook,2025-01-31,4582.69,20793.0,828.0,168.0,16684.43,False,False,False,0,False,False,False,20.150277777777777
AAR_2025,Anti-Aging Routine,Product Education ,Young Adults,facebook,2025-03-12,4076.1,42943.0,2616.0,161.0,79206.18,False,False,True,0,False,False,False,30.277591743119263
AAR_2025,Anti-Aging Routine,Product Education,Adults,email,2025-01-21,5355.97,24427.0,1609.0,524.0,56887.56,False,False,False,0,False,False,False,35.355848353014295
NF_2025,Nature First,Brand Image,Gen Z,tiktok,2025-05-19,6963.79,148475.0,11033.0,453.0,25562.48,False,False,False,0,False,False,False,2.316911084927037
TSF_2025,TikTok Skin Fails,Trend Counter,Young Adults,instagram,2025-05-26,13485.32,1088833.0,62363.0,3224.0,59312.01,False,False,False,0,False,False,False,0.9510769206099771
SCA_2025,Skin Cancer Awareness,Educational Awareness,Adults,youtube,2025-05-01,14824.23,1196638.0,44339.0,467.0,16929.95,False,False,False,0,False,False,False,0.38182976612012
TSF_2025,TikTok Skin Fails,Trend Counter,Gen Z,tiktok,2025-03-26,7852.28,2286030.0,273458.0,15974.0,825223.98,False,False,False,0,False,False,False,3.0177357400405183
BF_2025,Black Friday,Seasonal Sale,Gen Z,youtube,2025-11-16,10148.2,380650.0,19648.0,3600.0,219401.87,False,False,False,0,False,False,False,11.16662611970684
NF_2025,Nature First,Brand Image,Young Adults,linkedin,2025-05-14,3527.67,31644.0,1008.0,20.0,1773.04,False,False,False,0,False,False,False,1.7589682539682538
PL_2025,Product Launch,Product Launch,Seniors,facebook,2025-02-14,9028.25,53459.0,3601.0,121.0,15584.3,False,False,False,0,False,False,False,4.327770063871147
PL_2025,Product Launch,Product Launch,Adults,email,2025-02-19,13775.46,86227.0,4841.0,490.0,30200.38,False,False,True,0,False,False,False,6.238458996075192
AAR_2025,Anti-Aging Routine,Product Education,Adults,linkedin,2025-02-15,4037.52,47556.0,2199.0,478.0,59850.44,False,False,False,0,False,False,False,27.21711687130514
SS_2025,Summer Sale,Seasonal Sale,Gen Z,youtube,2025-07-18,3646.71,159950.0,7117.0,1069.0,59072.0,False,False,False,0,False,False,False,8.300126457777154
BF_2025,Black Friday,Seasonal Sale,Gen Z,youtube,2025-11-22,23866.4,1031293.0,38769.0,4182.0,166216.58,False,False,False,0,False,False,False,4.2873579406226625
TSF_2025,TikTok Skin Fails,Trend Counter,Gen Z,tiktok,2025-05-09,77843.9,13443199.0,2450869.0,78837.0,4084122.03,False,False,False,0,False,False,False,1.6663975226746104
PL_2025,Product Launch,Product Launch,Seniors,facebook,2025-03-12,11274.68,190063.0,7152.0,404.0,33400.87,False,False,False,0,False,False,False,4.670144015659956
AAR_2025,Anti-Aging Routine,Product Education,Young Adults,youtube,2025-03-25,5997.06,53817.0,2846.0,482.0,35267.45,False,False,False,0,False,False,False,12.391936050597328
NF_2025,Nature First,Brand Image,Parents,facebook,2025-03-31,5630.95,76043.0,1324.0,97.0,7546.73,False,False,False,0,False,False,False,5.699947129909365
HP_2025,Holiday Prep,Seasonal Education,Parents,facebook,2025-11-17,6623.23,64814.0,2368.0,459.0,43493.79,False,False,False,0,False,False,False,18.367309966216215
NF_2025,Nature First,Brand Image,Young Adults,youtube,2025-03-13,4507.86,88901.0,2961.0,54.0,4237.61,False,False,False,0,False,False,False,1.4311415062478892
AAR_2025,Anti-Aging Routine,Product Education,Young Adults,email,2025-03-19,5907.09,12863.0,1927.0,499.0,51383.22,True,False,False,0,False,False,False,26.664878048780487
PL_2025,Product Launch,Product Launch,Seniors,email,2025-02-27,5341.57,54078.0,3717.0,305.0,37797.01,False,False,False,0,False,False,False,10.168687113263385
AAR_2025,Anti-Aging Routine,Product Education,Young Adults,facebook,2025-05-07,3526.26,15944.0,644.0,106.0,8314.54,False,False,False,0,False,False,False,12.91077639751553
DBB_2025,Don't Burn for Beauty,Social Impact,Adults,facebook,2025-07-24,4110.1,108343.0,6358.0,739.0,36012.99,False,False,False,0,False,False,False,5.66420100660585
NF_2025,Nature First,Brand Image,Parents,facebook,2025-03-22,6732.68,95097.0,4602.0,186.0,15548.67,False,False,False,0,False,False,False,3.3786766623207303
PL_2025,Product Launch,Product Launch,Young Adults,facebook,2025-03-01,5417.59,184353.0,8907.0,188.0,19202.34,False,False,False,0,False,False,False,2.1558706635230718
DBB_2025,Don't Burn for Beauty,Social Impact,Gen Z,youtube,2025-07-04,19011.07,1978088.0,142978.0,12022.0,216595.34,False,False,False,0,False,False,False,1.5148857866245156
SS_2025,Summer Sale,Seasonal Sale,Gen Z,youtube,2025-05-23,7393.03,198951.0,9565.0,842.0,48302.03,False,False,False,0,False,False,False,5.049872451646628
NF_2025,Nature First,Brand Image,Gen Z,tiktok,2025-04-28,3803.52,115381.0,5228.0,48.0,3616.31,False,False,False,0,False,False,False,0.6917195868400918
NF_2025,Nature First,Brand Image,Young Adults,instagram,2025-03-18,4485.45,39680.0,729.0,5.0,390.09,False,False,False,0,False,False,False,0.5351028806584361
NF_2025,Nature First,Brand Image ,Young Adults,instagram,2025-05-19,4306.37,82166.0,1548.0,44.0,3159.52,False,False,False,0,False,False,False,2.0410335917312663
NF_2025,Nature First,Brand Image,Parents,instagram,2025-05-26,5798.32,39733.0,2166.0,182.0,11588.85,False,False,False,0,False,False,False,5.350346260387812
TSF_2025,TikTok Skin Fails,Trend Counter,Young Adults,youtube,2025-06-01,15519.87,864230.0,82792.0,1577.0,79429.47,False,False,False,0,False,False,False,0.95938581022321
PL_2025,Product Launch,Product Launch,Adults,email,2025-03-22,19746.21,258124.0,13681.0,1622.0,144363.1,False,False,False,0,False,False,False,10.55208683575762
BF_2025,Black Friday,Seasonal Sale,Adults,linkedin,2025-11-25,12749.38,125636.0,4967.0,2106.0,165814.1,False,False,False,0,False,False,False,33.38314878196094
PL_2025,Product Launch,Product Launch,Adults,email,2025-03-24,13823.89,158948.0,12403.0,577.0,34545.6,False,False,False,0,False,False,False,2.7852616302507456
PL_2025,Product Launch,Product Launch,Adults,youtube,2025-03-17,12451.685,1153251.0,31133.0,515.5,68755.64,False,True,True,0,False,False,False,2.208448912729258
NF_2025,Nature First,Brand Image,Young Adults,youtube,2025-03-07,8677.42,110152.0,4352.0,95.0,5424.18,False,False,True,0,False,False,False,1.2463648897058823
PL_2025,Product Launch,Product Launch,Seniors,email,2025-03-18,10401.37,61592.0,4209.0,339.0,34333.72,False,False,False,0,False,False,False,8.157215490615348
AAR_2025,Anti-Aging Routine,Product Education,Adults,linkedin,2025-05-03,6917.27,20809.0,850.0,317.0,38402.82,False,False,False,0,False,False,False,45.17978823529412
PL_2025,Product Launch,Product Launch,Seniors,linkedin,2025-02-07,4744.91,18368.0,684.0,31.0,4223.36,False,False,False,0,False,False,False,6.174502923976608
NF_2025,Nature First,Brand Image,Parents,instagram,2025-03-12,7690.19,83761.0,4776.0,176.0,12682.59,False,False,False,0,False,False,False,2.6554836683417085
PL_2025,Product Launch,Product Launch,Adults,email,2025-03-18,12562.2,62012.0,3357.0,244.0,23749.02,False,False,False,0,False,False,False,7.074477211796247
NF_2025,Nature First,Brand Image,Young Adults,linkedin,2025-03-21,3638.4,29444.0,912.0,7.0,574.57,False,False,False,0,False,False,False,0.6300109649122807
AAR_2025,Anti-Aging Routine,Product Education,Adults,youtube,2025-03-21,4310.04,66728.0,1826.0,722.0,58878.46,False,False,False,0,False,False,False,32.244501642935376
TSF_2025,TikTok Skin Fails,Trend Counter,Gen Z,youtube,2025-04-05,6746.58,784765.0,90146.0,4827.0,85478.82,False,False,False,0,False,False,False,0.9482264326758815
AAR_2025,Anti-Aging Routine,Product Education,Adults,facebook,2025-03-23,4849.68,25416.0,753.0,71.0,4904.8,False,False,False,0,False,False,False,6.513678618857902
NF_2025,Nature First,Brand Image,Parents,facebook,2025-04-20,7666.29,70137.0,2209.0,29.0,2321.71,False,False,False,0,False,False,False,1.0510230873698507
BF_2025,Black Friday,Seasonal Sale,Young Adults,email,2025-11-23,9580.45,62507.0,7652.0,3473.0,236470.66,False,False,False,0,False,False,False,30.903118139048615
AAR_2025,Anti-Aging Routine,Product Education,Seniors,email,2025-02-17,4455.18,12924.0,593.0,234.0,19111.27,False,False,False,0,False,False,False,32.2281112984823
SS_2025,Summer Sale,Seasonal Sale,Adults,linkedin,2025-06-11,5381.43,27110.0,1331.0,196.0,8256.0,False,False,False,0,False,False,True,6.202856283824414
SS_2025,Summer Sale,Seasonal Sale,Adults,linkedin,2025-05-27,5604.8,83714.0,3507.0,1043.0,60076.72,False,False,False,0,False,False,False,17.13051611063587
PL_2025,Product Launch,Product Launch,Seniors,email,2025-03-19,20335.14,121693.0,10025.0,374.0,50099.17,False,False,False,0,False,False,False,4.997423441396508
AAR_2025,Anti-Aging Routine,Product Education,Seniors,email,2025-05-07,2449.77,6666.0,318.0,190.0,15268.13,False,False,False,0,False,False,False,48.01298742138365
AAR_2025,Anti-Aging Routine,Product Education,Adults,youtube,2025-04-08,5206.26,47337.0,5182.0,1521.0,98297.83,False,False,False,0,False,False,False,18.96909108452335
SS_2025,Summer Sale,Seasonal Sale,Parents,instagram,2025-05-27,7178.38,74627.0,2052.0,369.0,18830.24,False,False,False,0,False,False,False,9.176530214424952
SS_2025,Summer Sale,Seasonal Sale,Adults,email,2025-06-19,8040.69,49431.0,2754.0,495.0,29518.9,False,False,False,0,False,False,False,10.718554829339144
DBB_2025,Don't Burn for Beauty,Social Impact,Gen Z,instagram,2025-08-07,23802.48,1273153.0,114080.0,3612.0,111032.0,False,False,False,0,False,False,True,0.9732815906556541
NF_2025,Nature First,Brand Image,Young Adults,instagram,2025-02-22,6836.83,35061.0,2322.5,6.0,530.8,False,False,False,1,True,True,False,0.22854682454251882
PL_2025,Product Launch,Product Launch,Young Adults,facebook,2025-02-24,35845.52,946360.0,0.0,0.0,0.0,False,False,False,0,False,False,False,3.2963992219790907
NF_2025,Nature First,Brand Image,Gen Z,youtube,2025-03-03,4334.95,118334.0,3523.0,30.0,2141.13,False,False,False,0,False,False,False,0.607757592960545
SCA_2025,Skin Cancer Awareness,Educational Awareness,Adults,linkedin,2025-05-12,6236.02,220656.0,7349.0,88.0,2597.16,False,False,False,0,False,False,False,0.35340318410668115
PL_2025,Product Launch,Product Launch,Adults,facebook,2025-02-05,22035.19,493588.0,21792.0,1020.0,83698.3,False,False,False,0,False,False,False,3.840781020558003
PL_2025,Product Launch,Product Launch,Adults,facebook,2025-01-21,10732.36,182259.0,5246.0,141.0,11525.18,False,False,False,0,False,False,False,2.196946244757911
NF_2025,Nature First,Brand Image,Young Adults,instagram,2025-06-02,4785.51,46591.0,1537.0,45.0,3899.61,False,False,False,0,False,False,False,2.5371567989590114
TSF_2025,TikTok Skin Fails,Trend Counter,Young Adults,tiktok,2025-05-28,19007.91,1242249.0,66422.0,1283.0,68246.02,False,False,False,0,False,False,False,1.0274610821715697
DBB_2025,Don't Burn for Beauty,Social Impact,Gen Z,youtube,2025-07-31,7435.34,442188.0,36891.0,1762.0,55604.61,False,False,False,0,False,False,False,1.5072676262503049
TSF_2025,TikTok Skin Fails,Trend Counter,Gen Z,youtube,2025-03-10,24312.79,1259354.0,138383.0,10237.0,281696.78,False,False,False,0,False,False,False,2.0356313998106708
DBB_2025,Don't Burn for Beauty,Social Impact,Young Adults,facebook,2025-08-13,7256.9,200757.0,12292.0,322.0,8572.53,False,False,True,0,False,False,False,0.6974072567523593
AAR_2025,Anti-Aging Routine,Product Education,Adults,youtube,2025-05-12,6936.05,74343.0,0.0,0.0,0.0,False,False,False,0,False,False,False,14.135952140908914
TSF_2025,TikTok Skin Fails,Trend Counter,Gen Z,youtube,2025-06-06,64270.73,4888327.0,195379.0,3953.0,71228.37,False,False,False,0,False,False,False,0.36456512726546864
NF_2025,Nature First,Brand Image,Parents,instagram,2025-05-23,6945.6,52609.0,3623.0,100.0,9646.38,False,False,False,0,False,False,False,2.662539332045266
DBB_2025,Don't Burn for Beauty,Social Impact,Adults,linkedin,2025-07-06,9805.7,86017.0,0.0,0.0,0.0,False,False,False,0,False,False,False,1.5633474303285209
DBB_2025,Don't Burn for Beauty,Social Impact,Gen Z,tiktok,2025-07-17,7378.33,726970.0,36194.0,399.0,9721.78,False,False,False,1,True,True,False,0.2686019782284357
SS_2025,Summer Sale,Seasonal Sale,Parents,email,2025-06-08,8038.36,54332.0,4020.0,1211.0,59412.12,False,False,False,0,False,False,False,14.779134328358209
SS_2025,Summer Sale,Seasonal Sale,Young Adults,youtube,2025-05-18,7723.62,224406.0,13679.0,907.0,110197.78,False,False,True,0,False,False,False,8.055982162438776
NF_2025,Nature First,Brand Image,Gen Z,instagram,2025-05-12,7722.1,225040.0,8733.0,165.0,13367.59,False,False,False,0,False,False,False,1.530698499942746
AAR_2025,Anti-Aging Routine,Product Education,Seniors,email,2025-02-18,5052.61,9610.0,468.0,80.0,12421.08,False,False,False,0,False,False,False,26.540769230769232
SS_2025,Summer Sale,Seasonal Sale,Adults,linkedin,2025-05-18,7772.68,64533.0,2129.0,184.0,34610.18,False,False,True,0,False,False,False,16.256542977923907
AAR_2025,Anti-Aging Routine,Product Education,Young Adults,email,2025-03-22,9202.66,48236.0,2252.0,2240.0,172918.21,False,False,False,0,False,False,False,76.78428507992895
AAR_2025,Anti-Aging Routine,Product Education,Young Adults,facebook,2025-04-18,4366.99,26422.0,567.0,95.0,7632.83,False,False,False,0,False,False,False,13.461781305114638
AAR_2025,Anti-Aging Routine,Product Education,Adults,email,2025-01-22,7641.37,16359.0,1825.0,472.0,30795.33,False,False,False,0,False,False,False,16.874153424657536
SS_2025,Summer Sale,Seasonal Sale,Young Adults,youtube,2025-06-02,6751.52,229305.0,11950.0,907.0,157133.28,False,False,True,0,False,False,False,13.149228451882845
AAR_2025,Anti-Aging Routine,Product Education,Young Adults,instagram,2025-02-24,5053.51,36427.0,1690.0,255.0,21923.85,False,False,False,0,False,False,False,12.972692307692308
TSF_2025,TikTok Skin Fails,Trend Counter,Young Adults,youtube,2025-03-26,11107.720000000001,466640.0,49621.0,2126.0,46290.52,False,True,False,0,False,False,False,0.9328816428528244
AAR_2025,Anti-Aging Routine,Product Education,Young Adults,facebook,2025-05-23,2219.17,43444.0,0.0,0.0,0.0,False,False,False,0,False,False,False,18.332014213994107
NF_2025,Nature First,Brand Image,Parents,instagram,2025-05-22,2886.05,28434.0,1508.0,24.0,1430.98,False,False,False,0,False,False,False,0.9489257294429708
AAR_2025,Anti-Aging Routine,Product Education,Seniors,email,2025-05-05,2384.01,5497.0,133.0,53.0,5240.65,False,False,False,0,False,False,False,39.403383458646616
AAR_2025,Anti-Aging Routine,Product Education,Adults,facebook,2025-03-13,7514.79,41639.0,2344.0,677.0,67660.78,False,False,False,0,False,False,False,28.8655204778157
AAR_2025,Anti-Aging Routine,Product Education,Seniors,email,2025-06-08,2788.51,1779.0,48.0,17.0,1759.0,False,False,False,0,False,False,True,36.645781081712364
DBB_2025,Don't Burn for Beauty,Social Impact,Young Adults,facebook,2025-08-03,4247.68,183027.0,6666.0,193.0,7413.26,False,False,False,0,False,False,False,1.1121002100210022
PL_2025,Product Launch,Product Launch,Seniors,facebook,2025-02-19,10451.59,80511.0,2978.0,193.0,22549.39,False,False,False,0,False,False,False,7.571991269308261
NF_2025,Nature First,Brand Image,Gen Z,youtube,2025-03-05,6299.48,115382.0,3227.0,117.0,6109.24,False,False,False,0,False,False,False,1.8931639293461417
NF_2025,Nature First,Brand Image,Young Adults,linkedin,2025-05-18,5909.79,41103.0,2153.0,26.0,1530.08,False,False,False,0,False,False,False,0.7106734788666976
PL_2025,Product Launch,Product Launch,Seniors,facebook,2025-02-26,7028.76,106634.0,2704.0,131.0,10912.52,False,False,False,0,False,False,False,4.03569526627219
BF_2025,Black Friday,Seasonal Sale,Seniors,facebook,2025-12-03,8315.93,71482.0,4744.0,1664.0,111038.85,False,False,False,0,False,False,False,23.40616568296796
PL_2025,Product Launch,Product Launch,Young Adults,youtube,2025-03-19,12615.03,400817.0,11042.0,518.0,42180.16,False,False,False,0,False,False,False,3.8199746422749503
SCA_2025,Skin Cancer Awareness,Educational Awareness,Seniors,facebook,2025-05-15,9866.38,180978.0,3562.0,64.0,2627.6,False,False,False,0,False,False,False,0.7376754632229084
SCA_2025,Skin Cancer Awareness,Educational Awareness,Seniors,youtube,2025-05-15,12450.15,223280.0,4844.0,39.0,1392.99,False,False,False,0,False,False,False,0.28757018992568123
PL_2025,Product Launch,Product Launch,Adults,facebook,2025-02-10,21850.71,813559.0,39889.0,2861.0,293095.73,False,False,False,0,False,False,False,7.3477833487929
AAR_2025,Anti-Aging Routine,Product Education,Young Adults,instagram,2025-04-12,4625.68,87239.0,3789.0,638.0,64707.72,False,False,False,0,False,False,False,17.07778305621536
AAR_2025,Anti-Aging Routine,Product Education,Seniors,email,2025-01-31,2425.22,8206.0,484.0,279.0,17737.0,False,False,False,0,False,False,True,36.645781081712364
SS_2025,Summer Sale,Seasonal Sale,Gen Z,tiktok,2025-05-30,4241.39,223374.0,5048.0,213.0,12361.37,False,False,False,0,False,False,False,2.448765847860539
AAR_2025,Anti-Aging Routine,Product Education,Seniors,email,2025-03-25,1852.93,3698.0,216.0,118.0,18665.02,False,False,False,0,False,False,False,86.41212962962963
AAR_2025,Anti-Aging Routine,Product Education,Adults,linkedin,2025-03-07,6146.62,13549.0,696.0,71.0,8156.92,False,False,False,0,False,False,False,11.719712643678161
TSF_2025,TikTok Skin Fails,Trend Counter,Gen Z,tiktok,2025-04-14,8514.92,1385069.0,85295.0,2873.0,85144.06,False,False,False,0,False,False,False,0.9982303769271352
SS_2025,Summer Sale,Seasonal Sale,Gen Z,instagram,2025-05-29,2807.56,39509.0,0.0,0.0,0.0,False,False,False,0,False,False,False,5.515245255411358
NF_2025,Nature First,Brand Image,Young Adults,youtube,2025-04-12,7258.97,112152.0,3856.0,124.0,6123.49,False,False,False,0,False,False,False,1.5880420124481327
AAR_2025,Anti-Aging Routine,Product Education,Adults,email,2025-01-31,5819.05,25110.0,1467.0,461.0,52084.53,False,False,False,0,False,False,False,35.50411042944785
HP_2025,Holiday Prep,Seasonal Education,Seniors,facebook,2025-11-04,4545.64,50788.0,1664.0,568.0,43109.96,False,False,False,0,False,False,False,25.907427884615384
NF_2025,Nature First,Brand Image,Young Adults,instagram,2025-05-25,5594.32,54711.0,4171.0,61.0,5539.95,False,False,False,0,False,False,False,1.3282066650683289
NF_2025,Nature First,Brand Image,Gen Z,youtube,2025-05-01,5535.14,234316.0,11948.0,290.0,19253.27,False,False,False,0,False,False,False,1.611421995313023
DBB_2025,Don't Burn for Beauty,Social Impact,Young Adults,youtube,2025-07-31,6093.37,243690.0,7632.0,274.0,6050.75,False,False,False,0,False,False,False,0.7928131551362684
AAR_2025,Anti-Aging Routine,Product Education,Young Adults,instagram,2025-02-22,4908.92,32551.0,1025.0,63.0,4394.34,False,False,False,0,False,False,False,4.287160975609757
DBB_2025,Don't Burn for Beauty,Social Impact,Gen Z,instagram,2025-08-02,2279.6,190071.0,9757.0,272.0,8879.43,False,False,False,0,False,False,False,0.9100573946909911
AAR_2025,Anti-Aging Routine,Product Education,Adults,email,2025-04-11,5814.4,15180.0,1213.0,726.0,78040.64,False,False,False,0,False,False,False,64.33688375927453
AAR_2025,Anti-Aging Routine,Product Education,Adults,youtube,2025-04-02,5521.59,76443.0,2113.0,1058.0,71483.34,False,False,False,0,False,False,False,33.830260293421674
SS_2025,Summer Sale,Seasonal Sale,Adults,facebook,2025-05-31,12413.94,175562.0,3295.0,456.0,18448.59,False,False,False,0,False,False,False,5.598965098634294
AAR_2025,Anti-Aging Routine,Product Education,Seniors,facebook,2025-02-12,6624.79,40615.0,620.0,130.0,20098.56,False,False,False,0,False,False,False,32.417032258064516
AAR_2025,Anti-Aging Routine,Product Education,Young Adults,email,2025-02-05,3738.16,13620.0,798.0,491.0,30425.48,False,False,False,0,False,False,False,38.1271679197995
HP_2025,Holiday Prep,Seasonal Education,Parents,facebook,2025-11-02,4546.94,21653.0,1673.0,369.0,32399.44,False,False,True,0,False,False,False,19.366072922893007
SS_2025,Summer Sale,Seasonal Sale,Gen Z,youtube,2025-05-22,3295.79,121647.0,3774.0,256.0,11313.19,False,False,False,0,False,False,False,2.997665606783254
SS_2025,Summer Sale,Seasonal Sale,Adults,facebook,2025-06-06,3297.71,36830.0,1536.0,191.0,11016.81,False,False,False,0,False,False,False,7.17240234375
HP_2025,Holiday Prep,Seasonal Education,Seniors,facebook,2025-11-03,4558.52,8751.0,286.0,81.0,5165.59,False,False,False,0,False,False,False,18.061503496503498
DBB_2025,Don't Burn for Beauty,Social Impact,Adults,youtube,2025-08-04,6207.01,184721.0,9248.0,218.0,37072.66,False,True,False,0,False,False,False,4.0087218858131495
SS_2025,Summer Sale,Seasonal Sale,Adults,linkedin,2025-07-01,5027.59,37601.0,3509.0,314.0,15099.69,False,False,False,0,False,False,False,4.303131946423482
BF_2025,Black Friday,Seasonal Sale,Adults,facebook,2025-11-27,6331.77,124576.0,6022.0,560.0,50253.46,False,False,False,0,False,False,False,8.344978412487546
TSF_2025,TikTok Skin Fails,Trend Counter,Young Adults,facebook,2025-04-10,4584.66,139705.0,30037.0,465.0,13131.8,False,False,False,1,True,True,False,0.4371874687884942
AAR_2025,Anti-Aging Routine,Product Education,Young Adults,youtube,2025-02-22,3974.42,41887.0,1312.0,173.0,12365.86,False,False,False,0,False,False,False,9.425198170731708
BF_2025,Black Friday,Seasonal Sale,Seniors,email,2025-11-30,5385.27,77083.0,1215.0,994.0,86512.56,True,False,False,0,False,False,False,71.20375308641975
PL_2025,Product Launch,Product Launch,Seniors,email,2025-02-13,19687.04,110023.0,0.0,0.0,0.0,False,False,False,0,False,False,False,8.709877626083228
TSF_2025,TikTok Skin Fails,Trend Counter,Young Adults,instagram,2025-03-21,2796.93,111143.0,5919.0,252.0,13154.99,False,False,False,0,False,False,False,2.222502111843217
TSF_2025,TikTok Skin Fails,Trend Counter,Young Adults,tiktok,2025-03-24,3145.3,299401.0,39869.0,285.0,15250.82,False,False,False,0,False,False,False,0.3825232636885801
HP_2025,Holiday Prep,Seasonal Education,Parents,email,2025-11-23,2288.88,7850.0,521.0,715.0,58793.29,False,False,False,0,False,False,False,112.8470057581574
PL_2025,Product Launch,Product Launch,Seniors,linkedin,2025-03-15,23723.54,371798.0,0.0,0.0,0.0,False,False,False,0,False,False,False,4.887535440632221
SS_2025,Summer Sale,Seasonal Sale,Gen Z,instagram,2025-05-27,7059.76,109644.0,4623.0,436.0,23508.14,False,False,False,0,False,False,False,5.08504001730478
AAR_2025,Anti-Aging Routine,Product Education,Young Adults,instagram,2025-03-24,5180.98,35970.0,1097.0,42.0,3006.21,False,False,False,0,False,False,False,2.7403919781221515
PL_2025,Product Launch,Product Launch,Young Adults,instagram,2025-03-15,56476.68,1403568.0,141540.0,8473.0,702277.98,False,False,False,0,False,False,False,4.961692666384061
AAR_2025,Anti-Aging Routine,Product Education,Adults,youtube,2025-05-13,4050.73,52395.0,1907.0,437.0,70457.52,False,False,False,0,False,False,False,36.94678552700577
AAR_2025,Anti-Aging Routine,Product Education,Adults,linkedin,2025-01-21,4026.9849999999997,23798.0,876.0,180.0,20769.03,False,True,False,0,False,False,False,23.70893835616438
TSF_2025,TikTok Skin Fails,Trend Counter,Gen Z,tiktok,2025-03-29,2003.61,470482.0,41467.0,469.0,8656.36,False,False,False,0,False,False,False,0.2087529843007693
SCA_2025,Skin Cancer Awareness,Educational Awareness,Seniors,youtube,2025-05-23,6066.53,296527.0,9560.0,79.0,3187.5,False,False,False,0,False,False,False,0.3334205020920502
NF_2025,Nature First,Brand Image,Gen Z,youtube,2025-04-01,7954.03,233008.0,16780.0,446.0,25915.65,False,False,False,0,False,False,False,1.544436829558999
NF_2025,Nature First,Brand Image,Gen Z,instagram,2025-04-05,8170.76,192416.0,6993.0,154.0,10844.86,False,False,False,0,False,False,False,1.550816530816531
NF_2025,Nature First,Brand Image,Young Adults,instagram,2025-04-16,8203.85,180427.0,11527.0,285.0,16402.82,False,False,False,0,False,False,False,1.4229912379630432
DBB_2025,Don't Burn for Beauty,Social Impact,Young Adults,tiktok,2025-07-26,7018.76,941159.0,66539.0,643.0,19308.31,False,False,False,0,False,False,False,0.29018034536136705
AAR_2025,Anti-Aging Routine,Product Education,Seniors,email,2025-05-10,4717.15,6985.0,238.0,92.0,11310.11,False,False,False,0,False,False,False,47.521470588235296
SCA_2025,Skin Cancer Awareness,Educational Awareness,Adults,youtube,2025-05-10,6585.52,380315.0,12295.0,183.0,6454.27,False,False,False,0,False,False,False,0.5249507930052867
AAR_2025,Anti-Aging Routine,Product Education,Seniors,email,2025-03-20,3216.34,5984.0,303.0,235.0,36465.59,False,False,False,0,False,False,False,120.3484818481848
HP_2025,Holiday Prep,Seasonal Education,Adults,email,2025-11-08,6879.75,28516.0,2668.0,1048.0,89228.12,False,False,False,0,False,False,False,33.44382308845577
TSF_2025,TikTok Skin Fails,Trend Counter,Young Adults,youtube,2025-06-12,19510.96,1099290.0,52973.0,1047.0,58974.43,True,False,False,0,False,False,False,1.1132922432182433
NF_2025,Nature First,Brand Image,Young Adults,youtube,2025-04-09,3302.09,95130.0,4019.0,86.0,4913.07,False,False,False,0,False,False,False,1.2224608111470514
DBB_2025,Don't Burn for Beauty,Social Impact,Gen Z,youtube,2025-08-13,20607.37,717020.0,62505.0,2156.0,73283.19,False,False,False,0,False,False,False,1.1724372450203984
SS_2025,Summer Sale,Seasonal Sale,Parents,facebook,2025-07-01,5209.3,36609.0,1511.0,212.0,15703.0,False,False,False,0,False,False,False,10.392455327597617
AAR_2025,Anti-Aging Routine,Product Education,Adults,email,2025-05-31,5089.4,20962.0,3812.0,1706.0,151518.13,False,False,False,0,False,False,False,39.74767313746065
TSF_2025,TikTok Skin Fails,Trend Counter,Gen Z,youtube,2025-04-23,13366.29,945368.0,111419.0,8316.0,117635.62,False,False,False,0,False,False,False,1.0557949721322215
AAR_2025,Anti-Aging Routine,Product Education,Young Adults,instagram,2025-05-06,7371.07,89531.0,5763.0,1624.0,108805.01,False,False,False,0,False,False,False,18.879925386083634
AAR_2025,Anti-Aging Routine,Product Education,Seniors,linkedin,2025-01-21,5212.18,9985.0,247.0,38.0,5195.7,False,False,False,0,False,False,False,21.035222672064776
NF_2025,Nature First,Brand Image ,Parents,facebook,2025-03-15,5679.79,62616.0,2005.0,38.0,3087.35,False,False,False,0,False,False,False,1.5398254364089776
NF_2025,Nature First,Brand Image,Gen Z,tiktok,2025-04-14,3496.53,239148.0,10927.0,218.0,12567.95,False,False,False,0,False,False,False,1.1501738812116775
AAR_2025,Anti-Aging Routine,Product Education,Adults,email,2025-05-23,4680.42,29595.0,1913.0,646.0,68753.43,False,False,False,0,False,False,False,35.94010977522216
AAR_2025,Anti-Aging Routine,Product Education,Young Adults,email,2025-04-15,2741.36,11641.0,593.0,154.0,10551.39,False,False,False,0,False,False,False,17.793237774030352
SS_2025,Summer Sale,Seasonal Sale,Young Adults,email,2025-06-24,5641.48,66817.0,6175.0,1060.0,65561.74,False,False,False,0,False,False,False,10.617285829959515
TSF_2025,TikTok Skin Fails,Trend Counter,Young Adults,youtube,2025-03-28,22642.37,4363824.0,398506.0,22024.0,551701.43,False,False,False,0,False,False,False,1.3844244001345025
AAR_2025,Anti-Aging Routine,Product Education,Adults,linkedin,2025-04-05,6031.51,11765.0,305.0,73.0,7849.84,False,False,False,0,False,False,False,25.737180327868852
DBB_2025,Don't Burn for Beauty,Social Impact,Adults,linkedin,2025-08-13,5737.16,84253.0,5307.0,372.0,14857.09,False,False,False,0,False,False,False,2.799527039758809
TSF_2025,TikTok Skin Fails,Trend Counter,Young Adults,youtube,2025-04-30,5426.66,336851.0,12494.0,362.0,10790.91,False,False,False,0,False,False,False,0.86368736993757
PL_2025,Product Launch,Product Launch,Adults,facebook,2025-03-09,19408.3,485184.0,33316.0,676.0,47710.77,False,False,False,0,False,False,False,1.4320677752431263
SS_2025,Summer Sale,Seasonal Sale,Gen Z,youtube,2025-07-17,6710.59,116743.0,9005.0,905.0,42191.32,False,False,False,0,False,False,False,4.685321488062188
PL_2025,Product Launch,Product Launch,Young Adults,youtube,2025-01-20,17900.56,839739.0,45064.0,2924.0,288579.68,False,False,False,0,False,False,False,6.403774187821765
DBB_2025,Don't Burn for Beauty,Social Impact,Young Adults,youtube,2025-07-18,7950.86,274540.0,21214.0,979.0,26610.0,False,False,False,0,False,False,True,1.2543555413413905
PL_2025,Product Launch,Product Launch,Young Adults,youtube,2025-03-10,19956.82,516805.0,21569.0,513.0,43914.56,False,False,False,0,False,False,False,2.0360035235755016
SCA_2025,Skin Cancer Awareness,Educational Awareness,Young Adults,youtube,2025-05-01,13341.1,783689.0,10057.0,268.0,6692.84,False,False,False,0,False,False,False,0.6654907029929402
SCA_2025,Skin Cancer Awareness,Educational Awareness,Adults,linkedin,2025-05-14,12394.18,418212.0,7512.0,79.0,2259.14,False,False,False,0,False,False,False,0.3007374866879659
PL_2025,Product Launch,Product Launch ,Adults,facebook,2025-01-19,9378.38,96884.0,5970.0,288.0,33172.08,False,False,False,0,False,False,False,5.556462311557789
DBB_2025,Don't Burn for Beauty,Social Impact,Gen Z,youtube,2025-07-06,8290.63,951041.0,36861.0,1921.0,35205.31,False,False,False,0,False,False,False,0.9550828789235234
DBB_2025,Don't Burn for Beauty,Social Impact,Adults,facebook,2025-07-06,2953.23,58133.0,3386.0,124.0,4129.67,False,False,False,0,False,False,False,1.2196308328411105
AAR_2025,Anti-Aging Routine,Product Education,Seniors,email,2025-03-09,2618.87,7183.0,278.0,259.0,31531.26,False,False,True,0,False,False,False,113.42179856115108
AAR_2025,Anti-Aging Routine,Product Education,Young Adults,instagram,2025-03-23,6535.5,50481.0,1401.0,210.0,15115.0,False,False,False,0,False,False,False,10.788722341184869
AAR_2025,Anti-Aging Routine, Product Education,Adults,linkedin,2025-04-13,4657.85,9872.0,318.0,89.0,6265.19,False,False,False,0,False,False,False,19.701855345911948
AAR_2025,Anti-Aging Routine,Product Education,Young Adults,email,2025-05-26,6967.15,41038.0,5113.0,1529.0,159211.16,False,False,False,0,False,False,False,31.138501858008997
AAR_2025,Anti-Aging Routine,Product Education ,Young Adults,instagram,2025-03-04,5946.76,33848.0,3134.0,371.0,39222.13,False,False,False,0,False,False,False,12.51503828972559
AAR_2025,Anti-Aging Routine,Product Education,Young Adults,facebook,2025-04-12,5144.32,27353.0,699.0,83.0,5149.91,False,False,False,0,False,False,False,7.367539341917024
DBB_2025,Don't Burn for Beauty,Social Impact,Young Adults,tiktok,2025-06-27,3247.22,132571.0,5167.0,152.0,3890.08,False,False,False,0,False,False,False,0.7528701374104896
NF_2025,Nature First,Brand Image,Parents,instagram,2025-05-08,3732.98,32988.0,1132.0,36.0,3149.77,False,False,False,0,False,False,False,2.782482332155477
AAR_2025,Anti-Aging Routine,Product Education,Young Adults,instagram,2025-04-26,3870.2,15849.0,274.0,22.0,1778.59,False,False,False,0,False,False,False,6.491204379562044
HP_2025,Holiday Prep,Seasonal Education,Adults,instagram,2025-11-28,2823.84,25191.0,713.0,83.0,5214.73,False,False,False,0,False,False,False,7.3137868162692845
AAR_2025,Anti-Aging Routine,Product Education,Seniors,linkedin,2025-01-27,4813.42,14269.0,263.0,39.0,4580.13,False,False,False,0,False,False,False,17.414942965779467
SS_2025,Summer Sale,Seasonal Sale,Young Adults,youtube,2025-07-26,4676.41,110709.0,5538.0,694.0,24672.55,False,False,False,0,False,False,False,4.45513723365836
NF_2025,Nature First,Brand Image,Gen Z,instagram,2025-03-26,5014.05,81298.0,4874.0,50.0,9843.57,False,False,True,0,False,False,False,2.019608124743537
SS_2025,Summer Sale,Seasonal Sale,Young Adults,instagram,2025-07-22,10647.38,312023.0,12762.0,1352.0,70386.0,False,False,False,0,False,False,True,5.515245255411358
AAR_2025,Anti-Aging Routine,Product Education,Adults,youtube,2025-02-23,5620.35,79537.0,2300.0,795.0,84842.84,False,False,False,0,False,False,False,36.88819130434783
PL_2025,Product Launch,Product Launch,Young Adults,facebook,2025-03-24,7948.17,119126.0,8226.0,439.0,27116.18,False,False,False,0,False,False,False,3.2963992219790907
AAR_2025,Anti-Aging Routine,Product Education,Young Adults,facebook,2025-04-19,3827.1,45503.0,2060.0,1109.0,114591.45,False,False,False,0,False,False,False,55.626917475728156
SS_2025,Summer Sale,Seasonal Sale,Young Adults,facebook,2025-07-07,4701.39,72851.0,6247.0,284.0,15246.0,False,False,False,0,False,False,False,2.4405314550984474
SS_2025,Summer Sale,Seasonal Sale,Young Adults,email,2025-07-05,4402.89,25442.0,1709.0,344.0,24292.48,False,False,False,0,False,False,False,14.214441193680514
NF_2025,Nature First,Brand Image,Gen Z,instagram,2025-05-16,6167.97,126927.0,3361.0,33.0,2787.4,False,False,False,0,False,False,False,0.8293365069919667
NF_2025,Nature First, Brand Image,Young Adults,linkedin,2025-05-09,6188.71,22827.0,765.0,17.0,1022.47,False,False,False,0,False,False,False,1.336562091503268
PL_2025,Product Launch,Product Launch ,Seniors,email,2025-02-26,14386.98,56134.0,4033.0,490.0,18752.2,False,False,True,0,False,False,False,4.649690057029507
DBB_2025,Don't Burn for Beauty,Social Impact,Young Adults,instagram,2025-07-20,7946.56,452860.0,20235.0,526.0,13486.62,False,False,False,0,False,False,False,0.6664996293550779
NF_2025,Nature First,Brand Image,Young Adults,linkedin,2025-05-04,4999.55,84400.0,1936.0,77.0,5726.8,False,False,False,0,False,False,False,2.9580578512396696
AAR_2025,Anti-Aging Routine,Product Education,Adults,youtube,2025-04-21,4767.75,38626.0,1946.0,306.0,31282.29,False,False,False,0,False,False,False,16.075174717368963
AAR_2025,Anti-Aging Routine,Product Education,Seniors,email,2025-03-06,2361.5,3997.0,148.0,259.0,2916.92,False,False,True,0,False,False,False,19.70891891891892
PL_2025,Product Launch,Product Launch,Seniors,facebook,2025-03-06,10080.65,105816.0,6051.0,136.0,19947.0,False,False,False,0,False,False,True,3.2963992219790907
AAR_2025,Anti-Aging Routine,Product Education,Seniors,facebook,2025-03-17,5516.71,22895.0,418.0,79.0,8398.81,False,False,False,0,False,False,False,20.092846889952153
PL_2025,Product Launch,Product Launch,Seniors,email,2025-03-22,13363.82,77990.0,4943.0,454.0,46912.1,False,False,False,0,False,False,False,9.490612988063928
NF_2025,Nature First,Brand Image,Gen Z,youtube,2025-05-14,4107.41,157079.0,10044.0,141.0,11371.05,False,False,False,0,False,False,False,1.1321236559139785
TSF_2025,TikTok Skin Fails, Trend Counter,Young Adults,facebook,2025-05-31,2901.89,129382.0,2733.0,131.0,7789.84,False,False,False,0,False,False,False,2.85028905964142
AAR_2025,Anti-Aging Routine,Product Education,Adults,youtube,2025-04-20,3161.98,34796.0,1314.0,204.0,20022.15,False,False,False,0,False,False,False,15.237557077625572
SS_2025,Summer Sale,Seasonal Sale,Adults,linkedin,2025-07-08,5884.12,45523.0,2562.0,184.0,12098.6,False,False,False,0,False,False,False,4.722326307572209
BF_2025,Black Friday,Seasonal Sale,Adults,linkedin,2025-11-30,28605.56,134721.0,4167.0,741.0,49336.91,False,False,False,0,False,False,False,11.839911207103432
TSF_2025,TikTok Skin Fails,Trend Counter,Gen Z,instagram,2025-03-13,13941.18,503415.0,29439.0,2887.0,146969.34,False,False,False,0,False,False,False,4.992334658106593
PL_2025,Product Launch,Product Launch,Young Adults,instagram,2025-02-02,12038.28,276976.0,12422.0,396.0,27749.8,False,False,False,0,False,False,False,2.2339236837868297
TSF_2025,TikTok Skin Fails,Trend Counter,Young Adults,tiktok,2025-04-29,4877.19,724653.0,0.0,0.0,0.0,False,False,False,0,False,False,False,0.7661460982148245
NF_2025,Nature First,Brand Image,Gen Z,tiktok,2025-05-22,6101.66,255456.0,7493.0,45.0,2513.61,False,False,False,0,False,False,False,0.335461097023889
AAR_2025,Anti-Aging Routine,Product Education,Adults,youtube,2025-01-15,2452.03,24655.0,1133.0,214.0,16016.0,False,False,False,0,False,False,True,14.135952140908914
SS_2025,Summer Sale,Seasonal Sale,Adults,facebook,2025-07-12,8294.53,137498.0,5742.0,827.0,35341.09,False,False,False,0,False,False,False,6.154839777081156
PL_2025,Product Launch,Product Launch,Seniors,linkedin,2025-02-19,4150.09,26746.0,1164.0,83.0,7075.76,False,False,False,0,False,False,False,6.078831615120275
AAR_2025,Anti-Aging Routine,Product Education,Young Adults,facebook,2025-02-13,8690.59,68876.0,3263.0,255.0,14299.08,False,False,False,0,False,False,False,4.382188170395342
PL_2025,Product Launch,Product Launch,Young Adults,facebook,2025-02-04,19446.81,542106.0,13440.0,530.0,33952.75,False,False,False,0,False,False,False,2.5262462797619047
HP_2025,Holiday Prep,Seasonal Education,Seniors,facebook,2025-11-26,3990.68,29930.0,2019.0,1385.0,152664.24,False,False,False,0,False,False,False,75.61378900445764
AAR_2025,Anti-Aging Routine,Product Education,Seniors,email,2025-06-06,3390.33,14229.0,614.0,567.0,79274.1,False,False,False,0,False,False,False,129.11091205211727
NF_2025,Nature First,Brand Image,Parents,facebook,2025-05-29,4268.27,43643.0,1190.0,138.0,13377.69,False,False,False,0,False,False,False,11.24175630252101
AAR_2025,Anti-Aging Routine,Product Education,Seniors,email,2025-04-15,4768.01,39498.0,1101.0,761.0,99681.54,False,False,False,0,False,False,False,90.53727520435967
NF_2025,Nature First,Brand Image,Parents,email,2025-06-03,4841.98,18491.0,1418.0,52.0,3075.39,False,True,False,0,False,False,False,2.1688222849083214
SS_2025,Summer Sale,Seasonal Sale,Parents,facebook,2025-05-25,5148.9,106565.0,5267.0,509.0,25212.8,False,False,False,0,False,False,False,4.786937535599012
SS_2025,Summer Sale,Seasonal Sale,Adults,linkedin,2025-05-22,4722.36,41320.0,2034.0,271.0,15894.18,False,False,False,0,False,False,False,7.814247787610619
SS_2025,Summer Sale,Seasonal Sale,Adults,email,2025-06-01,8903.48,35359.0,3145.0,1388.0,69799.23,False,False,False,0,False,False,False,22.193713831478536
BF_2025,Black Friday,Seasonal Sale,Gen Z,instagram,2025-11-22,9665.57,127436.0,3294.0,825.0,51259.19,False,False,False,0,False,False,False,15.561381299332119
NF_2025,Nature First,Brand Image,Parents,instagram,2025-05-27,4504.37,17080.0,472.0,6.0,581.23,False,False,False,0,False,False,False,1.2314194915254237
SS_2025,Summer Sale,Seasonal Sale,Parents,instagram,2025-06-18,3203.16,28159.0,1896.0,154.0,7727.39,False,False,False,0,False,False,False,4.075627637130802
NF_2025,Nature First,Brand Image,Parents,facebook,2025-03-09,6206.93,96494.0,3926.0,31.0,2499.08,False,False,False,0,False,False,False,0.6365461029037188
SS_2025,Summer Sale,Seasonal Sale,Gen Z,youtube,2025-05-28,3836.02,153245.0,8142.0,1288.0,72992.23,False,False,False,0,False,False,False,8.964901744043232
PL_2025,Product Launch,Product Launch,Young Adults,youtube,2025-03-06,6312.06,186995.0,6905.0,225.0,15731.21,False,False,False,0,False,False,False,2.2782346125995656
HP_2025,Holiday Prep,Seasonal Education,Adults,facebook,2025-11-17,3815.36,64807.0,3261.0,807.0,61338.65,False,False,False,0,False,False,False,18.809766942655628
SS_2025,Summer Sale,Seasonal Sale,Gen Z,youtube,2025-07-09,3351.72,103251.0,2331.0,222.0,8266.62,False,False,False,0,False,False,False,3.5463835263835266
NF_2025,Nature First,Brand Image,Gen Z,tiktok,2025-03-08,6091.44,314886.0,6047.0,26.0,1820.67,False,False,False,0,False,False,False,0.3010864891681826
SS_2025,Summer Sale,Seasonal Sale,Adults,facebook,2025-07-19,7226.67,136494.0,7746.0,830.0,50174.23,False,False,False,0,False,False,False,6.477437387038472
NF_2025,Nature First,Brand Image,Young Adults,youtube,2025-05-21,3613.3,90095.0,5540.0,126.0,7644.1,False,False,False,0,False,False,False,1.3798014440433213
SCA_2025,Skin Cancer Awareness,Educational Awareness,Adults,linkedin,2025-06-01,7173.4,242873.0,7815.0,67.0,2272.74,False,False,False,0,False,False,False,0.2908176583493282
SS_2025,Summer Sale,Seasonal Sale,Young Adults,youtube,2025-07-02,9271.69,234564.0,12291.0,1001.0,43040.91,False,False,False,0,False,False,False,3.50182328533073
NF_2025,Nature First, Brand Image,Gen Z,tiktok,2025-05-14,9007.02,288042.0,13104.0,227.0,8049.0,False,False,False,0,False,False,True,0.6142460491659351
DBB_2025,Don't Burn for Beauty,Social Impact,Young Adults,instagram,2025-08-06,9549.1,298113.0,19158.0,932.0,30551.45,False,False,False,0,False,False,False,1.5947097818143856
PL_2025,Product Launch,Product Launch,Seniors,facebook,2025-02-10,8997.21,194780.0,5109.0,149.0,17478.8,False,False,False,0,False,False,False,3.421178312781366
AAR_2025,Anti-Aging Routine,Product Education,Young Adults,email,2025-04-09,3772.61,12592.0,437.0,174.0,11230.46,False,False,False,0,False,False,False,25.69899313501144
SS_2025,Summer Sale,Seasonal Sale,Parents,instagram,2025-07-23,2627.62,22288.0,783.0,91.0,5827.83,False,False,False,0,False,False,False,7.442950191570882
TSF_2025,TikTok Skin Fails,Trend Counter,Gen Z,youtube,2025-06-04,886.63,120837.0,15190.0,350.0,5633.29,False,False,False,0,False,False,False,0.37085516787360107
NF_2025,Nature First,Brand Image,Young Adults,linkedin,2025-03-15,7660.59,46905.0,1429.0,46.0,2420.18,False,False,False,0,False,False,False,1.6936179146256123
AAR_2025,Anti-Aging Routine,Product Education,Young Adults,email,2025-02-09,5244.36,18031.0,0.0,0.0,0.0,False,False,False,0,False,False,False,36.645781081712364
SS_2025,Summer Sale,Seasonal Sale,Adults,facebook,2025-07-05,1792.29,27681.0,1609.0,197.0,12248.17,False,False,False,0,False,False,False,7.612287134866377
NF_2025,Nature First,Brand Image,Parents,instagram,2025-03-10,5900.4,88340.0,4548.0,135.0,7303.46,False,False,False,0,False,False,False,1.6058619173262974
AAR_2025,Anti-Aging Routine,Product Education,Seniors,facebook,2025-05-24,4759.63,20260.0,494.0,130.0,15363.19,False,False,False,0,False,False,False,31.099574898785427
SS_2025,Summer Sale,Seasonal Sale,Young Adults,email,2025-06-02,4051.13,52083.0,2582.0,440.0,18047.01,False,False,False,0,False,False,False,6.989546862896979
TSF_2025,TikTok Skin Fails,Trend Counter,Young Adults,facebook,2025-04-13,14199.9,910157.0,76153.0,8334.0,257483.98,False,False,False,0,False,False,False,3.3811403359027223
AAR_2025,Anti-Aging Routine,Product Education,Young Adults,instagram,2025-02-04,4917.16,27259.0,855.0,89.0,5140.65,False,False,False,0,False,False,False,6.012456140350877
NF_2025,Nature First,Brand Image,Young Adults,linkedin,2025-02-19,4354.58,30538.0,1527.0,23.0,1332.28,False,False,False,0,False,False,False,0.8724819908316961
SS_2025,Summer Sale,Seasonal Sale,Young Adults,youtube,2025-05-26,8432.41,266813.0,7389.0,635.0,31301.67,False,False,False,0,False,False,False,4.236252537555826
HP_2025,Holiday Prep,Seasonal Education,Seniors,email,2025-11-09,4182.05,12849.0,1388.0,1691.0,182699.02,False,False,False,0,False,False,False,131.62753602305474
TSF_2025,TikTok Skin Fails,Trend Counter,Young Adults,instagram,2025-03-17,4912.97,207417.0,5726.0,132.0,8416.0,False,False,False,0,False,False,True,1.4698740423386454
SS_2025,Summer Sale,Seasonal Sale,Young Adults,youtube,2025-07-07,9723.78,418933.0,34134.0,2371.0,125481.38,False,False,False,0,False,False,False,3.6761405050682607
HP_2025,Holiday Prep,Seasonal Education,Parents,instagram,2025-11-15,2585.1,27716.0,1654.0,433.0,45522.32,False,False,False,1,True,True,False,27.522563482466747
PL_2025,Product Launch,Product Launch,Adults,facebook,2025-03-03,5153.15,93979.0,2572.0,188.0,13720.34,False,False,False,0,False,False,False,5.33450233281493
TSF_2025,TikTok Skin Fails,Trend Counter,Gen Z,youtube,2025-05-24,12004.85,1682694.0,134175.0,12687.0,701632.57,False,False,False,0,False,False,False,5.229234730762064
SCA_2025,Skin Cancer Awareness,Educational Awareness,Seniors,facebook,2025-05-23,11651.35,340158.0,4822.0,172.0,5826.67,False,False,False,0,False,False,False,1.2083513065118208
AAR_2025,Anti-Aging Routine,Product Education,Adults,facebook,2025-05-22,3753.33,32373.0,966.0,452.0,32191.87,False,False,False,0,False,False,False,33.32491718426501
PL_2025,Product Launch,Product Launch,Young Adults,facebook,2025-02-16,11700.98,907931.0,34910.0,1836.0,191024.11,False,False,False,0,False,False,False,5.4719023202520765
BF_2025,Black Friday,Seasonal Sale,Adults,email,2025-12-02,35661.69,395473.0,30977.0,14532.0,1024409.71,False,False,False,0,False,False,False,33.07001033024502
AAR_2025,Anti-Aging Routine,Product Education,Seniors,facebook,2025-05-03,4924.19,35859.0,1353.0,390.0,51379.8,False,False,False,0,False,False,False,37.974722838137474
DBB_2025,Don't Burn for Beauty,Social Impact,Gen Z,instagram,2025-06-26,8790.78,402637.0,41759.0,2583.0,68779.26,False,False,False,0,False,False,False,1.6470523719437724
PL_2025,Product Launch,Product Launch,Adults,email,2025-02-03,15971.94,155491.0,7165.0,490.0,21616.61,False,False,True,0,False,False,False,3.0169727843684577
DBB_2025,Don't Burn for Beauty,Social Impact,Adults,linkedin,2025-07-02,11486.18,146479.0,6659.0,456.0,12643.49,False,False,False,0,False,False,False,1.8987070130650248
HP_2025,Holiday Prep,Seasonal Education,Parents,facebook,2025-11-10,4359.17,48055.0,1812.0,560.0,48544.02,False,False,False,0,False,False,False,26.79029801324503
NF_2025,Nature First,Brand Image,Parents,instagram,2025-03-18,5354.35,55357.0,970.0,20.0,1492.24,False,False,False,0,False,False,False,1.5383917525773196
AAR_2025,Anti-Aging Routine,Product Education,Young Adults,youtube,2025-03-28,5318.0,64239.0,0.0,0.0,0.0,False,False,False,0,False,False,False,14.135952140908914
TSF_2025,TikTok Skin Fails,Trend Counter,Young Adults,instagram,2025-05-16,17974.11,745571.0,34234.0,2318.0,90399.05,False,False,False,0,False,False,False,2.6406218963603436
BF_2025,Black Friday,Seasonal Sale,Gen Z,tiktok,2025-11-18,26533.61,580295.0,52655.0,10729.0,1500096.01,False,False,False,0,False,False,False,28.48914651979869
HP_2025,Holiday Prep,Seasonal Education,Seniors,facebook,2025-11-22,3263.24,23177.0,1159.0,326.0,33827.14,False,False,False,0,False,False,False,29.18648835202761
DBB_2025,Don't Burn for Beauty,Social Impact,Gen Z,youtube,2025-08-12,2909.02,98590.0,4600.0,123.0,3433.34,False,False,False,0,False,False,False,0.7463782608695653
NF_2025,Nature First,Brand Image,Gen Z,instagram,2025-03-01,3312.77,61176.0,1558.0,18.0,1506.78,False,False,False,0,False,False,False,0.9671245186136072
AAR_2025,Anti-Aging Routine,Product Education,Young Adults,facebook,2025-05-01,4493.52,37509.0,1506.0,178.0,17940.79,False,False,False,0,False,False,False,11.912875166002657
AAR_2025,Anti-Aging Routine,Product Education ,Seniors,email,2025-04-29,4362.17,9663.0,345.0,227.0,25146.05,False,False,False,0,False,False,False,72.88710144927536
AAR_2025,Anti-Aging Routine,Product Education,Seniors,linkedin,2025-05-07,7406.15,21553.0,791.0,207.0,26706.89,False,False,False,0,False,False,False,33.76345132743363
SS_2025,Summer Sale,Seasonal Sale,Gen Z,instagram,2025-07-19,5139.4,84499.0,4965.0,551.0,32549.43,False,False,False,0,False,False,False,6.555776435045317
PL_2025,Product Launch,Product Launch,Young Adults,tiktok,2025-03-12,18496.21,925566.0,34724.0,393.0,38733.4,False,False,False,0,False,False,False,1.1154648082018201
PL_2025,Product Launch,Product Launch,Seniors,facebook,2025-03-01,12797.26,171875.0,4528.0,533.0,59786.96,False,False,False,0,False,False,False,13.203833922261484
PL_2025,Product Launch,Product Launch,Young Adults,youtube,2025-01-25,3306.8,72987.0,2864.0,66.0,3591.2,False,False,False,0,False,False,False,1.2539106145251395
AAR_2025,Anti-Aging Routine,Product Education,Adults,linkedin,2025-03-11,4891.5,23134.0,790.0,89.0,6439.92,False,False,False,0,False,False,False,8.151797468354431
TSF_2025,TikTok Skin Fails,Trend Counter,Young Adults,tiktok,2025-03-28,8718.6,981377.0,34734.0,1487.0,90148.96,False,False,False,0,False,False,False,2.5954096850348365
DBB_2025,Don't Burn for Beauty,Social Impact ,Gen Z,instagram,2025-07-08,18029.77,745984.0,33961.0,414.0,12373.77,False,False,False,0,False,False,False,0.36435234533729866
SS_2025,Summer Sale,Seasonal Sale,Gen Z,youtube,2025-06-13,5447.84,184018.0,13391.0,828.0,41119.9,False,False,False,0,False,False,False,3.07071167201852
SS_2025,Summer Sale,Seasonal Sale,Adults,facebook,2025-06-08,4064.11,33931.0,0.0,0.0,0.0,False,False,False,0,False,False,False,6.446572695278251
NF_2025,Nature First,Brand Image,Gen Z,tiktok,2025-05-20,7951.13,439595.0,13195.0,109.0,8199.34,False,False,False,0,False,False,False,0.6213974990526715
SCA_2025,Skin Cancer Awareness,Educational Awareness,Adults,youtube,2025-05-08,9761.35,932794.0,17679.0,438.0,17271.94,False,False,False,0,False,False,False,0.9769749420216075
AAR_2025,Anti-Aging Routine,Product Education,Adults,email,2025-04-17,2530.38,7876.0,598.0,126.0,14775.49,False,False,False,0,False,False,False,24.708177257525083
SS_2025,Summer Sale,Seasonal Sale,Young Adults,instagram,2025-07-04,2184.71,61035.0,4454.0,925.0,50566.27,False,False,False,0,False,False,False,11.353001796138303
AAR_2025,Anti-Aging Routine,Product Education,Seniors,facebook,2025-06-06,2373.53,13563.0,349.0,63.0,6157.58,False,False,False,0,False,False,False,17.64349570200573
PL_2025,Product Launch,Product Launch,Seniors,facebook,2025-01-23,11500.47,242546.0,9003.0,1686.0,131760.98,False,False,False,0,False,False,False,14.635230478729314
DBB_2025,Don't Burn for Beauty,Social Impact,Young Adults,tiktok,2025-06-30,12010.45,1161269.0,45637.0,510.0,18482.92,False,False,False,0,False,False,False,0.40499857571707165
HP_2025,Holiday Prep,Seasonal Education,Seniors,facebook,2025-11-21,4242.45,27049.0,2180.0,365.0,33616.63,False,False,False,0,False,False,False,15.42047247706422
NF_2025,Nature First,Brand Image,Young Adults,linkedin,2025-04-22,4582.86,39790.0,659.0,33.0,3039.4,False,False,False,0,False,False,False,4.612139605462823
SS_2025,Summer Sale,Seasonal Sale,Adults,linkedin,2025-05-17,10651.59,42812.0,4704.0,392.0,25814.04,False,False,False,0,False,False,False,5.487678571428572
AAR_2025,Anti-Aging Routine,Product Education,Adults,linkedin,2025-06-04,5048.65,33925.0,757.0,191.0,23491.33,False,False,False,0,False,False,False,31.03214002642008
NF_2025,Nature First,Brand Image,Parents,instagram,2025-03-21,7387.44,83956.0,3910.0,63.0,3438.85,False,False,False,0,False,False,False,0.8795012787723785
SS_2025,Summer Sale,Seasonal Sale,Young Adults,email,2025-05-24,11824.95,64791.0,7913.0,1350.0,63953.48,False,False,False,0,False,False,False,8.082077593832933
PL_2025,Product Launch,Product Launch,Seniors,email,2025-02-22,7848.74,29449.0,1540.0,93.0,6916.66,False,False,False,0,False,False,False,4.491337662337663
AAR_2025,Anti-Aging Routine,Product Education,Young Adults,youtube,2025-05-14,5120.77,69099.0,1624.0,275.0,18691.3,False,False,False,0,False,False,False,11.50942118226601
DBB_2025,Don't Burn for Beauty,Social Impact,Gen Z,tiktok,2025-07-09,5183.51,325956.0,14287.0,506.0,16268.87,False,False,False,0,False,False,False,1.1387184153426193
NF_2025,Nature First,Brand Image,Parents,instagram,2025-05-25,4760.16,18832.0,778.0,42.0,3203.49,False,False,False,0,False,False,False,4.117596401028277
TSF_2025,TikTok Skin Fails,Trend Counter,Gen Z,instagram,2025-03-29,11423.13,833779.0,101892.0,4387.0,186424.77,False,False,False,0,False,False,False,1.829631079967024
AAR_2025,Anti-Aging Routine,Product Education,Seniors,facebook,2025-04-26,3330.67,20140.0,499.0,62.0,8883.99,False,False,False,0,False,False,False,17.803587174348696
PL_2025,Product Launch,Product Launch,Seniors,facebook,2025-03-11,4789.2,39002.0,1630.0,135.0,16519.46,False,False,False,0,False,False,False,10.134638036809815
DBB_2025,Don't Burn for Beauty,Social Impact,Adults,linkedin,2025-06-27,7440.57,150230.0,12660.0,735.0,19189.79,False,False,False,0,False,False,False,1.5157812006319116
SS_2025,Summer Sale,Seasonal Sale,Parents,facebook,2025-07-03,3295.21,37131.0,1370.0,294.0,21529.05,False,False,False,0,False,False,False,15.71463503649635
TSF_2025,TikTok Skin Fails,Trend Counter,Young Adults,youtube,2025-05-12,1192.15,101621.0,5415.0,188.0,3527.06,False,False,False,0,False,False,False,0.6513499538319483
NF_2025,Nature First,Brand Image,Gen Z,youtube,2025-03-25,4560.88,114089.0,4118.0,73.0,3676.17,False,False,False,0,False,False,False,0.8927076250607091
SS_2025,Summer Sale,Seasonal Sale,Young Adults,facebook,2025-07-06,10165.07,356843.0,13543.0,1836.0,100798.07,False,False,False,0,False,False,False,7.442816953407665
SS_2025,Summer Sale,Seasonal Sale,Young Adults,email,2025-05-13,2080.57,18982.0,1846.0,574.0,31098.37,False,False,False,0,False,False,False,16.846354279523293
NF_2025,Nature First,Brand Image,Parents,email,2025-04-13,4381.73,15296.0,559.0,38.0,2100.5,False,False,False,0,False,False,False,3.757602862254025
AAR_2025,Anti-Aging Routine,Product Education ,Seniors,facebook,2025-05-29,3018.84,18956.0,503.0,178.0,19832.05,False,False,False,0,False,False,False,39.427534791252484
PL_2025,Product Launch,Product Launch,Adults,facebook,2025-03-26,30810.36,889453.0,27742.0,1527.0,131086.72,False,False,False,0,False,False,False,4.725207987888401
TSF_2025,TikTok Skin Fails,Trend Counter,Gen Z,tiktok,2025-04-01,15050.34,3100502.0,620581.0,3812.0,99289.01,False,False,False,0,False,False,False,0.15999363499688193
PL_2025,Product Launch,Product Launch,Adults,youtube,2025-03-24,6685.49,216026.0,12062.0,159.0,12155.18,False,False,False,0,False,False,False,1.0077250870502406
AAR_2025,Anti-Aging Routine,Product Education,Seniors,facebook,2025-02-26,3363.02,9179.0,103.0,32.0,4106.35,False,False,False,0,False,False,False,39.86747572815534
NF_2025,Nature First,Brand Image,Young Adults,instagram,2025-03-28,9202.24,125099.0,4535.0,197.0,9507.55,False,False,False,0,False,False,False,2.0964829106945975
SCA_2025,Skin Cancer Awareness,Educational Awareness,Seniors,linkedin,2025-05-05,11907.64,283166.0,15557.0,368.0,12237.1,False,False,False,0,False,False,False,0.7865976730732146
PL_2025,Product Launch,Product Launch,Adults,instagram,2025-01-29,4168.58,76499.0,3564.0,170.0,18610.73,False,False,False,0,False,False,False,5.221865881032548
AAR_2025,Anti-Aging Routine,Product Education,Young Adults,email,2025-03-08,4264.7,40872.0,3069.0,587.0,60617.61,False,False,False,0,False,False,False,19.75158357771261
PL_2025,Product Launch,Product Launch,Young Adults,tiktok,2025-01-22,20568.3,521371.0,36020.0,347.0,22165.36,False,False,False,0,False,False,False,0.6153625763464742
TSF_2025,TikTok Skin Fails,Trend Counter,Young Adults,facebook,2025-03-18,2389.66,126661.0,6908.0,115.0,2544.02,False,False,False,0,False,False,False,0.3682715691951361
AAR_2025,Anti-Aging Routine,Product Education,Adults,youtube,2025-05-22,3732.08,37708.0,1474.0,236.0,27739.39,False,False,False,0,False,False,False,18.819124830393488
NF_2025,Nature First,Brand Image,Young Adults,linkedin,2025-05-17,6263.13,50880.0,1864.0,72.0,3301.0,False,False,False,0,False,False,True,1.770717523568567
NF_2025,Nature First,Brand Image,Parents,instagram,2025-05-04,4160.59,50546.0,1883.0,119.0,6702.33,False,False,False,0,False,False,False,3.5593892724375995
NF_2025,Nature First,Brand Image,Young Adults,youtube,2025-06-02,9819.51,228643.0,11231.0,281.0,15647.0,False,False,False,0,False,False,True,1.393211034107895
NF_2025,Nature First,Brand Image,Gen Z,instagram,2025-05-15,3686.22,28953.0,826.0,28.0,1731.58,False,False,False,0,False,False,False,2.0963438256658593
PL_2025,Product Launch,Product Launch,Seniors,facebook,2025-03-13,6791.08,205609.0,3826.0,250.0,30488.81,True,False,False,0,False,False,False,7.968847360167277
AAR_2025,Anti-Aging Routine,Product Education,Seniors,facebook,2025-04-24,2814.04,15517.0,653.0,160.0,24619.99,False,False,False,0,False,False,False,37.7028943338438
TSF_2025,TikTok Skin Fails,Trend Counter,Young Adults,instagram,2025-05-05,9407.52,239015.0,14213.0,252.0,8568.27,False,False,False,0,False,False,False,0.6028473932315486
AAR_2025,Anti-Aging Routine,Product Education,Seniors,linkedin,2025-02-05,3725.36,13335.0,468.0,96.0,7528.37,False,False,True,0,False,False,False,16.086260683760685
NF_2025,Nature First,Brand Image,Young Adults,linkedin,2025-06-01,6683.21,51790.0,1494.0,57.0,5025.99,False,False,False,0,False,False,False,3.3641164658634537
SCA_2025,Skin Cancer Awareness, Educational Awareness,Adults,linkedin,2025-05-13,13616.38,587814.0,7224.0,181.0,6472.13,False,False,False,0,False,False,False,0.8959205426356589
SS_2025,Summer Sale,Seasonal Sale,Parents,email,2025-05-31,7000.75,69345.0,9249.0,1865.0,139517.64,False,False,False,0,False,False,False,15.084618877716512
AAR_2025,Anti-Aging Routine,Product Education,Seniors,facebook,2025-03-15,5163.31,8714.0,288.0,93.0,16796.08,False,False,False,0,False,False,False,58.319722222222225
AAR_2025,Anti-Aging Routine,Product Education,Adults,youtube,2025-05-23,3534.24,56555.0,2670.0,1236.0,37743.0,False,False,False,0,False,False,True,14.135952140908914
NF_2025,Nature First,Brand Image,Gen Z,tiktok,2025-04-25,5754.33,242202.0,5583.0,24.0,1663.41,False,False,False,0,False,False,False,0.2979419666845782
SCA_2025,Skin Cancer Awareness,Educational Awareness,Seniors,youtube,2025-05-10,5501.77,143593.0,7709.0,45.0,3808.0,False,False,False,0,False,False,True,0.4939690590920619
HP_2025,Holiday Prep,Seasonal Education,Seniors,facebook,2025-11-13,5572.75,34704.0,4498.0,567.0,51734.71,False,False,False,0,False,False,False,11.501714095153401
PL_2025,Product Launch,Product Launch,Adults,instagram,2025-02-10,12161.46,251685.0,17865.0,470.0,49757.79,False,False,False,0,False,False,False,2.7852107472712007
NF_2025,Nature First,Brand Image,Parents,instagram,2025-02-27,7276.15,63683.0,1722.0,69.0,4181.83,False,False,False,0,False,False,False,2.428472706155633
AAR_2025,Anti-Aging Routine,Product Education,Seniors,email,2025-03-12,2758.16,5319.0,196.0,180.0,15885.83,False,False,False,0,False,False,False,81.05015306122449
HP_2025,Holiday Prep,Seasonal Education,Parents,instagram,2025-11-19,4535.04,27117.0,2760.0,702.0,300547.88,False,True,False,0,False,False,False,108.89415942028985
AAR_2025,Anti-Aging Routine,Product Education,Adults,facebook,2025-04-18,3613.26,33578.0,1205.0,229.0,16912.96,False,False,False,0,False,False,False,14.035651452282156
NF_2025,Nature First,Brand Image,Gen Z,tiktok,2025-05-30,6173.25,129251.0,6796.0,125.0,5791.69,False,False,False,0,False,False,False,0.8522204237786933
SS_2025,Summer Sale,Seasonal Sale,Gen Z,youtube,2025-06-03,4984.07,196933.0,8583.0,610.0,24829.48,False,False,False,0,False,False,False,2.892867295817313
AAR_2025,Anti-Aging Routine,Product Education,Adults,linkedin,2025-02-20,3577.65,16325.0,412.0,172.0,45599.13,False,False,False,0,False,False,False,110.6775
AAR_2025,Anti-Aging Routine,Product Education,Adults,youtube,2025-05-16,2743.6,44188.0,2102.0,609.0,74078.29,False,False,False,0,False,False,False,35.24181255946717
TSF_2025,TikTok Skin Fails,Trend Counter,Young Adults,tiktok,2025-05-29,3577.43,552311.0,58702.0,612.0,21023.89,False,False,False,0,False,False,False,0.35814605975946306
PL_2025,Product Launch,Product Launch,Adults,youtube,2025-01-27,9255.45,179386.0,3999.0,515.5,3658.32,False,False,True,0,False,False,False,0.9148087021755439
AAR_2025,Anti-Aging Routine,Product Education,Young Adults,instagram,2025-03-03,4927.25,48056.0,1844.0,309.0,27157.51,False,False,False,0,False,False,False,14.7275
SCA_2025,Skin Cancer Awareness,Educational Awareness,Young Adults,instagram,2025-05-06,9757.58,284666.0,7466.0,33.0,961.92,False,False,False,0,False,False,False,0.12884007500669703
AAR_2025,Anti-Aging Routine,Product Education,Young Adults,instagram,2025-02-23,5287.92,42476.0,992.0,83.0,4819.02,False,False,False,0,False,False,False,4.8578830645161295
AAR_2025,Anti-Aging Routine,Product Education,Adults,facebook,2025-04-14,5217.06,70723.0,2069.0,181.0,19499.26,False,False,False,0,False,False,False,9.424485258579024
DBB_2025,Don't Burn for Beauty,Social Impact,Adults,linkedin,2025-08-09,4050.76,94999.0,6209.0,347.0,16023.71,False,False,False,0,False,False,False,2.580723143823482
AAR_2025,Anti-Aging Routine,Product Education,Young Adults,youtube,2025-03-24,3289.12,98532.0,4042.0,1855.0,57138.0,False,False,False,0,False,False,True,14.135952140908914
NF_2025,Nature First,Brand Image,Young Adults,youtube,2025-04-14,7424.53,138998.5,4879.0,257.0,17913.24,True,False,False,0,False,False,False,3.6714982578397217
SCA_2025,Skin Cancer Awareness,Educational Awareness,Adults,youtube,2025-05-29,8709.46,616652.0,13911.0,270.0,10064.69,False,False,False,0,False,False,False,0.7235058586729927
SS_2025,Summer Sale,Seasonal Sale,Parents,email,2025-06-15,10554.18,51384.0,3693.0,1549.0,87594.43,False,False,False,0,False,False,False,23.71904413755754
PL_2025,Product Launch,Product Launch,Seniors,facebook,2025-03-23,8281.65,205609.0,3107.0,297.0,29803.88,True,False,False,0,False,False,False,9.59249436755713
SS_2025,Summer Sale,Seasonal Sale,Adults,facebook,2025-06-18,2509.98,37626.0,1992.0,216.0,11301.08,False,False,False,0,False,False,False,5.673232931726908
SS_2025,Summer Sale,Seasonal Sale,Young Adults,facebook,2025-05-24,11122.51,202841.0,10150.0,2174.0,101257.97,False,False,False,0,False,False,False,9.976154679802956
AAR_2025,Anti-Aging Routine,Product Education,Young Adults,youtube,2025-05-24,5183.64,67217.0,2485.0,292.0,21305.26,False,False,True,0,False,False,False,8.573545271629778
AAR_2025,Anti-Aging Routine,Product Education,Adults,email,2025-03-02,5673.49,16665.0,541.0,189.0,23588.97,False,False,False,0,False,False,False,43.60253234750462
BF_2025,Black Friday,Seasonal Sale,Parents,facebook,2025-11-24,32471.36,391445.0,13268.0,1387.0,96614.47,False,False,False,0,False,False,False,7.281765902924329
PL_2025,Product Launch,Product Launch,Adults,email,2025-02-20,6966.86,29882.0,2795.0,345.0,25602.92,False,False,False,0,False,False,False,9.160257602862254
NF_2025,Nature First,Brand Image,Parents,email,2025-04-07,4700.3,16136.0,844.0,139.0,7312.04,False,False,False,0,False,False,False,8.663554502369669
AAR_2025,Anti-Aging Routine,Product Education,Adults,facebook,2025-05-12,4018.04,26457.0,1596.0,343.0,29268.37,False,False,False,0,False,False,False,18.33857769423559
AAR_2025,Anti-Aging Routine,Product Education,Young Adults,facebook,2025-03-20,5889.45,54626.0,2095.0,264.0,19091.83,False,False,False,0,False,False,False,9.113045346062053
TSF_2025,TikTok Skin Fails,Trend Counter,Gen Z,tiktok,2025-05-30,4477.06,581318.0,80694.0,1235.0,41133.49,False,False,False,0,False,False,False,0.5097465734751034
SS_2025,Summer Sale,Seasonal Sale,Adults,facebook,2025-05-17,7123.74,101782.0,3724.0,315.0,14011.56,False,False,False,0,False,False,False,3.76250268528464
PL_2025,Product Launch,Product Launch,Young Adults,youtube,2025-03-12,8323.42,201922.0,5857.0,608.0,42884.32,False,False,False,0,False,False,False,7.321891753457401
NF_2025,Nature First,Brand Image,Gen Z,instagram,2025-03-07,8377.66,215245.0,7720.0,156.0,11814.32,False,False,False,0,False,False,False,1.5303523316062175
SS_2025,Summer Sale,Seasonal Sale,Young Adults,facebook,2025-06-27,15346.39,345900.0,19002.0,1955.0,128034.07,False,False,False,0,False,False,False,6.737926007788654
PL_2025,Product Launch,Product Launch,Seniors,linkedin,2025-01-23,6632.31,27039.0,1403.0,87.0,6981.06,False,False,False,0,False,False,False,4.975808980755525
SS_2025,Summer Sale,Seasonal Sale,Gen Z,youtube,2025-05-19,10451.56,384779.0,0.0,0.0,0.0,False,False,False,0,False,False,False,4.652836093765778
PL_2025,Product Launch,Product Launch,Adults,instagram,2025-02-21,16175.04,327356.0,15205.0,733.0,82866.77,False,False,False,0,False,False,False,5.449968431437028
AAR_2025,Anti-Aging Routine,Product Education,Young Adults,email,2025-05-24,4516.59,20295.0,2090.0,658.0,68454.15,False,False,False,0,False,False,False,32.753181818181815
TSF_2025,TikTok Skin Fails,Trend Counter,Young Adults,tiktok,2025-04-05,15297.77,2377881.0,68551.0,2851.0,167272.04,False,False,False,0,False,False,False,2.4401108663622706
SS_2025,Summer Sale,Seasonal Sale,Gen Z,youtube,2025-07-13,7694.55,277223.0,20217.0,1152.0,69924.11,False,False,False,0,False,False,False,3.4586788346441115
NF_2025,Nature First,Brand Image,Gen Z,instagram,2025-05-23,8429.84,123674.0,3532.0,148.0,7501.29,False,False,False,0,False,False,False,2.123808040770102
SCA_2025,Skin Cancer Awareness,Educational Awareness,Adults,facebook,2025-05-31,11508.55,297275.0,17666.0,493.0,16651.7,False,False,False,0,False,False,False,0.9425846258349372
SS_2025,Summer Sale,Seasonal Sale,Gen Z,youtube,2025-06-26,6234.47,228048.0,15721.0,1235.0,63971.84,False,False,False,0,False,False,False,4.069196615991349
NF_2025,Nature First,Brand Image,Young Adults,youtube,2025-04-13,10651.75,144716.0,3797.0,448.0,23753.88,False,False,False,0,False,False,False,6.255959968396103
TSF_2025,TikTok Skin Fails,Trend Counter,Young Adults,tiktok,2025-05-27,21614.97,3252063.0,50556.0,2956.0,177805.67,False,False,False,0,False,False,False,3.517004312050004
PL_2025,Product Launch,Product Launch,Young Adults,facebook,2025-03-10,21380.18,644025.0,19248.0,1025.0,63449.0,False,False,False,0,False,False,True,3.2963992219790907
SS_2025,Summer Sale,Seasonal Sale,Gen Z,instagram,2025-06-21,10125.44,154666.0,13229.0,1184.0,65996.85,False,False,False,0,False,False,False,4.988801118754252
DBB_2025,Don't Burn for Beauty,Social Impact,Adults,linkedin,2025-08-10,18962.3,692408.0,67805.0,1740.0,76165.38,False,False,False,0,False,False,False,1.1233003465821105
NF_2025,Nature First,Brand Image,Gen Z,instagram,2025-03-24,3400.35,82527.0,1948.0,19.0,1322.41,False,False,False,0,False,False,False,0.6788552361396304
SS_2025,Summer Sale,Seasonal Sale,Gen Z,youtube,2025-07-20,3602.66,149585.0,14011.0,800.0,29643.43,False,False,False,0,False,False,False,2.1157255013917635
NF_2025,Nature First,Brand Image,Gen Z,tiktok,2025-03-13,9977.18,411108.0,18386.0,79.0,16136.32,False,False,True,0,False,False,False,0.8776416838899163
TSF_2025,TikTok Skin Fails,Trend Counter,Gen Z,instagram,2025-05-29,34104.31,2167458.0,260765.0,25815.0,1368787.46,False,False,False,0,False,False,False,5.24912261998351
TSF_2025,TikTok Skin Fails,Trend Counter,Gen Z,instagram,2025-05-21,3682.56,112522.0,2089.0,26.0,3071.0,False,False,False,0,False,False,True,1.4698740423386454
PL_2025,Product Launch,Product Launch,Young Adults,youtube,2025-02-18,9255.39,367018.0,22836.0,1053.0,96383.89,False,False,False,0,False,False,False,4.220699334384306
DBB_2025,Don't Burn for Beauty,Social Impact,Young Adults,instagram,2025-08-11,10945.78,557449.0,42186.0,1875.0,68992.56,False,False,False,0,False,False,False,1.6354373488835159
AAR_2025,Anti-Aging Routine,Product Education,Young Adults,email,2025-03-14,3487.33,17261.0,1043.0,234.0,15269.93,False,False,False,0,False,False,False,14.64039309683605
PL_2025,Product Launch,Product Launch,Adults,instagram,2025-03-28,12195.63,195632.0,0.0,0.0,0.0,False,False,False,0,False,False,False,2.7758289348474485
SS_2025,Summer Sale,Seasonal Sale,Parents,email,2025-05-28,4800.83,39984.0,5710.0,1537.0,79175.71,False,False,False,0,False,False,False,13.866148861646236
PL_2025,Product Launch,Product Launch,Young Adults,youtube,2025-03-01,30839.44,1399364.0,74328.0,735.0,49673.05,False,False,False,0,False,False,False,0.6682952588526532
AAR_2025,Anti-Aging Routine,Product Education,Young Adults,instagram,2025-05-05,4310.68,27824.0,544.0,165.0,13274.93,False,False,False,0,False,False,False,24.402444852941176
SS_2025,Summer Sale,Seasonal Sale,Young Adults,instagram,2025-05-14,7574.86,72020.0,2724.0,375.0,20171.64,False,False,False,0,False,False,False,7.405154185022027
SS_2025,Summer Sale,Seasonal Sale,Young Adults,facebook,2025-06-21,2902.79,144286.0,9164.0,912.0,46240.81,False,False,False,0,False,False,False,5.045919903972064
HP_2025,Holiday Prep,Seasonal Education,Seniors,email,2025-11-17,4363.97,14254.0,1337.5,1180.0,120140.35,False,False,False,1,True,True,False,89.82456074766355
AAR_2025,Anti-Aging Routine,Product Education,Seniors,linkedin,2025-05-31,2834.08,16644.0,459.0,66.0,21967.99,False,False,False,0,False,False,False,47.86054466230937
SS_2025,Summer Sale,Seasonal Sale ,Parents,email,2025-06-10,6147.87,62147.0,5157.0,1193.0,72324.81,False,False,False,0,False,False,False,14.02458987783595
SS_2025,Summer Sale,Seasonal Sale,Parents,facebook,2025-05-31,3484.86,66697.0,3018.0,719.0,30100.78,False,False,False,0,False,False,False,9.973750828363155
TSF_2025,TikTok Skin Fails,Trend Counter,Young Adults,youtube,2025-05-13,5625.46,611277.0,136886.0,5831.0,96263.46,False,False,False,0,False,False,False,0.7032381689873326
SS_2025,Summer Sale,Seasonal Sale,Gen Z,tiktok,2025-07-07,10949.15,204868.0,21994.0,627.0,83639.92,False,False,True,0,False,False,False,3.8028516868236792
DBB_2025,Don't Burn for Beauty,Social Impact,Young Adults,youtube,2025-06-25,12230.34,581284.0,13033.0,573.0,16511.2,False,False,False,0,False,False,False,1.2668763907005294
SS_2025,Summer Sale,Seasonal Sale,Gen Z,youtube,2025-06-29,2149.43,62607.0,3719.0,383.0,21586.15,False,False,False,0,False,False,False,5.804288787308416
SCA_2025,Skin Cancer Awareness,Educational Awareness,Adults,youtube,2025-05-15,13439.18,958998.0,9050.0,78.0,2068.19,False,False,False,0,False,False,False,0.2285292817679558
NF_2025,Nature First,Brand Image,Gen Z,instagram,2025-05-20,4692.48,92650.0,2000.0,44.0,2131.06,False,False,False,0,False,False,False,1.0655299999999999
TSF_2025,TikTok Skin Fails,Trend Counter,Young Adults,tiktok,2025-05-12,2435.99,233859.0,31670.0,535.0,14491.83,False,False,False,0,False,False,False,0.4575885696242501
TSF_2025,TikTok Skin Fails,Trend Counter,Gen Z,youtube,2025-05-27,25579.72,2773128.0,78489.5,5205.0,134032.71,False,False,False,1,True,True,False,1.7076514693048113
TSF_2025,TikTok Skin Fails,Trend Counter,Young Adults,facebook,2025-05-01,25540.6,1017373.0,0.0,0.0,0.0,False,False,False,0,False,False,False,1.1829255617409198
DBB_2025,Don't Burn for Beauty,Social Impact,Young Adults,facebook,2025-07-28,4326.75,68082.0,5217.0,156.0,6157.28,False,False,False,0,False,False,False,1.1802338508721486
NF_2025,Nature First,Brand Image,Young Adults,instagram,2025-05-31,2996.77,41916.0,0.0,0.0,0.0,False,False,False,0,False,False,False,1.5345451262600327
TSF_2025,TikTok Skin Fails,Trend Counter,Gen Z,tiktok,2025-04-09,52159.02,9938428.0,472793.0,6139.0,87729.6,False,False,False,0,False,False,False,0.18555604672658013
DBB_2025,Don't Burn for Beauty,Social Impact,Young Adults,facebook,2025-06-27,7769.0,166457.0,7290.0,317.0,8568.55,False,False,False,0,False,False,False,1.1753840877914952
SS_2025,Summer Sale,Seasonal Sale,Young Adults,email,2025-05-22,14897.73,140783.0,12800.0,1373.0,50699.29,False,False,False,0,False,False,False,3.96088203125
PL_2025,Product Launch,Product Launch,Seniors,facebook,2025-01-26,17258.68,294273.0,12000.0,251.0,39557.0,False,False,False,0,False,False,True,3.2963992219790907
DBB_2025,Don't Burn for Beauty,Social Impact,Adults,facebook,2025-07-09,5170.73,203404.0,7695.0,328.0,15692.89,False,False,False,0,False,False,False,2.0393619233268354
AAR_2025,Anti-Aging Routine,Product Education,Adults,facebook,2025-03-14,4484.68,34853.0,715.0,154.0,13864.72,False,False,False,0,False,False,False,19.391216783216784
PL_2025,Product Launch,Product Launch,Adults,email,2025-03-15,15544.25,143950.0,8645.0,1067.0,98241.46,False,False,False,0,False,False,False,11.363962984384038
TSF_2025,TikTok Skin Fails,Trend Counter,Gen Z,instagram,2025-05-18,15210.9,893460.0,74204.0,6864.0,319542.06,False,False,False,0,False,False,False,4.306264621853269
SS_2025,Summer Sale,Seasonal Sale,Gen Z,instagram,2025-06-30,16614.46,527548.0,15949.0,1406.0,56477.07,False,False,False,0,False,False,False,3.541104144460468
NF_2025,Nature First,Brand Image,Parents,instagram,2025-05-30,5657.65,30544.0,1822.0,59.0,4317.17,False,False,False,0,False,False,False,2.3694676180021954
NF_2025,Nature First,Brand Image,Parents,facebook,2025-03-02,7040.87,75729.0,1881.0,87.0,6123.43,False,False,False,0,False,False,False,3.255412014885699
PL_2025,Product Launch,Product Launch,Seniors,facebook,2025-03-10,4209.64,44571.0,2280.0,133.0,15381.25,False,False,False,0,False,False,False,6.746162280701754
NF_2025,Nature First,Brand Image,Young Adults,linkedin,2025-05-01,5053.110000000001,46568.0,2135.0,44.0,3200.76,False,True,False,0,False,False,False,1.499185011709602
PL_2025,Product Launch,Product Launch,Seniors,linkedin,2025-02-22,17082.7,109697.0,3577.0,273.0,36416.66,False,False,False,0,False,False,False,10.180782778864971
PL_2025,Product Launch,Product Launch,Seniors,email,2025-03-21,5278.99,11907.0,691.0,42.0,3594.54,False,False,False,0,False,False,False,5.201939218523878
PL_2025,Product Launch,Product Launch,Seniors,facebook,2025-01-20,6990.14,103559.0,3623.0,71.0,9341.42,False,False,False,0,False,False,False,2.5783659950317417
AAR_2025,Anti-Aging Routine,Product Education,Seniors,facebook,2025-03-08,2669.28,17091.0,385.0,68.0,9821.42,False,False,False,0,False,False,False,25.510181818181817
SS_2025,Summer Sale,Seasonal Sale,Adults,linkedin,2025-06-22,11630.72,53497.0,1580.0,204.0,9324.24,False,False,False,0,False,False,False,5.901417721518987
NF_2025,Nature First,Brand Image,Parents,instagram,2025-05-15,3475.28,74061.0,1302.0,55.0,3652.57,True,False,False,0,False,False,False,2.8053533026113673
AAR_2025,Anti-Aging Routine,Product Education,Adults,facebook,2025-05-23,3377.11,22728.0,764.0,63.0,6161.09,False,False,False,0,False,False,False,8.064253926701571
AAR_2025,Anti-Aging Routine,Product Education,Young Adults,facebook,2025-04-13,6607.53,42831.0,1407.0,177.0,12224.18,False,False,False,0,False,False,False,8.688116560056859
SS_2025,Summer Sale,Seasonal Sale,Gen Z,youtube,2025-06-07,4726.91,204499.0,14277.0,1469.0,48020.95,False,False,False,0,False,False,False,3.3635182461301394
BF_2025,Black Friday,Seasonal Sale,Seniors,email,2025-12-04,6462.43,16100.0,1612.0,436.0,24257.89,False,False,False,0,False,False,False,15.048318858560794
PL_2025,Product Launch,Product Launch,Adults,instagram,2025-01-28,5265.76,70052.0,7542.0,312.0,35056.29,False,False,False,0,False,False,False,4.648142402545744
TSF_2025,TikTok Skin Fails,Trend Counter,Young Adults,youtube,2025-05-24,8326.34,498840.0,35542.0,1309.0,67429.73,False,False,False,0,False,False,False,1.8971844578245456
SCA_2025,Skin Cancer Awareness,Educational Awareness,Young Adults,instagram,2025-05-11,26776.34,782290.0,26564.0,544.0,10894.22,False,False,False,0,False,False,False,0.4101121819003162
PL_2025,Product Launch,Product Launch,Young Adults,instagram,2025-03-01,13024.16,277776.0,8947.0,220.0,16458.66,False,False,False,0,False,False,False,1.8395730412428748
DBB_2025,Don't Burn for Beauty,Social Impact,Adults,linkedin,2025-07-22,5069.35,84585.0,3744.0,154.0,6782.05,False,False,False,0,False,False,False,1.8114449786324787
TSF_2025,TikTok Skin Fails,Trend Counter,Gen Z,tiktok,2025-05-07,120300.42,28982961.0,3475271.0,40171.0,2662565.0,False,False,False,0,False,False,True,0.7661460982148245
NF_2025,Nature First, Brand Image,Young Adults,youtube,2025-03-30,4642.7,66369.0,1936.0,35.0,3150.86,False,False,False,0,False,False,False,1.6275103305785124
NF_2025,Nature First,Brand Image,Parents,email,2025-04-25,3433.98,12136.0,673.0,22.0,1319.24,False,False,False,0,False,False,False,1.9602377414561665
NF_2025,Nature First,Brand Image,Gen Z,tiktok,2025-03-04,6558.24,157814.0,4498.0,41.0,2528.46,False,False,False,0,False,False,False,0.5621298354824367
NF_2025,Nature First,Brand Image,Young Adults,instagram,2025-04-08,4627.57,90302.0,2056.0,42.0,3155.0,False,False,False,0,False,False,True,1.5345451262600327
PL_2025,Product Launch,Product Launch,Young Adults,tiktok,2025-03-17,15274.02,1123045.0,44624.0,1478.0,113159.75,False,False,False,0,False,False,False,2.5358495428468983
AAR_2025,Anti-Aging Routine,Product Education,Adults,email,2025-05-15,6113.01,14914.0,901.0,166.0,20428.5,False,False,False,0,False,False,False,22.673140954495004
SS_2025,Summer Sale,Seasonal Sale,Gen Z,instagram,2025-07-22,7218.57,151241.0,4284.0,201.0,13057.09,False,False,False,0,False,False,False,3.0478734827264238
AAR_2025,Anti-Aging Routine,Product Education,Adults,youtube,2025-02-09,4978.2,30137.0,788.0,191.0,16521.68,False,False,False,0,False,False,False,20.966598984771576
PL_2025,Product Launch,Product Launch,Adults,facebook,2025-03-11,26041.4,799329.0,45793.0,1944.0,127039.1,False,False,False,0,False,False,False,2.7742034808813574
SS_2025,Summer Sale,Seasonal Sale,Young Adults,email,2025-07-13,5277.92,24257.0,2747.0,468.0,20436.1,False,False,False,0,False,False,False,7.439424827084091
TSF_2025,TikTok Skin Fails,Trend Counter,Young Adults,youtube,2025-05-28,8691.86,1138133.0,139814.0,17546.0,331689.79,False,False,False,0,False,False,False,2.372364641595262
NF_2025,Nature First,Brand Image,Parents,instagram,2025-06-01,3492.81,27869.0,1178.0,33.0,2218.18,False,False,False,0,False,False,False,1.8830050933786078
PL_2025,Product Launch,Product Launch,Adults,instagram,2025-02-06,10351.6,213998.0,7467.0,382.0,31229.07,False,False,False,0,False,False,False,4.182278023302531
TSF_2025,TikTok Skin Fails,Trend Counter,Young Adults,facebook,2025-03-29,176099.12,11558107.0,592939.0,6761.0,135225.99,False,False,False,0,False,False,False,0.2280605424841341
PL_2025,Product Launch,Product Launch,Young Adults,facebook,2025-01-20,6361.89,131099.0,4168.0,150.0,15621.13,False,False,False,0,False,False,False,3.74787188099808
PL_2025,Product Launch,Product Launch,Seniors,facebook,2025-03-24,7888.18,88545.0,2757.0,83.0,6044.6,False,False,False,0,False,False,False,2.1924555676459923
BF_2025,Black Friday,Seasonal Sale,Parents,facebook,2025-11-26,394788.63,3898543.0,422313.0,89439.0,6344914.28,False,False,False,0,False,False,False,15.024198355248359
SS_2025,Summer Sale,Seasonal Sale,Gen Z,instagram,2025-06-28,13514.29,210347.0,7497.0,673.0,26232.98,False,False,False,0,False,False,False,3.4991303187941845
SS_2025,Summer Sale,Seasonal Sale,Gen Z,tiktok,2025-05-21,7506.01,413825.0,13268.0,751.0,50236.62,False,False,False,1,True,True,False,3.7862993668977993
HP_2025,Holiday Prep,Seasonal Education,Adults,facebook,2025-11-07,2215.64,14606.0,1236.0,276.0,21035.5,False,False,False,0,False,False,False,17.019012944983817
TSF_2025,TikTok Skin Fails,Trend Counter,Gen Z,youtube,2025-04-10,8969.9,673690.0,69078.0,3316.0,119420.98,False,False,False,0,False,False,False,1.72878456237876
HP_2025,Holiday Prep,Seasonal Education,Parents,email,2025-10-25,5987.89,11368.0,1307.0,597.0,36869.85,False,False,False,0,False,False,False,28.209525631216525
SS_2025,Summer Sale,Seasonal Sale,Gen Z,tiktok,2025-05-28,9147.31,140766.0,5428.0,307.0,18306.16,False,False,False,0,False,False,False,3.3725423728813557
NF_2025,Nature First,Brand Image,Young Adults,instagram,2025-03-24,8136.66,84640.0,1879.0,57.0,5026.5,False,False,False,0,False,False,False,2.6750931346460884
NF_2025,Nature First,Brand Image,Gen Z,instagram,2025-05-13,5297.56,107560.0,4023.0,20.0,1095.98,False,False,False,0,False,False,False,0.27242853591846883
SCA_2025,Skin Cancer Awareness,Educational Awareness,Seniors,linkedin,2025-05-06,9033.81,301320.0,4293.0,68.0,2476.41,False,False,False,0,False,False,False,0.576848357791754
NF_2025,Nature First,Brand Image,Parents,instagram,2025-05-31,3068.41,26650.0,985.0,16.0,1421.27,False,False,False,0,False,False,False,1.4429137055837564
TSF_2025,TikTok Skin Fails,Trend Counter,Gen Z,tiktok,2025-05-31,3951.19,369384.0,58144.0,1298.0,72794.62,False,False,False,0,False,False,False,1.251971312603192
NF_2025,Nature First,Brand Image,Parents,facebook,2025-05-25,5546.31,47594.0,1316.0,52.0,4022.59,False,False,False,0,False,False,False,3.056679331306991
NF_2025,Nature First,Brand Image,Young Adults,instagram,2025-04-05,4313.46,49672.0,1299.0,55.0,4055.08,False,False,False,0,False,False,False,3.121693610469592
AAR_2025,Anti-Aging Routine,Product Education,Seniors,facebook,2025-02-20,3967.27,19678.0,577.0,126.0,10386.19,False,False,False,0,False,False,False,18.000329289428077
SS_2025,Summer Sale,Seasonal Sale,Young Adults,youtube,2025-05-20,8075.74,292956.0,7527.0,1015.0,40907.86,False,False,False,0,False,False,False,5.434815995748639
SS_2025,Summer Sale,Seasonal Sale,Parents,email,2025-06-06,2629.61,11423.0,1285.0,600.0,20212.9,False,False,True,0,False,False,False,15.72988326848249
AAR_2025,Anti-Aging Routine,Product Education,Adults,email,2025-04-28,4526.71,6684.0,568.0,249.0,18708.02,False,False,False,0,False,False,False,32.936654929577465
DBB_2025,Don't Burn for Beauty,Social Impact,Adults,linkedin,2025-07-20,7364.97,199862.0,8528.0,582.0,19546.02,False,False,False,0,False,False,False,2.291981707317073
DBB_2025,Don't Burn for Beauty,Social Impact,Gen Z,tiktok,2025-07-25,23374.31,1186156.0,135492.0,1233.0,26132.43,False,False,False,0,False,False,False,0.19287064918962005
BF_2025,Black Friday,Seasonal Sale,Gen Z,instagram,2025-11-23,20983.06,406677.0,37377.0,2738.0,154354.67,False,False,False,0,False,False,False,4.129669850442786
SS_2025,Summer Sale,Seasonal Sale,Adults,facebook,2025-05-30,12342.84,75031.0,1749.0,335.0,22534.36,False,False,False,0,False,False,False,12.884139508290453
NF_2025,Nature First,Brand Image,Young Adults,youtube,2025-03-27,10826.87,264517.0,7025.0,154.0,13359.68,False,False,False,0,False,False,False,1.9017338078291814
AAR_2025,Anti-Aging Routine,Product Education,Adults,facebook,2025-05-25,4390.19,16835.0,225.0,18.0,1267.86,False,False,False,0,False,False,False,5.634933333333333
PL_2025,Product Launch,Product Launch,Seniors,facebook,2025-02-11,15191.59,231448.0,9094.0,156.0,15812.93,False,False,False,0,False,False,False,1.7388310974268748
SS_2025,Summer Sale,Seasonal Sale,Adults,linkedin,2025-07-16,4285.03,56845.0,2748.0,296.0,17425.81,False,False,False,0,False,False,False,6.3412700145560414
TSF_2025,TikTok Skin Fails,Trend Counter,Young Adults,tiktok,2025-06-02,34660.84,1193842.0,175579.0,3942.0,162628.54,False,False,False,0,False,False,False,0.9262414070019763
SS_2025,Summer Sale,Seasonal Sale,Gen Z,tiktok,2025-05-16,12116.66,366697.0,31669.0,1588.0,72091.92,False,False,False,0,False,False,False,2.2764192112160155
AAR_2025,Anti-Aging Routine,Product Education,Young Adults,youtube,2025-04-21,3253.38,32580.0,933.0,163.0,15442.67,False,False,False,0,False,False,False,16.551629153269026
PL_2025,Product Launch,Product Launch,Adults,email,2025-02-15,7281.37,81591.0,7284.0,1201.0,63443.0,False,False,False,0,False,False,True,8.709877626083228
BF_2025,Black Friday,Seasonal Sale,Adults,facebook,2025-11-17,55027.85,714733.0,18857.0,3551.0,271137.05,False,False,False,0,False,False,False,14.378588852945855
SS_2025,Summer Sale,Seasonal Sale,Adults,email,2025-05-15,8967.02,45245.0,1716.0,789.0,32528.78,False,False,False,0,False,False,False,18.9561655011655
TSF_2025,TikTok Skin Fails,Trend Counter,Gen Z,instagram,2025-06-12,22920.28,1158300.0,265309.0,2454.0,94124.2,False,False,False,0,False,False,False,0.3547719828577244
TSF_2025,TikTok Skin Fails,Trend Counter,Young Adults,youtube,2025-04-16,10301.02,842727.0,103835.0,3888.0,146086.25,False,False,False,0,False,False,False,1.406907593778591
PL_2025,Product Launch,Product Launch,Adults,email,2025-01-26,24530.88,247639.0,32407.0,1552.0,95407.25,False,False,False,0,False,False,False,2.9440321535470733
NF_2025,Nature First,Brand Image,Parents,facebook,2025-04-27,4915.65,62442.0,3280.0,66.0,4911.89,False,False,False,0,False,False,False,1.4975274390243904
PL_2025,Product Launch,Product Launch,Adults,instagram,2025-02-17,25580.24,425067.0,0.0,0.0,0.0,False,False,False,0,False,False,False,2.7758289348474485
NF_2025,Nature First,Brand Image,Parents,email,2025-06-04,5990.71,28116.0,1299.0,87.0,7986.44,False,False,False,0,False,False,False,6.1481447267128555
AAR_2025,Anti-Aging Routine,Product Education,Adults,facebook,2025-05-26,2079.12,10798.0,340.0,91.0,7927.74,False,False,False,0,False,False,False,23.316882352941175
BF_2025,Black Friday,Seasonal Sale ,Gen Z,youtube,2025-12-03,42702.33,1806358.0,138757.0,19408.0,1038927.49,False,False,False,0,False,False,False,7.487387951598838
AAR_2025,Anti-Aging Routine,Product Education,Young Adults,email,2025-03-24,7027.63,20362.0,707.0,175.0,14421.02,False,False,False,0,False,False,False,20.397482319660536
DBB_2025,Don't Burn for Beauty,Social Impact,Adults,youtube,2025-07-26,3148.55,128659.0,8673.0,537.0,21428.86,False,False,False,0,False,False,False,2.470755217341174
SS_2025,Summer Sale,Seasonal Sale,Young Adults,instagram,2025-01-06,18815.4,473800.0,31255.0,1516.0,99267.02,False,False,False,0,False,False,False,3.176036474164134
AAR_2025,Anti-Aging Routine,Product Education,Young Adults,facebook,2025-04-05,3773.39,16988.0,482.0,161.0,9825.55,False,False,True,0,False,False,False,20.384958506224066
AAR_2025,Anti-Aging Routine,Product Education,Adults,linkedin,2025-06-01,3810.42,25738.0,487.0,162.0,16782.53,False,False,False,1,True,True,False,34.46104722792607
PL_2025,Product Launch,Product Launch,Young Adults,tiktok,2025-02-14,32508.03,3193201.0,264928.0,2811.0,214419.63,False,False,False,0,False,False,False,0.8093505782703225
AAR_2025,Anti-Aging Routine,Product Education,Young Adults,instagram,2025-01-21,3739.47,30780.0,886.0,198.0,11270.28,False,False,False,0,False,False,False,12.72040632054176
SS_2025,Summer Sale,Seasonal Sale,Adults,facebook,2025-07-02,11005.54,110555.0,5754.0,651.0,50763.69,False,False,False,0,False,False,False,8.82233055265902
SS_2025,Summer Sale,Seasonal Sale,Young Adults,instagram,2025-07-02,3289.41,26861.0,1149.0,99.0,6337.0,False,False,False,0,False,False,True,5.515245255411358
AAR_2025,Anti-Aging Routine,Product Education,Seniors,linkedin,2025-04-03,2342.96,6862.0,278.0,52.0,5224.96,False,False,False,0,False,False,False,18.79482014388489
AAR_2025,Anti-Aging Routine,Product Education,Seniors,linkedin,2025-01-18,3737.95,11972.0,221.0,29.0,4884.0,False,False,False,0,False,False,True,22.099723046488624
SS_2025,Summer Sale,Seasonal Sale,Adults,facebook,2025-07-04,6919.57,97442.0,5091.0,808.0,39574.45,False,False,False,0,False,False,False,7.773413867609507
AAR_2025,Anti-Aging Routine,Product Education,Young Adults,email,2025-02-06,5813.2,11184.0,786.0,429.0,29677.65,False,False,False,0,False,False,False,37.75782442748092
AAR_2025,Anti-Aging Routine,Product Education,Adults,facebook,2025-02-24,3726.42,15009.0,535.0,98.0,11917.12,False,False,False,0,False,False,False,22.27499065420561
PL_2025,Product Launch,Product Launch,Young Adults,tiktok,2025-01-20,13646.43,919537.0,37328.0,1398.0,75764.67,False,False,False,0,False,False,False,2.0297007608229745
AAR_2025,Anti-Aging Routine,Product Education,Seniors,email,2025-05-08,4148.19,13066.0,404.0,95.0,14787.46,False,False,False,0,False,False,False,36.60262376237623
AAR_2025,Anti-Aging Routine,Product Education,Young Adults,facebook,2025-03-25,5943.96,34664.0,0.0,0.0,0.0,False,False,False,0,False,False,False,18.332014213994107
DBB_2025,Don't Burn for Beauty,Social Impact,Adults,facebook,2025-08-10,5975.22,156793.0,5041.0,393.0,13025.11,False,False,False,0,False,False,False,2.5838345566355883
AAR_2025,Anti-Aging Routine,Product Education,Seniors,linkedin,2025-02-16,4196.99,15081.0,156.0,33.0,2740.3,False,False,False,0,False,False,False,17.566025641025643
PL_2025,Product Launch,Product Launch,Young Adults,tiktok,2025-03-20,58664.67,4520933.0,138509.0,2805.0,187870.52,False,False,False,0,False,False,False,1.3563777083077633
BF_2025,Black Friday,Seasonal Sale ,Parents,email,2025-11-25,32443.83,99358.0,5643.0,4764.0,302374.8,False,False,False,0,False,False,False,53.58405103668262
SCA_2025,Skin Cancer Awareness,Educational Awareness,Seniors,facebook,2025-05-09,6307.58,147900.0,7315.0,56.0,2120.91,False,False,False,0,False,False,False,0.2899398496240601
NF_2025,Nature First,Brand Image,Parents,instagram,2025-06-03,3915.79,59675.0,3555.0,89.0,6291.16,False,False,False,0,False,False,False,1.7696652601969056
NF_2025,Nature First,Brand Image,Parents,facebook,2025-03-14,5767.88,96229.0,4060.0,122.0,9028.26,False,False,False,0,False,False,False,2.223709359605911
SS_2025,Summer Sale,Seasonal Sale,Parents,instagram,2025-06-15,4926.71,32574.0,0.0,0.0,0.0,False,False,False,0,False,False,False,5.515245255411358
SS_2025,Summer Sale,Seasonal Sale ,Parents,email,2025-05-23,5112.8,45787.0,4458.0,1267.0,73727.0,False,False,False,0,False,False,False,16.538133692238674
SS_2025,Summer Sale,Seasonal Sale,Adults,email,2025-07-07,7079.44,36156.0,0.0,0.0,0.0,False,False,False,0,False,False,False,14.187154185022026
NF_2025,Nature First,Brand Image,Young Adults,instagram,2025-02-24,2896.72,57019.0,1132.0,64.0,4468.78,False,False,False,0,False,False,False,3.947685512367491
HP_2025,Holiday Prep,Seasonal Education,Seniors,email,2025-11-03,2785.61,5439.0,745.0,588.0,65771.17,False,False,False,0,False,False,False,88.28344966442953
AAR_2025,Anti-Aging Routine,Product Education,Adults,email,2025-04-08,5419.9,17404.0,1335.0,555.0,66782.43,False,False,False,0,False,False,False,50.024292134831455
SS_2025,Summer Sale,Seasonal Sale,Gen Z,youtube,2025-06-27,3260.48,119932.0,5972.0,540.0,22512.1,False,False,False,0,False,False,False,3.769608171466845
NF_2025,Nature First,Brand Image,Young Adults,instagram,2025-05-09,10694.03,220135.0,9896.0,422.0,30468.53,False,False,False,0,False,False,False,3.0788732821341953
AAR_2025,Anti-Aging Routine,Product Education,Young Adults,instagram,2025-01-20,2857.48,17568.0,351.0,19.0,1071.7,False,False,False,0,False,False,False,3.0532763532763534
PL_2025,Product Launch,Product Launch,Adults,email,2025-02-11,28195.77,299269.0,21353.0,961.0,71488.69,False,False,False,0,False,False,False,3.3479459560717464
DBB_2025,Don't Burn for Beauty,Social Impact,Young Adults,instagram,2025-07-15,2920.46,188505.0,13046.0,646.0,22989.73,False,False,False,0,False,False,False,1.7622052736470948
AAR_2025,Anti-Aging Routine,Product Education,Adults,facebook,2025-04-03,5259.16,30018.0,1144.0,234.0,28395.82,False,False,False,0,False,False,False,24.821520979020978
NF_2025,Nature First,Brand Image,Parents,instagram,2025-05-10,3993.63,40611.0,2828.0,104.0,4340.0,False,False,False,0,False,False,True,1.5345451262600327
SS_2025,Summer Sale,Seasonal Sale ,Adults,linkedin,2025-07-23,4953.74,37504.0,2085.0,254.0,16038.45,False,False,False,0,False,False,False,7.692302158273382
SCA_2025,Skin Cancer Awareness,Educational Awareness,Young Adults,instagram,2025-05-08,10877.31,722553.0,10772.0,69.0,2139.95,False,False,False,0,False,False,False,0.19865855922762715
SS_2025,Summer Sale,Seasonal Sale,Gen Z,tiktok,2025-07-22,5717.66,235582.0,10252.0,387.0,17257.1,False,False,False,0,False,False,False,1.6832910651580177
AAR_2025,Anti-Aging Routine,Product Education,Seniors,email,2025-02-26,5367.2,12229.0,521.0,67.0,9934.28,False,False,False,0,False,False,False,19.067715930902114
DBB_2025,Don't Burn for Beauty,Social Impact,Young Adults,tiktok,2025-07-17,5637.4,444540.0,39686.0,651.0,16742.77,False,False,False,0,False,False,False,0.42188101597540695
PL_2025,Product Launch,Product Launch,Adults,facebook,2025-01-17,11202.01,243441.0,13059.0,456.0,45512.34,False,False,False,0,False,False,False,3.485132092809556
AAR_2025,Anti-Aging Routine,Product Education,Young Adults,facebook,2025-09-05,5001.72,70149.0,866.5,294.0,26644.52,False,False,False,1,True,True,False,30.749590305828043
PL_2025,Product Launch,Product Launch,Young Adults,instagram,2025-03-02,12834.92,334571.0,15276.0,826.0,59985.74,False,False,False,0,False,False,False,3.926796281749149
SS_2025,Summer Sale,Seasonal Sale,Young Adults,facebook,2025-06-01,2793.99,100028.0,4580.0,785.0,56537.11,False,False,False,0,False,False,False,12.344347161572053
NF_2025,Nature First,Brand Image,Gen Z,instagram,2025-03-11,7369.29,74643.0,4229.0,121.0,7498.42,False,False,False,0,False,False,False,1.7730952943958382
AAR_2025,Anti-Aging Routine,Product Education,Young Adults,instagram,2025-03-17,3021.43,19574.0,779.0,89.0,4773.87,False,False,False,0,False,False,False,6.1282028241335045
AAR_2025,Anti-Aging Routine,Product Education,Seniors,linkedin,2025-05-01,3541.38,17315.0,260.0,19.0,2717.82,False,False,False,0,False,False,False,10.453153846153846
AAR_2025,Anti-Aging Routine,Product Education,Young Adults,youtube,2025-05-19,7433.02,81955.0,3966.0,976.0,105044.76,False,False,False,0,False,False,False,26.486323751891074
SS_2025,Summer Sale,Seasonal Sale,Gen Z,instagram,2025-07-28,5024.82,87735.0,2924.0,168.0,7178.49,False,False,False,0,False,False,False,2.4550239398084814
AAR_2025,Anti-Aging Routine,Product Education,Young Adults,email,2025-02-04,4547.59,26651.0,1493.0,346.0,19589.93,False,False,False,0,False,False,False,13.12118553248493
TSF_2025,TikTok Skin Fails,Trend Counter,Young Adults,instagram,2025-06-01,12309.17,752817.0,28546.0,1914.0,31796.44,False,False,False,0,False,False,False,1.1138667413998458
TSF_2025,TikTok Skin Fails,Trend Counter,Young Adults,youtube,2025-03-23,6393.66,270315.0,10506.0,56.0,3019.5,False,False,False,0,False,False,False,0.28740719588806396
NF_2025,Nature First,Brand Image,Gen Z,instagram,2025-06-04,4119.98,59317.0,2322.5,19.0,983.71,False,False,False,1,True,True,False,0.4235565123789021
TSF_2025,TikTok Skin Fails,Trend Counter,Young Adults,youtube,2025-04-09,4924.28,1150415.0,56171.0,7262.0,122785.93,False,False,False,0,False,False,False,2.185930996421641
AAR_2025,Anti-Aging Routine,Product Education,Seniors,linkedin,2025-04-09,3131.76,16028.0,603.0,256.0,21798.57,False,False,False,0,False,False,False,36.15019900497512
NF_2025,Nature First,Brand Image,Parents,facebook,2025-03-10,5186.68,41564.0,4260.0,260.0,15275.17,False,False,False,0,False,False,False,3.5857206572769953
AAR_2025,Anti-Aging Routine,Product Education,Adults,youtube,2025-04-27,3345.38,19530.0,563.0,81.0,6100.3,False,False,False,0,False,False,False,10.835346358792185
HP_2025,Holiday Prep,Seasonal Education,Adults,email,2025-11-28,4130.04,20745.0,2719.0,1125.0,90788.13,False,False,False,0,False,False,False,33.390264803236484
NF_2025,Nature First,Brand Image,Parents,email,2025-03-05,2643.53,10256.0,1218.5,22.0,2112.91,False,False,False,1,True,True,False,1.7340254411161262
TSF_2025,TikTok Skin Fails,Trend Counter,Gen Z,youtube,2025-03-22,8075.79,2559641.0,284850.0,14589.0,666450.14,False,False,False,0,False,False,False,2.3396529401439357
TSF_2025,TikTok Skin Fails,Trend Counter,Young Adults,youtube,2025-04-04,22385.46,2676613.0,190801.0,9068.0,282524.5,False,False,False,0,False,False,False,1.4807286125334773
AAR_2025,Anti-Aging Routine,Product Education,Young Adults,facebook,2025-04-27,4443.93,31160.0,566.0,183.0,19836.78,False,False,False,0,False,False,False,35.047314487632505
SCA_2025,Skin Cancer Awareness,Educational Awareness,Young Adults,tiktok,2025-05-21,15990.81,1267561.0,31375.0,135.0,5509.6,False,False,False,1,True,True,False,0.17560478087649403
AAR_2025,Anti-Aging Routine,Product Education,Adults,linkedin,2025-02-21,5694.66,19809.0,0.0,0.0,0.0,False,False,False,0,False,False,False,22.099723046488624
AAR_2025,Anti-Aging Routine,Product Education,Seniors,email,2025-05-15,2965.72,5468.0,244.0,95.0,10654.87,False,False,False,0,False,False,False,43.667500000000004
NF_2025,Nature First,Brand Image,Gen Z,instagram,2025-05-17,7664.73,78790.0,2880.0,102.0,8333.78,False,False,False,0,False,False,False,2.893673611111111
SS_2025,Summer Sale,Seasonal Sale,Young Adults,email,2025-05-17,7331.98,44882.0,2482.0,1128.0,52002.16,False,False,False,0,False,False,False,20.95171635777599
TSF_2025,TikTok Skin Fails,Trend Counter,Gen Z,tiktok,2025-05-18,10959.25,1069937.0,0.0,0.0,0.0,False,False,False,0,False,False,False,0.7661460982148245
SS_2025,Summer Sale,Seasonal Sale,Adults,email,2025-06-21,7352.27,36765.0,1912.0,812.0,48102.74,True,False,False,0,False,False,False,25.15833682008368
SS_2025,Summer Sale,Seasonal Sale,Young Adults,instagram,2025-07-21,5646.96,149464.0,8593.0,1818.0,85546.61,False,False,False,0,False,False,False,9.95538345164669
SS_2025,Summer Sale,Seasonal Sale,Young Adults,youtube,2025-07-14,2883.6,96185.0,6759.0,873.0,48057.62,False,False,False,0,False,False,False,7.110167184494748
TSF_2025,TikTok Skin Fails,Trend Counter,Gen Z,instagram,2025-06-05,17301.89,879675.0,113072.0,4769.0,255203.3,False,False,False,0,False,False,False,2.256998195839819
NF_2025,Nature First,Brand Image,Young Adults,linkedin,2025-05-15,4574.78,29103.0,993.0,46.0,3977.79,False,False,False,0,False,False,False,4.005830815709969
AAR_2025,Anti-Aging Routine,Product Education,Adults,youtube,2025-06-05,5313.4,73603.0,1079.0,132.0,14898.07,False,False,False,0,False,False,False,13.807293790546803
SS_2025,Summer Sale,Seasonal Sale,Young Adults,instagram,2025-05-24,6800.54,119161.0,5796.0,722.0,33757.33,False,False,False,0,False,False,False,5.824246031746032
PL_2025,Product Launch,Product Launch,Young Adults,tiktok,2025-03-24,18101.18,1120944.0,65134.0,701.0,64473.67,False,False,False,0,False,False,False,0.9898619768477293
AAR_2025,Anti-Aging Routine,Product Education,Young Adults,instagram,2025-04-02,5511.73,59703.0,1272.0,60.0,3947.48,False,False,False,0,False,False,False,3.1033647798742137
PL_2025,Product Launch,Product Launch,Seniors,email,2025-03-01,8848.97,53022.0,2331.0,423.0,53544.58,False,False,False,0,False,False,False,22.970647790647792
PL_2025,Product Launch,Product Launch,Young Adults,facebook,2025-03-30,14829.82,336566.0,24187.0,1444.0,141513.34,False,False,False,0,False,False,False,5.850801670318766
NF_2025,Nature First,Brand Image,Young Adults,youtube,2025-04-28,7895.94,149407.0,3519.0,105.0,5802.29,False,False,False,0,False,False,False,1.6488462631429384
AAR_2025,Anti-Aging Routine,Product Education,Seniors,facebook,2025-04-19,2063.74,15200.0,439.0,93.0,11590.66,False,False,False,0,False,False,False,26.4024145785877
NF_2025,Nature First,Brand Image,Parents,facebook,2025-04-19,4505.5,29015.0,1612.0,38.0,2400.08,False,False,False,0,False,False,False,1.4888833746898262
NF_2025,Nature First,Brand Image,Young Adults,instagram,2025-03-04,5364.51,43406.0,1190.0,23.0,2191.16,False,False,False,0,False,False,False,1.8413109243697479
AAR_2025,Anti-Aging Routine,Product Education,Young Adults,instagram,2025-04-09,4335.79,21428.0,1314.0,138.0,10190.08,False,False,False,0,False,False,False,7.755007610350076
SS_2025,Summer Sale,Seasonal Sale,Young Adults,instagram,2025-07-19,5056.6,91947.0,4351.0,367.0,25723.25,False,False,False,0,False,False,False,5.912031716846702
SCA_2025,Skin Cancer Awareness,Educational Awareness,Young Adults,youtube,2025-05-11,10153.93,920235.0,23698.0,306.0,8314.18,False,False,False,0,False,False,False,0.3508388893577517
SCA_2025,Skin Cancer Awareness,Educational Awareness,Seniors,linkedin,2025-05-11,8187.12,341936.0,11834.0,91.0,2705.56,False,False,False,0,False,False,False,0.22862599290180835
AAR_2025,Anti-Aging Routine,Product Education,Young Adults,email,2025-02-11,4730.75,16730.0,785.0,264.0,21731.73,False,False,False,0,False,False,False,27.683732484076433
SS_2025,Summer Sale,Seasonal Sale,Adults,linkedin,2025-06-27,6312.16,65546.0,2224.0,188.0,9455.89,False,False,False,0,False,False,False,4.251749100719424
DBB_2025,Don't Burn for Beauty,Social Impact,Adults,youtube,2025-07-27,17925.5,486034.0,23143.0,1363.0,41572.28,False,False,False,0,False,False,False,1.796321998012358
PL_2025,Product Launch,Product Launch,Adults,email,2025-02-24,15016.82,101201.0,7246.0,490.0,9746.43,False,False,True,0,False,False,False,1.345077284018769
SCA_2025,Skin Cancer Awareness,Educational Awareness,Adults,facebook,2025-05-09,9943.04,373322.0,12118.0,188.0,7085.21,False,False,False,0,False,False,False,0.5846847664631127
NF_2025,Nature First,Brand Image,Young Adults,instagram,2025-04-27,7645.03,92652.0,4318.0,52.0,3650.55,False,False,False,0,False,False,False,0.8454261232051876
AAR_2025,Anti-Aging Routine,Product Education,Young Adults,youtube,2025-03-12,5212.93,83939.0,4590.0,1377.0,133714.12,False,False,False,0,False,False,False,29.131616557734205
NF_2025,Nature First,Brand Image,Young Adults,youtube,2025-03-28,2791.83,67537.0,1308.0,26.0,1303.29,False,False,False,0,False,False,False,0.9963990825688073
TSF_2025,TikTok Skin Fails,Trend Counter,Gen Z,instagram,2025-04-02,9915.97,1349595.0,74717.0,5138.0,142430.71,False,True,False,0,False,False,False,1.906269122154262
SCA_2025,Skin Cancer Awareness,Educational Awareness,Seniors,linkedin,2025-05-25,12669.89,212556.0,8655.0,246.0,9576.69,False,False,False,0,False,False,False,1.1064922010398615
AAR_2025,Anti-Aging Routine,Product Education,Adults,linkedin,2025-04-14,3985.69,12517.0,468.0,84.0,10691.27,False,False,False,0,False,False,False,22.844594017094018
AAR_2025,Anti-Aging Routine,Product Education,Young Adults,instagram,2025-05-02,3517.46,56484.0,2452.0,819.0,64131.53,False,False,False,0,False,False,False,26.154783849918434
PL_2025,Product Launch,Product Launch,Seniors,facebook,2025-02-20,8517.42,148316.0,2591.0,187.0,13010.26,False,False,False,0,False,False,False,5.021327672713238
AAR_2025,Anti-Aging Routine,Product Education,Seniors,email,2025-01-15,3688.77,7493.0,233.0,247.0,22797.73,False,False,False,0,False,False,False,97.8443347639485
NF_2025,Nature First,Brand Image,Parents,instagram,2025-05-03,6163.06,41830.0,2293.0,52.0,4728.48,False,False,False,0,False,False,False,2.062136938508504
BF_2025,Black Friday,Seasonal Sale,Adults,linkedin,2025-11-21,51372.89,211487.0,11999.0,3437.0,279443.11,False,False,False,0,False,False,False,23.28886657221435
AAR_2025,Anti-Aging Routine,Product Education,Adults,linkedin,2025-03-01,2956.89,17217.0,510.0,43.0,4998.19,False,False,False,0,False,False,False,9.800372549019608
SCA_2025,Skin Cancer Awareness,Educational Awareness,Seniors,facebook,2025-05-12,6977.71,166407.0,6533.0,136.0,6698.81,False,False,False,0,False,False,False,1.025380376549824
SS_2025,Summer Sale,Seasonal Sale,Young Adults,facebook,2025-06-02,10294.48,267613.0,16055.0,745.0,36055.34,False,False,False,0,False,False,False,2.2457390221114917
DBB_2025,Don't Burn for Beauty,Social Impact,Gen Z,tiktok,2025-07-14,13772.23,782036.0,43798.0,2098.0,42010.26,False,False,False,0,False,False,False,0.9591821544362756
SS_2025,Summer Sale,Seasonal Sale,Parents,email,2025-07-01,7078.99,33672.0,1255.0,233.0,10599.54,False,False,False,0,False,False,False,8.44584860557769
SS_2025,Summer Sale,Seasonal Sale,Young Adults,instagram,2025-06-05,8086.39,115582.0,6242.0,988.0,43355.06,False,False,False,0,False,False,False,6.945700096123037
DBB_2025,Don't Burn for Beauty,Social Impact,Young Adults,youtube,2025-08-07,4813.05,222201.0,18542.0,500.0,13511.86,False,False,False,0,False,False,False,0.7287164275698415
NF_2025,Nature First,Brand Image,Young Adults,linkedin,2025-04-09,5480.99,70745.0,2829.0,150.0,11268.98,False,False,False,0,False,False,False,3.9833792859667727
HP_2025,Holiday Prep,Seasonal Education,Seniors,facebook,2025-11-25,2720.29,16537.0,453.0,72.0,7986.5,False,False,False,0,False,False,False,17.630242825607063
DBB_2025,Don't Burn for Beauty,Social Impact,Gen Z,instagram,2025-07-04,20213.2,518829.0,15321.0,549.0,14347.79,False,False,False,0,False,False,False,0.9364786893805888
SS_2025,Summer Sale,Seasonal Sale,Adults,email,2025-07-21,5601.58,50499.0,4945.0,980.0,44779.48,False,True,False,0,False,False,False,9.055506572295249
NF_2025,Nature First,Brand Image,Young Adults,youtube,2025-04-04,10459.95,183886.0,4443.5,71.0,4640.2,False,False,False,1,True,True,False,1.0442669067176775
NF_2025,Nature First,Brand Image,Young Adults,youtube,2025-05-28,6598.89,236801.0,6751.0,139.0,12022.15,False,False,False,0,False,False,False,1.7807954377129314
SS_2025,Summer Sale,Seasonal Sale,Adults,facebook,2025-07-14,3512.61,29961.0,1131.0,96.0,5552.86,False,False,False,0,False,False,False,4.9096905393457115
PL_2025,Product Launch,Product Launch,Young Adults,instagram,2025-02-21,41330.42,1038163.0,39864.0,1462.0,119404.05,False,False,False,0,False,False,False,2.9952852197471405
SS_2025,Summer Sale,Seasonal Sale,Parents,facebook,2025-07-17,9607.84,140498.0,3551.0,647.0,34253.98,False,False,False,0,False,False,False,9.646291185581527
AAR_2025,Anti-Aging Routine,Product Education,Young Adults,facebook,2025-02-24,5451.16,35948.0,1454.0,218.0,13061.75,False,False,False,0,False,False,False,8.983321870701513
AAR_2025,Anti-Aging Routine,Product Education,Adults,linkedin,2025-05-02,3061.77,23324.0,862.0,208.0,19050.0,False,False,False,0,False,False,True,22.099723046488624
AAR_2025,Anti-Aging Routine,Product Education,Young Adults,youtube,2025-02-11,6570.73,92297.0,3748.0,363.0,19502.52,False,False,False,0,False,False,False,5.2034471718249735
SCA_2025,Skin Cancer Awareness,Educational Awareness,Young Adults,youtube,2025-05-06,12870.03,1589268.0,33151.0,386.0,8713.28,False,False,False,0,False,False,False,0.26283611354106967
TSF_2025,TikTok Skin Fails,Trend Counter,Young Adults,instagram,2025-05-19,29647.44,1208214.0,88452.0,752.0,43866.89,False,False,False,0,False,False,False,0.49594005788450235
DBB_2025,Don't Burn for Beauty,Social Impact,Adults,linkedin,2025-07-03,6442.64,57347.0,5624.0,272.0,10144.69,False,False,False,0,False,False,False,1.8038211237553343
NF_2025,Nature First,Brand Image,Young Adults,youtube,2025-03-29,5150.06,168245.0,4060.0,67.0,5765.72,False,False,False,0,False,False,False,1.420128078817734
AAR_2025,Anti-Aging Routine,Product Education,Young Adults,youtube,2025-01-22,4005.36,57001.0,2856.0,482.0,33950.29,False,False,False,0,False,False,False,11.887356442577032
PL_2025,Product Launch,Product Launch,Seniors,linkedin,2025-01-20,11224.91,97339.0,4061.0,67.0,6618.31,False,False,False,0,False,False,False,1.6297242058606256
PL_2025,Product Launch,Product Launch,Seniors,linkedin,2025-03-29,9740.43,87935.0,5754.0,96.0,7391.03,False,False,False,0,False,False,False,1.2845029544664581
SS_2025,Summer Sale,Seasonal Sale,Adults,email,2025-07-01,10953.35,40933.0,2556.0,998.0,68575.7,False,False,False,0,False,False,False,26.829303599374022
NF_2025,Nature First,Brand Image,Young Adults,youtube,2025-02-16,5114.15,59459.0,2862.0,59.0,2923.15,False,False,False,0,False,False,False,1.021366177498253
DBB_2025,Don't Burn for Beauty,Social Impact,Adults,youtube,2025-07-31,4122.65,106753.0,6674.0,205.0,8167.87,False,False,False,0,False,False,False,1.2238342822894817
PL_2025,Product Launch,Product Launch,Seniors,facebook,2025-02-07,15335.0,181169.0,7639.0,188.0,25033.93,False,False,False,0,False,False,False,3.277121350962168
NF_2025,Nature First,Brand Image,Parents,facebook,2025-03-27,6454.34,94404.0,4248.0,75.0,4507.48,False,False,False,0,False,False,False,1.0610828625235404
SS_2025,Summer Sale,Seasonal Sale,Adults,facebook,2025-06-17,6122.17,24690.0,2674.0,165.0,6847.57,False,False,False,0,False,False,False,2.560796559461481
TSF_2025,TikTok Skin Fails,Trend Counter,Young Adults,instagram,2025-03-27,7550.79,319076.0,58442.0,2015.0,124623.24,False,False,False,0,False,False,False,2.1324259950035933
DBB_2025,Don't Burn for Beauty,Social Impact,Adults,youtube,2025-07-16,8652.67,408972.0,19238.5,696.0,20222.32,False,False,False,1,True,True,False,1.0511380824908387
NF_2025,Nature First,Brand Image,Young Adults,instagram,2025-03-31,5826.97,105522.0,1277.0,32.0,2497.48,False,False,False,0,False,False,False,1.955740015661707
HP_2025,Holiday Prep,Seasonal Education,Seniors,facebook,2025-11-10,4194.87,40407.0,2620.0,1179.0,88473.73,False,True,False,0,False,False,False,33.76859923664122
NF_2025,Nature First,Brand Image,Gen Z,instagram,2025-04-17,7007.39,74614.0,3315.0,107.0,6187.94,False,False,False,0,False,False,False,1.8666485671191553
TSF_2025,TikTok Skin Fails,Trend Counter,Young Adults,facebook,2025-05-22,11937.49,727864.0,65481.0,2336.0,135925.74,False,False,False,0,False,False,False,2.075804279103862
SS_2025,Summer Sale,Seasonal Sale,Parents,instagram,2025-07-02,8674.95,193749.0,9991.0,1114.0,66237.35,False,False,False,0,False,False,False,6.629701731558403
TSF_2025,TikTok Skin Fails,Trend Counter,Gen Z,tiktok,2025-04-12,3342.19,511140.0,0.0,0.0,0.0,False,False,False,0,False,False,False,0.7661460982148245
SS_2025,Summer Sale,Seasonal Sale,Young Adults,facebook,2025-07-02,7409.32,173376.0,4868.0,336.0,12263.09,False,False,False,0,False,False,False,2.5191228430566968
AAR_2025,Anti-Aging Routine,Product Education,Seniors,linkedin,2025-05-12,4751.71,15742.0,481.0,109.0,11512.5,False,False,False,0,False,False,False,23.934511434511435
HP_2025,Holiday Prep,Seasonal Education,Seniors,facebook,2025-11-23,3225.69,10567.0,284.0,58.0,5798.54,False,False,False,0,False,False,False,20.417394366197183
TSF_2025,TikTok Skin Fails,Trend Counter,Young Adults,facebook,2025-05-31,2901.89,129382.0,2733.0,131.0,7789.84,False,False,False,0,False,False,False,2.85028905964142
SS_2025,Summer Sale,Seasonal Sale,Adults,email,2025-07-16,5409.11,28701.0,1769.0,443.0,27942.94,False,False,False,0,False,False,False,15.795895986433012
AAR_2025,Anti-Aging Routine,Product Education,Adults,linkedin,2025-01-27,3269.62,28571.0,649.0,95.0,11960.09,False,False,False,0,False,False,False,18.42848998459168
PL_2025,Product Launch,Product Launch,Seniors,email,2025-02-03,10940.34,37277.0,1512.0,79.0,10038.01,False,False,False,0,False,False,False,6.638895502645503
PL_2025,Product Launch,Product Launch,Seniors,email,2025-02-05,5658.14,42385.0,2515.0,368.0,45675.96,False,False,False,0,False,False,False,18.16141550695825
TSF_2025,TikTok Skin Fails,Trend Counter,Young Adults,youtube,2025-06-05,3017.04,273754.0,7791.0,208.0,6605.13,False,False,False,0,False,False,False,0.8477897574123989
TSF_2025,TikTok Skin Fails,Trend Counter,Gen Z,instagram,2025-03-22,41163.54,4695537.0,138896.0,5303.0,162860.88,False,False,False,0,False,False,False,1.1725383020389357
SS_2025,Summer Sale,Seasonal Sale,Young Adults,instagram,2025-06-23,4357.65,115787.0,3517.0,306.0,12495.46,False,False,False,0,False,False,False,3.5528746090417966
DBB_2025,Don't Burn for Beauty,Social Impact,Young Adults,facebook,2025-08-07,8061.77,290862.0,16205.0,521.0,21354.29,False,False,False,0,False,False,False,1.3177593335390312
TSF_2025,TikTok Skin Fails,Trend Counter,Gen Z,tiktok,2025-03-30,9126.06,1205067.0,66370.0,3510.0,156255.42,False,False,False,0,False,False,False,2.3543079704685854
AAR_2025,Anti-Aging Routine,Product Education,Seniors,linkedin,2025-05-11,2623.36,18162.0,224.0,85.0,13388.29,False,False,False,0,False,False,False,59.76915178571429
BF_2025,Black Friday,Seasonal Sale,Parents,email,2025-12-02,7637.43,25278.0,4229.0,3590.0,246920.16,False,False,False,0,False,False,False,58.387363442894305
PL_2025,Product Launch,Product Launch,Seniors,email,2025-01-19,17312.52,55611.0,1526.0,120.0,15892.65,False,False,False,0,False,False,False,10.414580602883355
SS_2025,Summer Sale,Seasonal Sale,Gen Z,youtube,2025-05-15,12490.65,577742.0,30925.0,5057.0,163491.32,False,False,False,0,False,False,False,5.2867039611964435
DBB_2025,Don't Burn for Beauty,Social Impact,Young Adults,facebook,2025-07-19,5328.32,340948.0,18478.0,747.0,21321.47,False,False,False,0,False,False,False,1.1538840783634594
SS_2025,Summer Sale,Seasonal Sale,Adults,facebook,2025-07-07,4482.32,22635.0,1018.0,170.0,12075.15,False,False,False,0,False,False,False,11.86164047151277
TSF_2025,TikTok Skin Fails,Trend Counter,Young Adults,tiktok,2025-05-24,2242.07,168271.0,15256.0,418.0,19526.2,False,False,False,0,False,False,False,1.2799029889879392
SS_2025,Summer Sale,Seasonal Sale,Parents,email,2025-06-24,7442.44,28382.0,1753.0,557.0,32108.71,False,False,False,0,False,False,False,18.316434683399887
DBB_2025,Don't Burn for Beauty,Social Impact,Young Adults,facebook,2025-07-29,7741.86,270783.0,0.0,0.0,0.0,False,False,False,0,False,False,False,1.356402540054723
PL_2025,Product Launch,Product Launch,Young Adults,tiktok,2025-02-10,8991.58,448471.0,0.0,0.0,0.0,False,False,False,0,False,False,False,1.2061881078691423
AAR_2025,Anti-Aging Routine,Product Education,Seniors,email,2025-05-30,3544.83,9904.0,434.0,61.0,7956.75,False,False,False,0,False,False,False,18.33352534562212
TSF_2025,TikTok Skin Fails,Trend Counter,Gen Z,instagram,2025-05-24,49924.09,4057564.0,384407.0,30977.0,1341239.77,False,False,False,0,False,False,False,3.4891138038589307
DBB_2025,Don't Burn for Beauty,Social Impact,Gen Z,tiktok,2025-07-06,5569.28,534396.0,30459.0,550.0,13481.48,False,False,False,0,False,False,False,0.4426107226107226
NF_2025,Nature First,Brand Image,Young Adults,linkedin,2025-05-27,3166.35,24878.0,1235.0,37.0,2586.8,False,False,False,0,False,False,False,2.0945748987854254
HP_2025,Holiday Prep,Seasonal Education,Adults,email,2025-11-19,4878.74,23119.0,3288.0,1320.0,70756.43,False,False,False,0,False,False,False,21.519595498783453
AAR_2025,Anti-Aging Routine,Product Education,Adults,facebook,2025-06-05,2971.81,13953.0,269.0,39.0,3095.91,False,False,False,0,False,False,False,11.50895910780669
AAR_2025,Anti-Aging Routine,Product Education,Seniors,linkedin,2025-05-04,3649.0,18168.0,454.0,135.0,19947.39,False,False,False,0,False,False,False,43.93698237885462
SS_2025,Summer Sale,Seasonal Sale,Gen Z,instagram,2025-05-15,9353.64,260402.0,17663.0,2066.0,98634.82,False,False,False,0,False,False,False,5.584262016644964
PL_2025,Product Launch,Product Launch,Young Adults,instagram,2025-01-24,8955.05,163591.0,5559.0,152.0,13159.62,False,False,False,0,False,False,False,2.367263896384242
AAR_2025,Anti-Aging Routine,Product Education,Seniors,linkedin,2025-01-20,6707.01,19706.0,1030.0,552.0,53380.15,False,False,False,0,False,False,False,51.82538834951456
PL_2025,Product Launch,Product Launch,Adults,youtube,2025-02-13,19701.05,1143595.0,62306.0,3538.0,364954.6,False,False,False,0,False,False,False,5.857455140756909
PL_2025,Product Launch,Product Launch,Seniors,email,2025-03-15,15170.72,84647.0,0.0,0.0,0.0,False,False,False,0,False,False,False,8.709877626083228
PL_2025,Product Launch,Product Launch,Adults,email,2025-03-06,26966.1,189940.0,15934.0,1287.0,140031.87,False,False,False,0,False,False,False,8.78824337893812
NF_2025,Nature First,Brand Image,Parents,instagram,2025-03-15,7877.49,64198.0,1582.0,30.0,2676.85,False,False,False,0,False,False,False,1.6920670037926675
NF_2025,Nature First,Brand Image,Parents,email,2025-04-08,5444.06,16595.0,2055.0,88.0,5269.45,False,False,False,0,False,False,False,2.5642092457420924
TSF_2025,TikTok Skin Fails,Trend Counter,Gen Z,instagram,2025-05-14,33177.63,2327306.0,217443.0,3111.0,81120.46,False,False,False,0,False,False,False,0.3730654010476309
PL_2025,Product Launch,Product Launch,Seniors,linkedin,2025-03-14,8268.13,64246.0,1785.0,97.0,10969.93,False,False,False,0,False,False,False,6.145619047619048
SS_2025,Summer Sale,Seasonal Sale,Adults,linkedin,2025-07-12,3076.77,25107.0,814.0,71.0,4697.26,False,False,False,0,False,False,False,5.770589680589681
AAR_2025,Anti-Aging Routine,Product Education,Adults,facebook,2025-02-05,3564.31,34620.0,1108.0,204.0,15705.34,False,False,False,0,False,False,False,14.174494584837545
NF_2025,Nature First,Brand Image,Young Adults,linkedin,2025-04-04,6474.0,55569.0,1500.0,26.0,2123.92,False,False,False,0,False,False,False,1.4159466666666667
AAR_2025,Anti-Aging Routine,Product Education,Adults,youtube,2025-01-26,3812.5,68203.0,2202.0,314.0,27491.69,False,False,False,0,False,False,False,12.484872842870118
SCA_2025,Skin Cancer Awareness,Educational Awareness,Young Adults,instagram,2025-05-07,7725.2,270391.0,4449.0,43.0,815.13,False,False,False,0,False,False,False,0.18321645313553608
DBB_2025,Don't Burn for Beauty,Social Impact,Young Adults,facebook,2025-07-06,8787.87,166644.0,6672.0,320.0,9050.0,False,False,False,0,False,False,True,1.356402540054723
PL_2025,Product Launch,Product Launch,Young Adults,instagram,2025-01-31,22339.08,1079018.0,44395.0,1631.0,122816.42,False,False,False,0,False,False,False,2.7664471224236964
HP_2025,Holiday Prep,Seasonal Education,Parents,email,2025-11-21,5849.26,16035.0,1587.0,619.0,48563.94,False,False,False,0,False,False,False,30.60109640831758
SS_2025,Summer Sale,Seasonal Sale,Young Adults,youtube,2025-07-20,6215.530000000001,196319.0,6745.0,425.0,17717.33,False,True,False,0,False,False,False,2.6267353595255747
TSF_2025,TikTok Skin Fails,Trend Counter,Young Adults,instagram,2025-05-09,27236.4,2456678.0,151807.0,2171.0,127927.95,False,False,False,0,False,False,False,0.8427012588352315
PL_2025,Product Launch,Product Launch,Seniors,email,2025-02-15,11418.16,48788.0,6260.0,995.0,117096.31,False,False,False,0,False,False,False,18.705480830670925
HP_2025,Holiday Prep,Seasonal Education,Seniors,email,2025-11-20,2853.49,2437.0,310.0,232.0,16523.33,False,False,False,0,False,False,False,53.30106451612904
SS_2025,Summer Sale,Seasonal Sale,Adults,linkedin,2025-07-15,3142.09,22897.0,1052.0,162.0,10898.27,False,False,False,0,False,False,False,10.359572243346008
AAR_2025,Anti-Aging Routine,Product Education,Adults,email,2025-02-08,6072.26,23148.0,1019.0,107.0,10600.71,False,False,False,0,False,False,False,10.40305201177625
NF_2025,Nature First,Brand Image,Young Adults,linkedin,2025-06-03,6453.17,63099.0,1126.0,11.0,625.2,False,False,False,0,False,False,False,0.555239786856128
TSF_2025,TikTok Skin Fails,Trend Counter,Young Adults,instagram,2025-06-02,37217.36,1520067.0,112592.0,9440.0,277146.12,False,False,False,0,False,False,False,2.4615081000426318
AAR_2025,Anti-Aging Routine,Product Education,Adults,facebook,2025-03-06,2593.24,19305.0,808.0,171.0,14563.62,False,False,False,0,False,False,False,18.024282178217824
SS_2025,Summer Sale,Seasonal Sale,Gen Z,instagram,2025-07-01,5838.66,132476.0,5181.0,776.0,38828.49,False,False,False,0,False,False,False,7.494400694846554
AAR_2025,Anti-Aging Routine,Product Education,Seniors,email,2025-01-10,5297.13,8838.0,458.0,209.0,29582.46,False,False,False,0,False,False,False,64.59052401746725
DBB_2025,Don't Burn for Beauty,Social Impact,Gen Z,youtube,2025-06-22,3770.41,334353.0,15016.0,409.0,13976.85,False,False,False,0,False,False,False,0.9307971497069792
NF_2025,Nature First,Brand Image,Parents,facebook,2025-04-13,4759.71,51453.0,2450.0,73.0,6550.15,False,False,False,0,False,False,False,2.673530612244898
TSF_2025,TikTok Skin Fails,Trend Counter,Young Adults,facebook,2025-05-02,16901.75,1740414.0,98342.0,6087.0,228213.86,False,False,False,0,False,False,False,2.3206143865286446
AAR_2025,Anti-Aging Routine,Product Education,Seniors,linkedin,2025-03-08,3902.0,8026.0,0.0,0.0,0.0,False,False,False,0,False,False,False,22.099723046488624
AAR_2025,Anti-Aging Routine,Product Education,Young Adults,email,2025-05-09,6237.23,31896.0,3234.0,1184.0,84692.15,False,False,False,0,False,False,False,26.188048855905997
AAR_2025,Anti-Aging Routine,Product Education,Young Adults,facebook,2025-04-10,4260.82,23928.0,750.0,99.0,5987.53,False,False,False,0,False,False,False,7.983373333333333
DBB_2025,Don't Burn for Beauty,Social Impact,Gen Z,tiktok,2025-07-15,4586.87,389883.0,31002.0,215.0,6859.79,False,False,False,0,False,False,False,0.22126927295013224
AAR_2025,Anti-Aging Routine,Product Education,Young Adults,instagram,2025-03-07,4342.51,28584.0,638.0,120.0,6962.2,False,False,False,0,False,False,False,10.912539184952978
DBB_2025,Don't Burn for Beauty,Social Impact,Young Adults,instagram,2025-08-05,5850.16,327365.0,19814.0,236.0,10267.24,False,False,False,0,False,False,False,0.5181810840819623
SS_2025,Summer Sale,Seasonal Sale,Gen Z,tiktok,2025-06-23,7637.31,401087.0,15869.0,799.0,44539.45,False,False,False,0,False,False,False,2.8066954439473184
TSF_2025,TikTok Skin Fails,Trend Counter,Young Adults,tiktok,2025-04-06,12742.72,243616.0,6354.0,232.0,4019.71,False,False,False,0,False,False,False,0.6326266918476551
NF_2025,Nature First,Brand Image,Young Adults,linkedin,2025-05-24,2596.94,34595.0,705.0,30.0,710.57,False,False,True,0,False,False,False,1.0079007092198582
AAR_2025,Anti-Aging Routine,Product Education,Seniors,linkedin,2025-05-29,2993.8,8900.0,358.0,123.0,9642.39,False,False,False,0,False,False,False,26.934050279329607
NF_2025,Nature First,Brand Image,Gen Z,tiktok,2025-03-26,9407.02,371999.0,22085.0,377.0,31729.51,False,False,False,0,False,False,False,1.4366995698437852
NF_2025,Nature First,Brand Image,Parents,facebook,2025-03-11,6205.22,49366.0,1031.0,88.0,7691.89,False,False,False,0,False,False,False,7.460611057225995
NF_2025,Nature First,Brand Image,Young Adults,instagram,2025-03-16,7306.7,181491.0,4803.0,148.0,12420.56,False,False,False,0,False,False,False,2.5860004164064128
AAR_2025,Anti-Aging Routine,Product Education,Young Adults,youtube,2025-04-12,5178.81,71812.0,3025.0,1479.0,132727.89,False,False,False,0,False,False,False,43.87698842975207
SS_2025,Summer Sale,Seasonal Sale,Gen Z,tiktok,2025-06-08,9814.71,394588.0,13268.0,478.0,25788.88,False,False,False,0,False,False,False,1.9436900813988545
AAR_2025,Anti-Aging Routine,Product Education,Young Adults,email,2025-05-25,4235.19,8964.0,623.0,466.0,34973.82,False,False,False,0,False,False,False,56.137752808988765
TSF_2025,TikTok Skin Fails,Trend Counter,Gen Z,instagram,2025-04-09,2606.34,152827.0,11611.0,220.0,6384.04,False,False,False,0,False,False,False,0.5498268882955818
AAR_2025,Anti-Aging Routine,Product Education,Seniors,facebook,2025-04-25,6037.6,27632.0,771.0,140.0,19378.69,False,False,False,0,False,False,False,25.134487678339816
SS_2025,Summer Sale,Seasonal Sale,Young Adults,youtube,2025-06-06,8686.29,210717.0,10654.0,987.0,62525.72,False,False,False,0,False,False,False,5.868755397033978
NF_2025,Nature First,Brand Image,Young Adults,linkedin,2025-05-07,5984.06,29691.0,810.0,27.0,1808.69,False,False,False,0,False,False,False,2.232950617283951
AAR_2025,Anti-Aging Routine,Product Education,Young Adults,youtube,2025-05-08,3301.31,27192.0,1618.0,210.0,19466.75,False,False,False,0,False,False,False,12.031365883807169
HP_2025,Holiday Prep,Seasonal Education,Parents,facebook,2025-11-12,4194.87,19274.0,887.0,307.0,19450.44,False,True,False,0,False,False,False,21.928342728297633
AAR_2025,Anti-Aging Routine,Product Education,Adults,linkedin,2025-05-10,5115.08,22849.0,816.0,79.0,5510.05,False,False,False,0,False,False,False,6.752512254901961
BF_2025,Black Friday,Seasonal Sale,Seniors,facebook,2025-11-27,12228.93,181106.0,8765.0,2114.0,121242.54,False,True,False,0,False,False,False,13.83257729606389
SS_2025,Summer Sale,Seasonal Sale,Parents,facebook,2025-06-12,4503.9,69394.0,4186.0,336.0,21594.69,False,False,False,0,False,False,False,5.158788819875776
SCA_2025,Skin Cancer Awareness,Educational Awareness,Seniors,facebook,2025-05-22,5308.73,137350.0,5061.0,92.0,4295.01,False,False,False,0,False,False,False,0.8486484884410196
AAR_2025,Anti-Aging Routine,Product Education,Young Adults,email,2025-02-28,4891.78,25668.0,2763.0,336.0,23385.06,False,False,False,0,False,False,False,8.463648208469056
PL_2025,Product Launch,Product Launch,Adults,youtube,2025-01-15,11978.94,139013.0,7145.0,215.0,23271.32,False,False,False,0,False,False,False,3.2570076976906925
AAR_2025,Anti-Aging Routine,Product Education,Seniors,linkedin,2025-04-24,5040.3,13745.0,493.0,122.0,17334.66,False,False,False,0,False,False,False,35.16158215010142
AAR_2025,Anti-Aging Routine,Product Education,Adults,youtube,2025-03-19,2581.81,48017.0,1075.0,65.0,5576.54,False,False,False,0,False,False,False,5.187479069767442
AAR_2025,Anti-Aging Routine,Product Education,Young Adults,facebook,2025-02-01,4187.3,30992.0,755.0,109.0,11777.69,False,False,False,0,False,False,False,15.59958940397351
PL_2025,Product Launch,Product Launch,Seniors,linkedin,2025-02-10,12553.3,192139.0,7595.0,664.0,37121.0,False,False,False,0,False,False,True,4.887535440632221
AAR_2025,Anti-Aging Routine,Product Education,Adults,email,2025-03-28,2877.28,9345.0,376.0,250.0,28733.08,False,False,False,0,False,False,False,76.41776595744682
AAR_2025,Anti-Aging Routine,Product Education,Young Adults,youtube,2025-05-02,5753.41,66192.0,2996.0,526.0,35002.43,False,False,False,0,False,False,False,11.683054072096128
SCA_2025,Skin Cancer Awareness,Educational Awareness,Young Adults,tiktok,2025-05-25,11137.61,728089.0,42762.0,330.0,13605.65,False,False,False,0,False,False,False,0.3181715074131238
DBB_2025,Don't Burn for Beauty,Social Impact,Adults,youtube,2025-08-09,4755.52,183881.0,8638.0,819.0,36862.47,False,False,False,0,False,False,False,4.267477425329938
AAR_2025,Anti-Aging Routine,Product Education,Seniors,linkedin,2025-06-06,3026.15,17787.0,464.0,36.0,3157.61,False,False,False,0,False,False,False,6.805193965517241
AAR_2025,Anti-Aging Routine,Product Education,Young Adults,instagram,2025-06-06,4141.49,33786.0,1590.0,148.0,11254.1,False,False,False,0,False,False,False,7.078050314465409
AAR_2025,Anti-Aging Routine,Product Education,Adults,linkedin,2025-04-22,4184.14,29871.0,1212.0,234.0,24333.58,False,False,False,0,False,False,False,20.077211221122113
TSF_2025,TikTok Skin Fails,Trend Counter,Gen Z,tiktok,2025-06-06,20501.75,1312461.0,150989.0,5027.0,237051.87,False,False,False,0,False,False,False,1.5699943042208373
AAR_2025,Anti-Aging Routine,Product Education,Seniors,facebook,2025-04-30,5425.79,19823.0,676.0,298.0,38290.55,False,False,False,0,False,False,False,56.64282544378699
AAR_2025,Anti-Aging Routine,Product Education,Adults,youtube,2025-03-16,2745.42,18617.0,823.0,130.0,57646.59,False,False,False,0,False,False,False,70.04445929526123
AAR_2025,Anti-Aging Routine,Product Education,Young Adults,facebook,2025-01-27,6908.61,96296.0,2905.0,287.0,20900.61,False,False,False,0,False,False,False,7.194702237521515
AAR_2025,Anti-Aging Routine,Product Education,Adults,facebook,2025-05-04,4173.63,12728.0,376.0,112.0,9823.69,False,False,False,0,False,False,False,26.12683510638298
PL_2025,Product Launch,Product Launch,Young Adults,facebook,2025-02-03,18230.23,277604.0,13373.0,309.0,21602.78,False,False,False,0,False,False,False,1.6154026770358183
SS_2025,Summer Sale,Seasonal Sale,Adults,facebook,2025-07-22,2797.0,27481.0,2596.0,558.0,24269.46,False,False,False,0,False,False,False,9.348790446841294
SS_2025,Summer Sale,Seasonal Sale,Gen Z,instagram,2025-06-08,21171.31,655422.0,29140.0,11458.0,430055.49,False,False,False,0,False,False,False,14.758252916952642
SS_2025,Summer Sale,Seasonal Sale,Adults,facebook,2025-06-28,4898.73,117275.0,10607.0,917.0,40981.79,False,True,False,0,False,False,False,3.86365513340247
PL_2025,Product Launch,Product Launch,Adults,facebook,2025-03-29,21371.45,395757.0,11148.0,674.0,60559.41,False,False,False,0,False,False,False,5.43231162540366
SCA_2025,Skin Cancer Awareness,Educational Awareness,Adults,youtube,2025-05-12,12868.72,876657.0,15754.0,208.0,7901.03,False,False,False,1,True,True,False,0.5015253269011045
DBB_2025,Don't Burn for Beauty,Social Impact,Gen Z,youtube,2025-08-08,4315.98,234395.0,25994.0,880.0,32082.06,False,False,False,0,False,False,False,1.2342102023543895
DBB_2025,Don't Burn for Beauty,Social Impact,Gen Z,instagram,2025-06-20,12934.12,608295.0,52178.0,1625.0,50105.14,False,False,False,0,False,False,False,0.9602732952585381
TSF_2025,TikTok Skin Fails,Trend Counter,Young Adults,facebook,2025-05-11,32366.43,3485993.0,322392.0,13968.0,346160.81,False,False,False,0,False,False,False,1.07372642621405
AAR_2025,Anti-Aging Routine,Product Education,Seniors,linkedin,2025-05-30,3211.99,16011.0,585.0,96.0,10750.82,False,False,True,0,False,False,False,18.377470085470083
SCA_2025,Skin Cancer Awareness,Educational Awareness,Young Adults,tiktok,2025-06-04,24036.62,1575011.0,49432.0,138.0,4465.87,False,False,False,0,False,False,False,0.09034370448292604
TSF_2025,TikTok Skin Fails,Trend Counter,Gen Z,instagram,2025-03-23,1783.48,76017.0,6850.0,398.0,12065.73,False,False,False,0,False,False,False,1.7614204379562044
HP_2025,Holiday Prep,Seasonal Education,Parents,instagram,2025-11-11,3583.79,25223.0,1419.0,353.0,23227.47,False,False,False,0,False,False,False,16.36890063424947
SS_2025,Summer Sale,Seasonal Sale ,Parents,facebook,2025-06-23,4837.79,87339.0,3144.0,302.0,12531.74,False,False,False,0,False,False,False,3.9859223918575064
TSF_2025,TikTok Skin Fails,Trend Counter,Gen Z,tiktok,2025-05-01,14538.94,1105846.0,74837.0,1785.0,72824.37,False,False,False,0,False,False,False,0.9731064847602121
PL_2025,Product Launch,Product Launch,Seniors,linkedin,2025-03-16,9092.19,105497.0,7139.0,270.0,33925.18,False,False,False,0,False,False,False,4.752091329317832
AAR_2025,Anti-Aging Routine,Product Education,Young Adults,youtube,2025-06-05,3141.87,45374.0,695.0,79.0,4317.4,False,False,False,0,False,False,False,6.212086330935251
PL_2025,Product Launch,Product Launch,Adults,instagram,2025-02-05,13228.474999999999,290648.0,25259.0,1047.0,64077.69,False,True,False,0,False,False,False,2.5368260817926283
SCA_2025,Skin Cancer Awareness,Educational Awareness,Seniors,facebook,2025-05-07,11005.1,293188.0,0.0,0.0,0.0,False,False,False,0,False,False,False,0.6426069075874439
DBB_2025,Don't Burn for Beauty,Social Impact,Gen Z,instagram,2025-07-06,15363.76,367311.0,121500.0,3361.0,98425.54,True,False,False,0,False,False,False,0.8100867489711934
PL_2025,Product Launch,Product Launch ,Adults,email,2025-03-03,36996.38,398430.0,32347.0,3964.0,451561.72,False,False,False,0,False,False,False,13.959925804556836
AAR_2025,Anti-Aging Routine,Product Education,Adults,youtube,2025-02-22,9050.92,49947.0,2738.0,517.0,45674.76,False,False,False,0,False,False,False,16.681796932067204
TSF_2025,TikTok Skin Fails,Trend Counter ,Young Adults,facebook,2025-05-08,6117.29,452699.0,22534.0,1152.0,17968.8,False,False,True,0,False,False,False,0.7974083606993876
AAR_2025,Anti-Aging Routine,Product Education,Seniors,facebook,2025-05-02,4617.58,13896.0,519.0,86.0,12371.51,False,False,False,0,False,False,False,23.837206165703275
SCA_2025,Skin Cancer Awareness,Educational Awareness,Adults,linkedin,2025-05-06,13334.08,263476.0,6320.0,110.0,2753.2,False,False,True,0,False,False,False,0.435632911392405
TSF_2025,TikTok Skin Fails,Trend Counter,Young Adults,facebook,2025-04-12,26878.47,2102180.0,462361.0,5697.0,325019.23,False,False,False,0,False,False,False,0.7029555477213691
DBB_2025,Don't Burn for Beauty,Social Impact,Young Adults,tiktok,2025-07-18,11833.21,1620927.0,99376.0,2759.0,104308.4,False,False,False,0,False,False,False,1.0496337143777168
TSF_2025,TikTok Skin Fails,Trend Counter,Young Adults,tiktok,2025-05-05,32932.38,2061040.0,83408.0,3230.0,59113.37,False,False,False,1,True,True,False,0.7087254220218684
SS_2025,Summer Sale,Seasonal Sale,Young Adults,youtube,2025-06-27,5315.27,134663.0,0.0,0.0,0.0,False,False,False,0,False,False,False,4.652836093765778
SCA_2025,Skin Cancer Awareness,Educational Awareness,Young Adults,instagram,2025-05-17,12878.92,504841.0,6558.0,73.0,2378.64,False,False,False,0,False,False,False,0.362708142726441
BF_2025,Black Friday,Seasonal Sale,Young Adults,tiktok,2025-11-22,10050.97,173188.0,7789.0,842.0,50946.94,False,False,False,0,False,False,False,6.540883296957248
AAR_2025,Anti-Aging Routine,Product Education,Seniors,email,2025-04-28,4942.21,20742.0,0.0,0.0,0.0,False,False,False,0,False,False,False,36.645781081712364
SS_2025,Summer Sale,Seasonal Sale,Young Adults,facebook,2025-07-04,5437.65,116170.0,7783.0,451.0,19122.02,False,False,False,0,False,False,False,2.4568957985352693
DBB_2025,Don't Burn for Beauty,Social Impact,Young Adults,instagram,2025-07-03,2037.59,121708.0,5978.0,318.0,13756.48,False,False,False,0,False,False,False,2.3011843425894947
SS_2025,Summer Sale,Seasonal Sale,Parents,email,2025-07-09,4064.54,32373.0,2729.0,600.0,35464.39,False,False,False,0,False,False,False,12.995379259802124
PL_2025,Product Launch,Product Launch,Seniors,linkedin,2025-03-26,17851.4,164154.0,6628.0,617.0,55409.47,False,False,False,0,False,False,False,8.359907966203984
BF_2025,Black Friday,Seasonal Sale,Young Adults,facebook,2025-12-05,16960.34,156729.0,9121.0,1241.0,58993.08,False,False,False,0,False,False,False,6.46783028176735
AAR_2025,Anti-Aging Routine,Product Education,Adults,linkedin,2025-02-19,2966.29,16069.0,903.0,144.0,9833.13,False,False,False,0,False,False,False,10.88940199335548
SS_2025,Summer Sale,Seasonal Sale,Young Adults,email,2025-05-29,4217.84,83314.0,0.0,0.0,0.0,False,False,False,0,False,False,False,14.187154185022026
SS_2025,Summer Sale,Seasonal Sale,Young Adults,email,2025-06-01,7552.69,31945.0,1592.0,795.0,46369.42,False,False,False,0,False,False,False,29.12652010050251
PL_2025,Product Launch,Product Launch,Young Adults,instagram,2025-03-11,23003.1,723541.0,32295.0,1622.0,154274.19,False,False,False,0,False,False,False,4.777030190431955
AAR_2025,Anti-Aging Routine,Product Education ,Young Adults,facebook,2025-01-25,4121.8,32076.0,866.5,88.0,8496.76,False,False,False,1,True,True,False,9.805839584535487
SS_2025,Summer Sale,Seasonal Sale,Adults,email,2025-07-23,4444.65,73429.0,8369.0,2336.0,99377.78,False,False,False,0,False,False,False,11.8745106942287
DBB_2025,Don't Burn for Beauty,Social Impact,Gen Z,tiktok,2025-07-30,7193.52,561355.0,61120.0,668.0,21433.87,False,False,False,0,False,False,False,0.3506850458115183
SS_2025,Summer Sale,Seasonal Sale,Gen Z,youtube,2025-07-22,10761.83,417747.0,14558.0,1206.0,53429.54,False,False,False,0,False,False,False,3.6701154004670973
AAR_2025,Anti-Aging Routine,Product Education,Seniors,facebook,2025-05-08,3798.79,23324.0,436.0,137.0,10739.44,False,False,False,0,False,False,False,24.631743119266055
DBB_2025,Don't Burn for Beauty,Social Impact,Gen Z,instagram,2025-06-30,38274.94,1011611.0,42668.0,738.0,18438.5,False,False,False,0,False,False,False,0.4321388394112684
TSF_2025,TikTok Skin Fails,Trend Counter ,Gen Z,tiktok,2025-05-03,33146.71,5743652.0,248073.0,25155.0,821987.83,False,False,False,0,False,False,False,3.3134917141325335
AAR_2025,Anti-Aging Routine,Product Education,Adults,email,2025-03-31,3106.43,6539.0,206.0,77.0,7549.0,False,False,False,0,False,False,True,36.645781081712364
TSF_2025,TikTok Skin Fails,Trend Counter,Young Adults,facebook,2025-05-06,15096.17,756827.0,13891.0,1233.0,22074.42,False,False,False,0,False,False,False,1.589116694262472
SS_2025,Summer Sale,Seasonal Sale,Parents,instagram,2025-07-06,4122.95,78965.0,3293.0,184.0,12682.57,False,False,False,0,False,False,False,3.8513726085636195
NF_2025,Nature First,Brand Image,Gen Z,youtube,2025-05-04,5203.46,122354.0,3629.0,26.0,1161.95,False,False,False,0,False,False,False,0.32018462386332325
PL_2025,Product Launch,Product Launch,Seniors,linkedin,2025-03-30,16644.36,183516.0,5280.0,517.0,42191.37,False,False,False,0,False,False,False,7.990789772727274
TSF_2025,TikTok Skin Fails,Trend Counter,Gen Z,tiktok,2025-05-02,7341.18,1228284.0,80019.0,3847.0,192296.89,False,False,False,0,False,False,False,2.4031403791599497
SS_2025,Summer Sale,Seasonal Sale,Parents,instagram,2025-06-25,5112.86,27967.0,1201.0,191.0,12063.03,False,False,False,0,False,False,False,10.044154870940883
SS_2025,Summer Sale,Seasonal Sale,Gen Z,tiktok,2025-07-03,10607.61,579815.0,24398.0,2079.0,117617.25,False,False,False,0,False,False,False,4.820774243790475
AAR_2025,Anti-Aging Routine,Product Education,Seniors,linkedin,2025-04-20,4026.9849999999997,29951.0,739.0,208.0,25179.67,False,True,False,0,False,False,False,34.07262516914749
TSF_2025,TikTok Skin Fails,Trend Counter,Gen Z,youtube,2025-04-14,10028.11,971891.0,123588.0,4221.0,228761.74,False,False,False,0,False,False,False,1.8510028481729617
HP_2025,Holiday Prep,Seasonal Education,Parents,instagram,2025-02-11,4140.63,36201.0,1449.0,494.0,38462.18,False,False,False,0,False,False,False,26.543947550034506
PL_2025,Product Launch,Product Launch,Adults,instagram,2025-02-01,14114.3,154429.0,2113.0,80.0,6428.65,False,False,False,0,False,False,False,3.0424278277330807
AAR_2025,Anti-Aging Routine,Product Education,Adults,email,2025-01-27,2539.8,5672.0,0.0,0.0,0.0,False,False,False,0,False,False,False,36.645781081712364
AAR_2025,Anti-Aging Routine,Product Education,Young Adults,email,2025-02-22,4739.73,13944.0,211.0,52.0,3472.11,False,False,False,0,False,False,False,16.455497630331752
PL_2025,Product Launch,Product Launch,Adults,email,2025-01-18,6798.61,55945.0,2725.0,260.0,29203.48,False,False,False,0,False,False,False,10.716873394495412
NF_2025,Nature First,Brand Image,Parents,email,2025-03-18,7224.18,25460.0,1218.5,87.0,8326.7,False,False,False,1,True,True,False,6.833565859663521
AAR_2025,Anti-Aging Routine,Product Education,Young Adults,facebook,2025-03-14,5441.88,32329.0,877.0,70.0,6482.42,False,False,False,0,False,False,False,7.3915849486887115
SS_2025,Summer Sale,Seasonal Sale,Young Adults,youtube,2025-06-25,6215.530000000001,164327.0,8903.0,2256.0,101337.81,False,True,False,0,False,False,False,11.382434011007525
TSF_2025,TikTok Skin Fails,Trend Counter,Gen Z,youtube,2025-04-22,16407.46,2230682.0,37275.0,1270.0,20346.13,False,False,False,0,False,False,False,0.5458384976525822
HP_2025,Holiday Prep,Seasonal Education,Parents,email,2025-11-13,3860.34,6848.0,0.0,0.0,0.0,False,False,False,0,False,False,False,38.62635338345865
NF_2025,Nature First,Brand Image,Young Adults,instagram,2025-04-28,4746.89,53343.0,1479.0,6.0,562.79,False,False,False,0,False,False,False,0.38052062204192016
SS_2025,Summer Sale,Seasonal Sale,Parents,email,2025-07-11,6489.05,48977.0,4211.0,871.0,33260.87,False,False,False,0,False,False,False,7.89856803609594
AAR_2025,Anti-Aging Routine,Product Education,Seniors,linkedin,2025-04-25,3853.93,6685.0,110.0,30.0,4107.68,False,False,False,0,False,False,False,37.34254545454546
PL_2025,Product Launch,Product Launch,Young Adults,facebook,2025-03-27,8610.88,462322.0,43879.0,972.0,65373.44,False,False,False,0,False,False,False,1.489857107044372
AAR_2025,Anti-Aging Routine,Product Education,Young Adults,youtube,2025-01-30,9528.48,182597.0,4232.0,756.0,72793.18,False,False,False,0,False,False,False,17.200656899810962
NF_2025,Nature First,Brand Image,Young Adults,youtube,2025-04-18,3895.16,175780.0,4700.0,95.0,6515.59,False,False,True,0,False,False,False,1.386295744680851
AAR_2025,Anti-Aging Routine, Product Education,Adults,linkedin,2025-03-25,4026.9849999999997,22717.0,1277.0,373.0,33295.92,False,True,False,0,False,False,False,26.073547376664056
TSF_2025,TikTok Skin Fails,Trend Counter,Gen Z,tiktok,2025-03-22,99375.8,6546752.0,362965.0,3984.0,215964.79,False,False,False,0,False,False,False,0.5950016943782459
TSF_2025,TikTok Skin Fails,Trend Counter,Gen Z,instagram,2025-04-30,16623.07,1417749.0,60315.0,4092.0,86847.93,False,False,False,0,False,False,False,1.4399059935339467
TSF_2025,TikTok Skin Fails,Trend Counter,Young Adults,tiktok,2025-06-03,5270.6,466039.0,13817.0,1902.0,70212.03,False,False,True,0,False,False,False,5.0815683578200765
NF_2025,Nature First,Brand Image,Parents,email,2025-03-16,3446.82,22460.0,1218.0,83.0,6627.09,True,False,False,0,False,False,False,5.440960591133005
NF_2025,Nature First,Brand Image,Gen Z,instagram,2025-04-22,6620.71,83118.0,5629.0,39.0,2463.49,False,False,False,0,False,False,False,0.43764256528690704
AAR_2025,Anti-Aging Routine,Product Education,Adults,facebook,2025-04-13,2931.9,21557.0,390.0,49.0,4321.62,False,False,False,0,False,False,False,11.081076923076923
NF_2025,Nature First,Brand Image,Parents,facebook,2025-04-24,7625.9,67201.0,2791.0,32.0,3011.41,False,False,False,0,False,False,False,1.0789716947330705
BF_2025,Black Friday,Seasonal Sale,Gen Z,instagram,2025-11-19,1115.18,19641.0,2339.0,207.0,7976.03,False,False,False,0,False,False,False,3.4100171013253524
SS_2025,Summer Sale,Seasonal Sale,Adults,facebook,2025-07-06,4519.97,34217.0,996.0,110.0,8010.72,False,False,False,0,False,False,False,8.04289156626506
TSF_2025,TikTok Skin Fails,Trend Counter,Gen Z,instagram,2025-05-10,8996.31,573820.0,19413.0,1375.0,41596.03,False,False,True,0,False,False,False,2.1426894349147476
PL_2025,Product Launch,Product Launch,Young Adults,facebook,2025-02-18,13892.17,205609.0,33022.0,911.0,80998.9,True,False,False,0,False,False,False,2.4528768699654773
PL_2025,Product Launch,Product Launch,Seniors,facebook,2025-02-08,7037.98,91255.0,0.0,0.0,0.0,False,False,False,0,False,False,False,3.2963992219790907
NF_2025,Nature First,Brand Image,Young Adults,linkedin,2025-03-31,4148.5,40853.0,1228.0,30.0,2126.49,False,False,False,0,False,False,False,1.7316693811074917
NF_2025,Nature First,Brand Image,Gen Z,youtube,2025-03-17,3802.04,44147.0,2188.0,29.0,1406.73,False,False,False,0,False,False,False,0.6429296160877513
PL_2025,Product Launch,Product Launch,Young Adults,youtube,2025-02-20,12451.685,602335.0,21280.0,1429.0,133389.22,False,True,False,0,False,False,False,6.268290413533834
PL_2025,Product Launch,Product Launch,Young Adults,tiktok,2025-03-18,18703.65,815768.0,35327.0,262.0,26685.36,False,False,False,0,False,False,False,0.755381436295185
AAR_2025,Anti-Aging Routine,Product Education,Adults,youtube,2025-03-09,3360.69,54770.0,3118.0,292.0,103253.08,False,False,True,0,False,False,False,33.11516356638871
AAR_2025,Anti-Aging Routine,Product Education,Seniors,email,2025-04-30,5501.85,9083.0,459.0,193.0,15382.36,False,False,False,0,False,False,False,33.512766884531594
SS_2025,Summer Sale,Seasonal Sale,Adults,linkedin,2025-06-13,4117.05,55685.0,1873.0,360.0,18940.89,False,False,False,0,False,False,False,10.112594767752269
DBB_2025,Don't Burn for Beauty,Social Impact,Adults,youtube,2025-08-13,5901.11,526978.0,17926.0,358.0,12666.73,False,False,False,0,False,False,False,0.7066121834207296
NF_2025,Nature First,Brand Image,Young Adults,linkedin,2025-03-06,4895.09,45727.0,1625.0,32.0,1946.51,False,False,False,0,False,False,False,1.1978523076923078
TSF_2025,TikTok Skin Fails,Trend Counter,Young Adults,instagram,2025-05-21,9915.97,817956.0,24634.0,410.0,23642.7,False,False,False,0,False,False,False,0.9597588698546724
NF_2025,Nature First,Brand Image,Gen Z,instagram,2025-04-26,7103.59,74061.0,2063.0,26.0,1380.64,True,False,False,0,False,False,False,0.6692389723703345
PL_2025,Product Launch,Product Launch,Young Adults,youtube,2025-03-24,12410.98,402891.0,12414.0,403.0,25172.14,False,False,False,0,False,False,False,2.0277219268567745
AAR_2025,Anti-Aging Routine,Product Education,Young Adults,facebook,2025-05-31,4597.94,29759.0,617.0,77.0,6935.11,False,False,False,0,False,False,False,11.240048622366288
AAR_2025,Anti-Aging Routine,Product Education,Young Adults,email,2025-04-25,4569.6,14389.0,1512.0,201.0,18794.44,False,False,False,0,False,False,False,12.430185185185184
SS_2025,Summer Sale,Seasonal Sale,Parents,facebook,2025-07-20,4898.73,31148.0,1445.0,387.0,3252.33,False,True,True,0,False,False,False,2.2507474048442906
HP_2025,Holiday Prep,Seasonal Education,Adults,email,2025-11-26,4891.79,21076.0,3444.0,2598.0,145381.48,False,False,False,0,False,False,False,42.21297328687573
DBB_2025,Don't Burn for Beauty,Social Impact,Young Adults,facebook,2025-07-17,5836.03,220811.0,7848.0,110.0,4072.05,False,False,False,0,False,False,False,0.5188646788990826
HP_2025,Holiday Prep,Seasonal Education,Seniors,email,2025-11-07,3648.11,6941.0,563.0,387.0,24209.44,False,False,False,0,False,False,False,43.00078152753108
DBB_2025,Don't Burn for Beauty,Social Impact,Young Adults,tiktok,2025-06-26,4521.79,244676.0,13624.0,210.0,8771.06,False,False,False,0,False,False,False,0.6437947739283617
AAR_2025,Anti-Aging Routine,Product Education,Seniors,facebook,2025-02-05,2904.68,13802.0,502.0,178.0,28080.94,False,False,False,0,False,False,False,55.93812749003984
AAR_2025,Anti-Aging Routine,Product Education,Young Adults,facebook,2025-02-20,6672.01,30707.0,2206.0,740.0,54560.58,False,False,False,0,False,False,False,24.73281051677244
TSF_2025,TikTok Skin Fails,Trend Counter,Young Adults,instagram,2025-04-10,3077.56,246075.0,16741.0,252.0,10020.41,False,False,False,0,False,False,False,0.5985550445015232
SS_2025,Summer Sale,Seasonal Sale,Parents,email,2025-07-19,6199.03,29563.0,3251.0,333.0,14298.74,False,False,False,0,False,False,False,4.398258997231621
PL_2025,Product Launch,Product Launch,Young Adults,instagram,2025-03-13,52833.97,731057.0,40800.0,3508.0,313195.17,False,False,False,0,False,False,False,7.676352205882353
AAR_2025,Anti-Aging Routine,Product Education,Seniors,facebook,2025-05-06,4839.68,22490.0,496.0,46.0,5091.41,False,False,False,0,False,False,False,10.264939516129031
NF_2025,Nature First,Brand Image,Young Adults,youtube,2025-03-15,6386.65,74844.0,2565.0,115.0,9993.88,False,False,False,0,False,False,False,3.896249512670565
AAR_2025,Anti-Aging Routine,Product Education,Seniors,linkedin,2025-03-31,2922.37,7383.0,487.0,103.0,12163.8,False,False,False,1,True,True,False,24.977002053388087
AAR_2025,Anti-Aging Routine,Product Education,Seniors,email,2025-05-13,4381.11,10281.0,1509.0,676.0,94771.68,False,False,False,0,False,False,False,62.80429423459244
AAR_2025,Anti-Aging Routine,Product Education,Young Adults,youtube,2025-05-10,5174.67,60487.0,634.0,197.0,20804.88,False,False,False,0,False,False,False,32.815268138801265
SCA_2025,Skin Cancer Awareness,Educational Awareness,Seniors,youtube,2025-05-31,7435.47,443710.0,11536.0,126.0,4675.6,False,False,False,0,False,False,False,0.40530513176144245
BF_2025,Black Friday,Seasonal Sale,Adults,linkedin,2025-11-23,11186.97,146304.0,5831.0,1793.0,98403.99,False,False,False,0,False,False,False,16.87600583090379
AAR_2025,Anti-Aging Routine,Product Education,Adults,facebook,2025-04-01,4198.37,29004.0,636.0,161.0,14688.87,False,False,True,0,False,False,False,23.095707547169813
TSF_2025,TikTok Skin Fails,Trend Counter,Gen Z,instagram,2025-03-16,6722.27,427785.0,0.0,0.0,0.0,False,False,False,0,False,False,False,1.4698740423386454
AAR_2025,Anti-Aging Routine,Product Education,Adults,email,2025-04-22,5054.17,15832.0,771.0,162.0,20517.91,False,False,False,0,False,False,False,26.61207522697795
SS_2025,Summer Sale,Seasonal Sale,Gen Z,tiktok,2025-06-21,3038.19,197281.0,11692.0,369.0,21013.43,False,False,False,0,False,False,False,1.7972485460143688
BF_2025,Black Friday,Seasonal Sale,Parents,email,2025-12-04,18257.97,118860.0,9737.0,7383.0,456342.56,False,False,False,0,False,False,False,46.8668542672281
AAR_2025,Anti-Aging Routine,Product Education,Young Adults,instagram,2025-02-20,4521.86,26258.0,1716.0,343.0,36127.0,False,False,False,0,False,False,False,21.053030303030305
AAR_2025,Anti-Aging Routine,Product Education,Adults,linkedin,2025-04-21,2419.87,17356.0,754.0,96.0,14606.72,False,False,True,0,False,False,False,19.372307692307693
TSF_2025,TikTok Skin Fails,Trend Counter,Young Adults,youtube,2025-04-20,5271.76,442760.0,0.0,0.0,0.0,False,False,False,0,False,False,False,1.2136772700374119
AAR_2025,Anti-Aging Routine,Product Education,Young Adults,email,2025-01-27,4637.45,17261.0,601.0,181.0,13998.46,False,False,False,0,False,False,False,23.291946755407654
SS_2025,Summer Sale,Seasonal Sale,Young Adults,youtube,2025-07-25,6523.17,110686.0,5525.0,689.0,33872.31,False,False,False,0,False,False,False,6.130734841628959
DBB_2025,Don't Burn for Beauty,Social Impact,Gen Z,youtube,2025-07-12,18796.53,1279326.0,75342.0,808.0,21398.8,False,False,False,0,False,False,False,0.28402219213718777
TSF_2025,TikTok Skin Fails,Trend Counter,Young Adults,tiktok,2025-06-05,43799.99,5694031.0,746955.0,21182.0,847657.75,False,False,False,0,False,False,False,1.1348176931675937
HP_2025,Holiday Prep,Seasonal Education,Seniors,email,2025-11-01,4467.83,6371.0,1337.5,1107.0,122197.37,False,False,False,1,True,True,False,91.36251962616822
TSF_2025,TikTok Skin Fails,Trend Counter,Young Adults,facebook,2025-03-15,8129.98,804603.0,21187.0,693.0,40652.12,False,False,False,0,False,False,False,1.9187294095435883
DBB_2025,Don't Burn for Beauty,Social Impact,Adults,facebook,2025-07-14,3572.54,61363.0,3173.0,184.0,5909.11,False,False,False,0,False,False,False,1.8623101166088873
NF_2025,Nature First,Brand Image,Parents,email,2025-05-17,3181.19,16832.0,874.0,60.5,1906.89,False,False,True,0,False,False,False,2.181796338672769
PL_2025,Product Launch,Product Launch,Young Adults,facebook,2025-02-23,10085.07,219863.0,10751.0,178.0,18239.27,False,False,False,0,False,False,False,1.6965184633987536
NF_2025,Nature First,Brand Image,Parents,facebook,2025-04-16,5297.74,37109.0,789.0,26.0,2070.42,False,False,False,0,False,False,False,2.624106463878327
AAR_2025,Anti-Aging Routine,Product Education,Seniors,facebook,2025-04-21,2369.07,24022.0,484.0,192.0,15418.63,False,False,False,0,False,False,False,31.856673553719006
SS_2025,Summer Sale,Seasonal Sale,Young Adults,email,2025-11-05,9513.41,80505.0,6925.0,1390.0,73031.08,False,False,False,0,False,False,False,10.546004332129964
AAR_2025,Anti-Aging Routine,Product Education,Seniors,facebook,2025-02-15,3277.66,8574.0,205.0,73.0,8230.81,False,False,False,0,False,False,False,40.150292682926825
SCA_2025,Skin Cancer Awareness,Educational Awareness,Adults,facebook,2025-05-05,12856.64,351894.0,15925.0,126.0,5279.93,False,False,False,0,False,False,False,0.3315497645211931
HP_2025,Holiday Prep,Seasonal Education,Parents,instagram,2025-11-12,3567.44,23025.0,660.0,203.0,15007.7,False,False,False,0,False,False,False,22.738939393939393
SS_2025,Summer Sale,Seasonal Sale,Young Adults,youtube,2025-05-29,2961.01,101494.0,3738.0,273.0,11714.77,False,False,False,0,False,False,False,3.133967362225789
TSF_2025,TikTok Skin Fails,Trend Counter,Gen Z,instagram,2025-03-26,4499.54,404152.0,7332.0,200.0,4849.32,False,False,False,0,False,False,False,0.6613911620294599
AAR_2025,Anti-Aging Routine,Product Education,Seniors,email,2025-01-11,4305.99,12132.0,417.0,103.0,15923.59,False,False,False,0,False,False,False,38.18606714628297
TSF_2025,TikTok Skin Fails,Trend Counter,Gen Z,youtube,2025-04-17,6807.6,447104.0,69022.0,4236.0,99804.56,False,False,False,0,False,False,False,1.445981860855959
SS_2025,Summer Sale,Seasonal Sale,Young Adults,instagram,2025-06-20,7303.91,136879.0,13732.0,1604.0,88962.35,False,False,False,0,False,False,False,6.478469997087096
NF_2025,Nature First,Brand Image,Gen Z,instagram,2025-04-18,6892.2,172591.0,4714.0,110.0,6716.05,False,False,False,0,False,False,False,1.424703012303776
AAR_2025,Anti-Aging Routine,Product Education,Adults,facebook,2025-01-02,5308.12,21157.0,498.0,186.0,18795.14,False,False,False,0,False,False,False,37.74124497991968
PL_2025,Product Launch,Product Launch,Adults,facebook,2025-03-16,24189.77,272922.0,10968.0,257.0,24194.24,False,False,False,0,False,False,False,2.205893508388038
AAR_2025,Anti-Aging Routine,Product Education,Seniors,email,2025-01-27,4807.01,13070.0,211.0,87.0,7408.31,False,False,False,0,False,False,False,35.11047393364929
SS_2025,Summer Sale,Seasonal Sale,Parents,email,2025-07-25,5350.37,22435.0,1896.0,495.0,20254.83,False,False,False,0,False,False,False,10.682927215189874
SS_2025,Summer Sale,Seasonal Sale,Gen Z,youtube,2025-05-30,5259.68,148858.0,4137.0,192.0,7691.28,False,False,False,0,False,False,False,1.8591443074691805
AAR_2025,Anti-Aging Routine,Product Education,Adults,facebook,2025-01-22,4421.28,21301.0,359.0,161.0,3198.47,False,False,True,0,False,False,False,8.909387186629527
TSF_2025,TikTok Skin Fails,Trend Counter,Young Adults,instagram,2025-04-20,55202.36,1637456.0,43910.0,828.0,42008.39,False,False,False,0,False,False,False,0.9566930084263265
TSF_2025,TikTok Skin Fails,Trend Counter,Gen Z,youtube,2025-03-25,11095.86,1099290.0,78244.0,6653.0,235618.85,True,False,False,0,False,False,False,3.0113344154184345
DBB_2025,Don't Burn for Beauty,Social Impact,Gen Z,instagram,2025-07-14,20207.76,1352676.0,90173.0,2582.0,92889.03,False,False,False,0,False,False,False,1.0301202133676377
NF_2025,Nature First,Brand Image,Gen Z,instagram,2025-03-14,9092.65,99168.0,3774.0,109.0,9593.06,False,False,False,0,False,False,False,2.5418812930577634
SCA_2025,Skin Cancer Awareness,Educational Awareness,Young Adults,instagram,2025-05-24,19389.99,1286776.0,39923.0,784.0,29004.64,False,False,False,0,False,False,False,0.7265145404904441
DBB_2025,Don't Burn for Beauty,Social Impact ,Young Adults,youtube,2025-07-20,6551.26,203882.0,14320.0,627.0,26264.35,False,False,False,0,False,False,False,1.8341026536312848
TSF_2025,TikTok Skin Fails,Trend Counter,Gen Z,instagram,2025-05-22,5868.43,753540.0,62157.0,1375.0,89963.72,False,False,True,0,False,False,False,1.4473626462023585
SS_2025,Summer Sale,Seasonal Sale,Gen Z,tiktok,2025-07-25,4499.76,228025.0,4061.0,627.0,6227.58,False,False,True,0,False,False,False,1.5335089879340065
NF_2025,Nature First,Brand Image,Young Adults,instagram,2025-05-17,11057.89,124032.0,6970.0,146.0,7738.34,False,False,False,0,False,False,False,1.110235294117647
AAR_2025,Anti-Aging Routine,Product Education,Adults,email,2025-04-01,5380.57,37571.0,3949.0,603.0,76282.67,False,False,False,0,False,False,False,19.316958723727524
AAR_2025,Anti-Aging Routine,Product Education,Adults,youtube,2025-01-23,5373.86,94201.0,0.0,0.0,0.0,False,False,False,0,False,False,False,14.135952140908914
NF_2025,Nature First,Brand Image,Gen Z,instagram,2025-03-23,3566.68,34382.0,792.0,7.0,481.25,False,False,False,0,False,False,False,0.6076388888888888
SS_2025,Summer Sale,Seasonal Sale,Parents,email,2025-07-27,2627.6,30956.0,3662.0,724.0,159226.66,False,False,False,0,False,False,False,43.480791916985254
TSF_2025,TikTok Skin Fails,Trend Counter,Young Adults,facebook,2025-06-06,6787.85,269280.0,14212.0,485.0,29061.61,False,False,False,0,False,False,False,2.044864199268224
TSF_2025,TikTok Skin Fails,Trend Counter,Young Adults,youtube,2025-03-25,6604.27,545249.0,35916.0,1237.0,41402.95,False,False,False,0,False,False,False,1.1527717451832051
TSF_2025,TikTok Skin Fails,Trend Counter,Young Adults,instagram,2025-05-25,9357.4,322392.0,7390.0,550.0,10862.0,False,False,False,0,False,False,True,1.4698740423386454
NF_2025,Nature First,Brand Image,Young Adults,linkedin,2025-03-24,4623.04,42609.0,956.0,21.0,1736.3,False,False,False,0,False,False,False,1.8162133891213388
AAR_2025,Anti-Aging Routine,Product Education,Young Adults,facebook,2025-01-21,6743.38,103096.0,4210.0,1157.0,77178.0,False,False,False,0,False,False,True,18.332014213994107
DBB_2025,Don't Burn for Beauty,Social Impact,Adults,facebook,2025-07-05,6517.19,189393.0,9486.0,231.0,10752.06,False,False,False,1,True,True,False,1.1334661606578114
SS_2025,Summer Sale,Seasonal Sale,Young Adults,email,2025-06-22,8706.21,25308.0,1365.0,294.0,16674.55,False,False,False,0,False,False,False,12.215787545787546
AAR_2025,Anti-Aging Routine,Product Education,Adults,email,2025-05-12,3737.44,16188.0,514.0,130.0,14002.91,False,False,False,0,False,False,False,27.243015564202334
NF_2025,Nature First,Brand Image,Parents,email,2025-04-30,3249.63,7262.0,442.0,6.0,522.12,False,False,False,0,False,False,False,1.181266968325792
SS_2025,Summer Sale,Seasonal Sale,Adults,email,2025-05-22,7903.72,59728.0,7500.0,1384.0,80673.25,False,False,False,0,False,False,False,10.756433333333334
AAR_2025,Anti-Aging Routine,Product Education,Adults,linkedin,2025-02-12,6323.28,25962.0,423.0,59.0,4500.85,False,False,False,0,False,False,False,10.640307328605202
AAR_2025,Anti-Aging Routine,Product Education,Young Adults,email,2025-04-03,4685.24,13055.0,1903.0,316.0,16643.06,False,False,False,0,False,False,False,8.74569626904887
BF_2025,Black Friday,Seasonal Sale,Parents,instagram,2025-11-19,5504.84,59662.0,2314.0,173.0,12534.76,False,False,False,0,False,False,False,5.416923076923077
PL_2025,Product Launch,Product Launch,Seniors,facebook,2025-03-14,14872.01,152165.0,2395.0,215.0,15926.1,False,False,False,0,False,False,False,6.64972860125261
AAR_2025,Anti-Aging Routine,Product Education,Adults,linkedin,2025-05-11,3201.45,17374.0,772.0,98.0,9663.43,False,False,False,0,False,False,False,12.517396373056995
BF_2025,Black Friday,Seasonal Sale,Young Adults,instagram,2025-12-01,5691.4,142319.0,6900.0,3939.0,259262.79,False,False,False,0,False,False,False,37.57431739130435
TSF_2025,TikTok Skin Fails,Trend Counter,Young Adults,facebook,2025-04-25,4040.23,125823.0,3852.0,158.0,6694.83,False,False,False,0,False,False,False,1.7380140186915887
NF_2025,Nature First,Brand Image,Young Adults,instagram,2025-03-30,6868.96,147189.0,5365.0,74.0,3984.99,False,False,False,0,False,False,False,0.7427753960857408
SS_2025,Summer Sale,Seasonal Sale,Adults,linkedin,2025-05-24,7094.84,46272.0,1673.0,313.0,20611.81,False,False,False,0,False,False,False,12.32026897788404
AAR_2025,Anti-Aging Routine,Product Education,Adults,email,2025-01-24,6601.96,6756.0,304.0,204.0,24238.05,False,False,False,0,False,False,False,79.73042763157895
SS_2025,Summer Sale,Seasonal Sale,Young Adults,youtube,2025-05-16,6933.25,161499.0,7235.0,1550.0,61949.86,False,False,False,0,False,False,False,8.562523842432618
HP_2025,Holiday Prep,Seasonal Education,Seniors,facebook,2025-11-11,4828.97,36185.0,1845.0,569.0,62285.31,False,False,False,0,False,False,False,33.7589756097561
NF_2025,Nature First,Brand Image,Young Adults,instagram,2025-04-18,5938.53,100347.0,3107.0,78.0,5809.02,False,False,False,0,False,False,False,1.8696556163501772
PL_2025,Product Launch,Product Launch,Seniors,linkedin,2025-02-02,10320.5,71581.0,2645.0,37.0,4489.69,False,False,False,0,False,False,False,1.6974253308128542
PL_2025,Product Launch,Product Launch,Seniors,email,2025-01-27,5221.74,24553.0,1602.0,490.0,11552.94,False,False,True,0,False,False,False,7.211573033707865
NF_2025,Nature First,Brand Image,Parents,facebook,2025-04-22,3009.43,73376.0,4859.0,47.0,6852.41,False,False,True,0,False,False,False,1.4102510804692323
TSF_2025,TikTok Skin Fails,Trend Counter,Young Adults,tiktok,2025-05-26,24152.03,1481927.0,75117.0,3935.0,179694.39,False,False,False,0,False,False,False,2.3921933783298055
AAR_2025,Anti-Aging Routine,Product Education,Adults,facebook,2025-01-27,5521.8,29538.0,586.0,75.0,6952.68,False,False,False,0,False,False,False,11.864641638225256
BF_2025,Black Friday,Seasonal Sale,Parents,facebook,2025-11-20,8176.07,83210.0,4360.0,672.0,55819.83,False,False,False,0,False,False,False,12.802713302752293
SCA_2025,Skin Cancer Awareness,Educational Awareness,Adults,linkedin,2025-05-24,6346.4,216257.0,4021.0,66.0,2018.79,False,False,False,0,False,False,False,0.5020616761999502
PL_2025,Product Launch,Product Launch,Adults,instagram,2025-01-24,8111.34,221254.0,9066.0,327.0,32281.65,False,False,False,0,False,False,False,3.5607379219060227
PL_2025,Product Launch,Product Launch,Seniors,facebook,2025-01-27,7034.67,54794.0,0.0,0.0,0.0,False,False,False,0,False,False,False,3.2963992219790907
SS_2025,Summer Sale,Seasonal Sale,Adults,email,2025-06-25,4639.54,42162.0,4311.0,332.0,19572.25,False,False,False,0,False,False,False,4.540071909069821
TSF_2025,TikTok Skin Fails,Trend Counter,Gen Z,youtube,2025-03-28,84293.55,7590723.0,835766.0,13752.0,224819.64,False,False,False,0,False,False,False,0.268998308138881
NF_2025,Nature First,Brand Image,Parents,facebook,2025-05-26,9705.16,71367.0,2231.0,105.0,7757.22,False,False,False,0,False,False,False,3.4770147915732856
TSF_2025,TikTok Skin Fails,Trend Counter,Gen Z,youtube,2025-03-15,24698.08,1099290.0,316263.0,7633.0,102636.74,True,False,False,0,False,False,False,0.3245297110316414
PL_2025,Product Launch,Product Launch,Seniors,facebook,2025-02-15,17013.06,182550.0,5070.0,120.0,9284.34,False,False,False,0,False,False,False,1.8312307692307692
PL_2025,Product Launch,Product Launch,Young Adults,instagram,2025-02-17,45174.87,636931.0,38014.0,1032.0,63341.6,False,False,False,0,False,False,False,1.6662703214605146
PL_2025,Product Launch,Product Launch,Young Adults,instagram,2025-03-17,13228.474999999999,1349915.0,71547.0,2141.0,220060.75,False,True,False,0,False,False,False,3.0757509049995106
TSF_2025,TikTok Skin Fails,Trend Counter,Gen Z,tiktok,2025-04-30,17389.44,1704322.0,153864.0,309.0,7862.63,False,False,False,0,False,False,False,0.051101167264597305
SS_2025,Summer Sale,Seasonal Sale,Parents,email,2025-07-12,9138.71,81168.0,5416.0,2346.0,114709.17,False,False,False,0,False,False,False,21.179684268833086
SS_2025,Summer Sale,Seasonal Sale,Parents,email,2025-06-26,2926.26,20788.0,2213.0,712.0,52803.12,False,False,False,0,False,False,False,23.86042476276548
AAR_2025,Anti-Aging Routine,Product Education,Adults,youtube,2025-04-11,6129.8,68763.0,1515.0,588.0,53487.81,False,False,False,0,False,False,False,35.30548514851485
NF_2025,Nature First, Brand Image,Young Adults,instagram,2025-06-01,3541.46,39338.0,1464.0,48.0,3906.63,False,False,False,0,False,False,False,2.6684631147540983
AAR_2025,Anti-Aging Routine,Product Education,Adults,youtube,2025-02-17,4624.36,75393.0,2669.0,716.0,78436.86,False,False,False,0,False,False,False,29.388107905582615
HP_2025,Holiday Prep,Seasonal Education,Adults,instagram,2025-11-21,6427.68,41791.0,1235.0,613.0,38956.04,False,False,False,0,False,False,False,31.54335222672065
AAR_2025,Anti-Aging Routine,Product Education,Seniors,email,2025-05-24,2619.05,5632.0,213.0,62.0,6899.87,False,False,False,0,False,False,False,32.3937558685446
AAR_2025,Anti-Aging Routine,Product Education,Adults,linkedin,2025-02-27,4607.58,25015.0,1429.0,823.0,100820.64,False,False,False,0,False,False,False,70.55328201539538
AAR_2025,Anti-Aging Routine,Product Education,Seniors,email,2025-03-29,4630.48,7718.0,210.0,76.0,7006.12,False,False,False,0,False,False,False,33.36247619047619
PL_2025,Product Launch,Product Launch,Seniors,facebook,2025-03-20,13268.28,283964.0,6450.0,559.0,61925.46,False,False,False,0,False,False,False,9.600846511627907
AAR_2025,Anti-Aging Routine,Product Education ,Seniors,linkedin,2025-01-25,3831.96,26157.0,600.0,294.0,43796.04,False,False,False,0,False,False,False,72.99340000000001
PL_2025,Product Launch,Product Launch,Young Adults,instagram,2025-03-12,6130.06,85046.0,2824.0,106.0,9070.79,False,False,False,0,False,False,False,3.2120361189801705
TSF_2025,TikTok Skin Fails,Trend Counter,Gen Z,instagram,2025-05-27,4190.71,251552.0,7668.0,225.0,7995.61,False,False,False,0,False,False,False,1.042724308815858
AAR_2025,Anti-Aging Routine,Product Education,Seniors,facebook,2025-04-17,4426.0,39242.0,457.0,80.0,12553.07,False,False,False,0,False,False,False,27.468424507658643
TSF_2025,TikTok Skin Fails,Trend Counter,Young Adults,youtube,2025-04-21,20914.87,1696743.0,63361.0,3454.0,53140.42,False,False,False,0,False,False,False,0.8386928867915594
PL_2025,Product Launch, Product Launch,Adults,instagram,2025-01-31,23951.12,283012.0,28601.0,1106.0,113717.45,False,False,False,0,False,False,False,3.9759955945596306
NF_2025,Nature First,Brand Image,Parents,facebook,2025-04-04,3716.58,36203.0,1844.0,19.0,1350.92,False,False,False,0,False,False,False,0.7326030368763558
BF_2025,Black Friday,Seasonal Sale,Young Adults,tiktok,2025-11-26,31326.5,1879475.0,36920.0,7530.0,352523.44,False,False,False,1,True,True,False,9.548305525460455
NF_2025,Nature First,Brand Image,Gen Z,youtube,2025-03-29,9138.74,404091.0,12838.0,356.0,28676.07,False,False,False,0,False,False,False,2.2336867113257517
DBB_2025,Don't Burn for Beauty,Social Impact,Gen Z,youtube,2025-07-09,3039.67,218144.0,20716.0,1255.0,41396.52,False,False,False,0,False,False,False,1.9982873141533113
BF_2025,Black Friday,Seasonal Sale,Adults,facebook,2025-11-26,66661.97,646053.0,19599.0,1594.5,146831.12,False,False,True,0,False,False,False,7.4917659064237965
SS_2025,Summer Sale,Seasonal Sale,Gen Z,youtube,2025-07-12,11746.09,274061.0,17425.0,907.0,42695.5,False,False,False,0,False,False,False,2.4502439024390243
TSF_2025,TikTok Skin Fails,Trend Counter,Young Adults,youtube,2025-04-02,15115.96,2101561.0,209925.0,2500.0,37777.44,False,False,False,0,False,False,False,0.17995684172918902
DBB_2025,Don't Burn for Beauty,Social Impact,Gen Z,instagram,2025-07-19,4364.89,107552.0,4683.0,117.0,2986.83,False,False,False,0,False,False,False,0.6378026905829596
AAR_2025,Anti-Aging Routine,Product Education,Young Adults,instagram,2025-02-16,3103.54,39908.5,930.0,247.0,24633.45,True,False,False,0,False,False,False,26.48758064516129
PL_2025,Product Launch,Product Launch,Adults,facebook,2025-02-19,30854.67,205609.0,41735.0,2989.0,189992.24,True,False,False,0,False,False,False,4.552347909428537
SS_2025,Summer Sale,Seasonal Sale,Parents,email,2025-07-04,2709.68,12240.0,1481.0,583.0,29141.0,False,False,False,0,False,False,False,19.676569885212693
AAR_2025,Anti-Aging Routine,Product Education,Seniors,linkedin,2025-04-07,4333.36,17986.0,187.0,65.0,9126.56,False,False,False,0,False,False,False,48.80513368983957
PL_2025,Product Launch,Product Launch,Adults,youtube,2025-01-23,10462.69,357757.0,26863.0,291.0,21576.98,False,False,False,0,False,False,False,0.8032230205114842
TSF_2025,TikTok Skin Fails,Trend Counter,Young Adults,facebook,2025-03-27,11937.49,723990.0,41655.0,3165.0,106730.52,False,True,False,0,False,False,False,2.562249909974793
NF_2025,Nature First,Brand Image,Young Adults,youtube,2025-05-11,9384.5,144593.0,1666.0,48.0,3328.43,False,False,False,0,False,False,False,1.9978571428571428
AAR_2025,Anti-Aging Routine,Product Education,Seniors,linkedin,2025-02-11,3808.98,13277.0,0.0,0.0,0.0,False,False,False,0,False,False,False,22.099723046488624
TSF_2025,TikTok Skin Fails,Trend Counter,Young Adults,tiktok,2025-05-25,7094.68,546802.0,20823.0,1717.0,95587.63,False,False,False,0,False,False,False,4.5904831196273355
AAR_2025,Anti-Aging Routine,Product Education,Young Adults,instagram,2025-03-11,3609.89,18855.0,808.0,161.0,11780.26,False,False,False,0,False,False,False,14.579529702970298
AAR_2025,Anti-Aging Routine,Product Education,Young Adults,youtube,2025-02-03,6515.6,115789.0,4460.0,766.0,83675.94,False,False,False,0,False,False,False,18.761421524663678
NF_2025,Nature First,Brand Image,Young Adults,instagram,2025-04-17,4711.05,40218.0,1148.0,21.0,1127.2,False,False,False,0,False,False,False,0.9818815331010453
AAR_2025,Anti-Aging Routine,Product Education,Seniors,facebook,2025-05-20,6262.47,24110.0,875.0,186.0,21862.61,False,False,False,0,False,False,False,24.98584
HP_2025,Holiday Prep,Seasonal Education,Parents,facebook,2025-11-19,3309.43,36472.0,2764.0,563.0,47093.1,False,False,False,0,False,False,False,17.03802460202605
TSF_2025,TikTok Skin Fails,Trend Counter,Young Adults,instagram,2025-05-18,5795.56,334316.0,21411.0,751.0,11461.39,False,False,False,0,False,False,False,0.535303815795619
AAR_2025,Anti-Aging Routine,Product Education,Adults,facebook,2025-03-05,3903.23,34181.0,1540.0,552.0,62548.39,False,False,False,0,False,False,False,40.61583766233766
SS_2025,Summer Sale,Seasonal Sale,Gen Z,youtube,2025-06-06,13135.08,531298.0,53452.0,4251.0,171069.43,False,False,False,0,False,False,False,3.2004308538501833
PL_2025,Product Launch,Product Launch,Adults,facebook,2025-02-26,14810.31,325743.0,20470.0,844.0,239763.7,False,False,False,0,False,False,False,11.712931118710308
HP_2025,Holiday Prep,Seasonal Education,Seniors,email,2025-11-16,3861.97,15725.0,1760.0,420.0,33612.31,False,False,False,0,False,False,False,19.097903409090907
AAR_2025,Anti-Aging Routine,Product Education,Adults,linkedin,2025-02-28,2337.34,6345.0,0.0,0.0,0.0,False,False,False,0,False,False,False,22.099723046488624
PL_2025,Product Launch,Product Launch,Adults,facebook,2025-03-13,14479.65,493981.0,32318.0,1378.0,87185.92,False,False,False,0,False,False,False,2.697751098459063
AAR_2025,Anti-Aging Routine,Product Education,Seniors,linkedin,2025-02-10,5298.45,19285.0,386.0,60.0,8941.08,False,False,False,0,False,False,False,23.16341968911917
DBB_2025,Don't Burn for Beauty,Social Impact,Adults,linkedin,2025-07-31,2907.72,40623.0,3247.0,153.0,7521.9,False,False,False,0,False,False,False,2.3165691407453033
AAR_2025,Anti-Aging Routine,Product Education,Young Adults,youtube,2025-04-17,6010.5,133238.0,5501.0,735.0,55266.53,False,False,False,0,False,False,False,10.046633339392837
TSF_2025,TikTok Skin Fails,Trend Counter,Young Adults,youtube,2025-04-01,3099.13,223767.0,78489.5,2719.0,17151.85,False,False,True,1,True,True,False,0.21852413380133648
AAR_2025,Anti-Aging Routine,Product Education,Young Adults,email,2025-04-21,5356.07,17878.0,2313.0,2000.0,104572.91,False,False,False,0,False,False,False,45.21094249891915
SS_2025,Summer Sale,Seasonal Sale,Young Adults,instagram,2025-06-30,7086.3,128530.0,9697.0,635.0,27284.18,False,False,False,0,False,False,False,2.813672269774157
NF_2025,Nature First,Brand Image,Young Adults,instagram,2025-04-07,6093.1,89001.0,3443.0,153.0,13920.04,False,False,False,0,False,False,False,4.0429973860005815
SS_2025,Summer Sale,Seasonal Sale,Gen Z,youtube,2025-06-16,5896.9,126748.0,7914.0,600.0,35447.53,False,False,False,0,False,False,False,4.479091483447056
SS_2025,Summer Sale,Seasonal Sale,Young Adults,facebook,2025-06-30,9624.22,163072.0,7592.0,992.0,40468.74,False,False,False,0,False,False,False,5.330445205479452
AAR_2025,Anti-Aging Routine,Product Education,Seniors,facebook,2025-04-15,5444.56,26818.0,767.0,161.0,19401.59,False,False,True,0,False,False,False,25.29542372881356
AAR_2025,Anti-Aging Routine,Product Education,Young Adults,facebook,2025-02-28,4604.37,55236.0,1938.0,170.0,13270.42,False,False,False,0,False,False,False,6.847481940144479
TSF_2025,TikTok Skin Fails,Trend Counter,Young Adults,instagram,2025-04-02,18501.91,673861.0,36060.0,2709.0,71686.23,False,False,False,0,False,False,False,1.9879708818635606
NF_2025,Nature First,Brand Image,Parents,instagram,2025-03-07,5804.58,52967.0,5267.0,50.0,20347.37,False,False,True,0,False,False,False,3.863180178469717
BF_2025,Black Friday,Seasonal Sale,Young Adults,facebook,2025-11-30,7645.28,238584.0,17975.0,3658.0,309068.7,False,False,False,0,False,False,False,17.19436439499305
SS_2025,Summer Sale,Seasonal Sale,Adults,linkedin,2025-05-28,5816.89,48127.0,1499.0,281.0,14645.98,False,False,False,0,False,False,False,9.770500333555704
SS_2025,Summer Sale,Seasonal Sale,Adults,facebook,2025-06-12,7610.77,93360.0,3756.0,486.0,26838.44,False,False,False,0,False,False,False,7.145484558040469
PL_2025,Product Launch,Product Launch,Adults,instagram,2025-03-04,15013.18,278391.0,0.0,0.0,0.0,False,False,False,0,False,False,False,2.7758289348474485
NF_2025,Nature First,Brand Image,Parents,email,2025-05-29,4282.16,9540.0,1218.5,90.0,8420.14,False,False,False,1,True,True,False,6.910250307755437
PL_2025,Product Launch,Product Launch,Adults,email,2025-02-17,11894.58,160693.0,24785.0,2344.0,197069.69,False,False,False,0,False,False,False,7.951167641718782
TSF_2025,TikTok Skin Fails,Trend Counter,Young Adults,tiktok,2025-05-02,120901.39,9866702.0,982789.0,53721.0,752960.0,False,False,False,0,False,False,True,0.7661460982148245
NF_2025,Nature First,Brand Image,Young Adults,linkedin,2025-04-30,4359.83,45741.0,1393.0,30.0,2526.15,False,False,True,0,False,False,False,1.8134601579325198
DBB_2025,Don't Burn for Beauty,Social Impact,Gen Z,tiktok,2025-07-27,4753.91,504600.0,32584.0,421.0,13102.28,False,False,False,0,False,False,False,0.40210778296096245
AAR_2025,Anti-Aging Routine,Product Education,Young Adults,youtube,2025-02-10,4762.23,59137.0,2076.0,140.0,10398.19,False,False,False,0,False,False,False,5.00876204238921
AAR_2025,Anti-Aging Routine,Product Education,Adults,email,2025-04-10,5907.11,9725.0,1083.0,690.0,70924.16,False,False,False,0,False,False,False,65.48860572483842
SCA_2025,Skin Cancer Awareness,Educational Awareness,Adults,linkedin,2025-05-15,11487.73,271102.0,8185.0,290.0,11543.99,True,False,False,0,False,False,False,1.410383628588882
AAR_2025,Anti-Aging Routine,Product Education,Adults,youtube,2025-02-15,3431.07,29818.0,699.0,298.0,18591.96,False,False,False,0,False,False,False,26.59793991416309
PL_2025,Product Launch,Product Launch,Adults,facebook,2025-01-20,7915.43,155763.0,6569.0,235.0,17548.35,False,False,False,0,False,False,False,2.671388339168823
NF_2025,Nature First,Brand Image,Young Adults,youtube,2025-02-25,4615.37,81210.0,2787.0,74.0,5903.16,False,False,False,0,False,False,False,2.1181054897739506
AAR_2025,Anti-Aging Routine,Product Education,Adults,email,2025-01-29,2972.08,5684.0,170.0,152.0,16478.99,False,False,False,0,False,False,False,96.93523529411766
SS_2025,Summer Sale,Seasonal Sale,Young Adults,facebook,2025-07-17,2297.5,22512.0,1949.0,341.0,22254.84,False,False,False,0,False,False,False,11.418594150846587
TSF_2025,TikTok Skin Fails,Trend Counter,Gen Z,tiktok,2025-04-20,33154.92,10539017.0,230346.0,2299.0,117942.06,False,False,False,0,False,False,False,0.5120213070771795
BF_2025,Black Friday,Seasonal Sale,Young Adults,facebook,2025-11-24,94545.46,1906963.0,127845.0,34188.0,2702437.82,False,False,False,0,False,False,False,21.13839274121006
BF_2025,Black Friday,Seasonal Sale,Adults,email,2025-11-20,6521.06,19907.0,1997.0,530.0,27417.05,False,False,False,0,False,False,False,13.729118678017025
DBB_2025,Don't Burn for Beauty,Social Impact,Adults,facebook,2025-07-23,4309.04,141542.0,9468.0,545.0,21515.16,False,False,False,0,False,False,False,2.272408111533587
PL_2025,Product Launch,Product Launch,Adults,instagram,2025-02-19,18100.09,667469.0,16024.0,577.0,66152.49,False,False,False,0,False,False,False,4.128338117823265
SS_2025,Summer Sale,Seasonal Sale,Gen Z,youtube,2025-07-15,8895.25,202035.0,16570.0,2457.0,80410.94,False,False,False,0,False,False,False,4.8528026554013275
SS_2025,Summer Sale,Seasonal Sale,Young Adults,email,2025-05-27,1921.86,15270.0,0.0,600.0,0.0,False,False,True,0,False,False,False,14.187154185022026
SCA_2025,Skin Cancer Awareness,Educational Awareness,Young Adults,youtube,2025-05-31,14273.77,909647.0,24315.0,244.0,4603.66,False,False,False,0,False,False,False,0.1893341558708616
NF_2025,Nature First,Brand Image,Parents,facebook,2025-05-13,6626.09,54404.0,1839.0,86.0,5173.94,False,False,False,0,False,False,False,2.8134529635671557
AAR_2025,Anti-Aging Routine,Product Education,Seniors,facebook,2025-04-20,4940.7,16231.0,273.0,70.0,45385.7,False,False,False,0,False,False,False,166.24798534798535
NF_2025,Nature First,Brand Image,Parents,instagram,2025-04-11,5803.34,62650.0,3644.0,103.0,6767.38,False,False,False,0,False,False,False,1.8571295279912186
AAR_2025,Anti-Aging Routine,Product Education,Young Adults,email,2025-05-03,2881.27,17528.0,1026.0,340.0,18988.39,False,False,False,0,False,False,False,18.507202729044835
PL_2025,Product Launch,Product Launch,Adults,youtube,2025-03-01,17771.42,550356.0,22981.0,2501.0,174782.25,False,False,False,0,False,False,False,7.60551107436578
AAR_2025,Anti-Aging Routine,Product Education,Young Adults,instagram,2025-03-06,3778.99,70019.0,2543.0,493.0,37737.59,False,False,False,0,False,False,False,14.839791584742429
SS_2025,Summer Sale,Seasonal Sale,Parents,facebook,2025-07-15,3311.89,45347.0,1636.0,139.0,10448.34,False,False,False,0,False,False,False,6.386515892420538
PL_2025,Product Launch,Product Launch,Adults,instagram,2025-02-09,11348.44,185924.0,6946.0,230.0,14808.73,False,False,False,0,False,False,False,2.131979556579326
NF_2025,Nature First,Brand Image,Gen Z,tiktok,2025-02-26,6592.63,230575.0,6128.0,94.0,5036.69,False,False,False,0,False,False,False,0.8219141644908615
AAR_2025,Anti-Aging Routine,Product Education,Adults,email,2025-05-19,3386.3,22562.0,409.0,85.0,5694.68,False,False,False,0,False,False,False,13.923422982885086
NF_2025,Nature First,Brand Image,Gen Z,youtube,2025-05-18,7803.61,148157.0,6399.0,378.0,16196.31,False,False,False,0,False,False,False,2.531068917018284
DBB_2025,Don't Burn for Beauty,Social Impact,Young Adults,instagram,2025-07-27,11462.13,367311.0,22334.0,928.0,31521.5,True,False,False,0,False,False,False,1.4113683173636609
DBB_2025,Don't Burn for Beauty,Social Impact,Young Adults,tiktok,2025-08-13,5728.91,518308.0,45234.0,663.0,22237.47,False,False,False,0,False,False,False,0.49160962992439317
NF_2025,Nature First,Brand Image,Young Adults,instagram,2025-05-02,5650.04,108271.0,2023.0,59.0,3205.77,False,False,False,0,False,False,False,1.5846613939693523
DBB_2025,Don't Burn for Beauty,Social Impact,Adults,linkedin,2025-07-04,4413.33,92726.0,3113.0,389.0,15143.33,False,False,False,0,False,False,False,4.864545454545454
PL_2025,Product Launch,Product Launch,Seniors,linkedin,2025-03-03,10065.32,41231.0,2459.0,120.0,8204.02,False,False,False,0,False,False,False,3.3363237088247257
NF_2025,Nature First,Brand Image,Young Adults,instagram,2025-03-02,6054.46,63956.0,1312.0,28.0,1602.17,False,False,False,0,False,False,False,1.2211661585365854
TSF_2025,TikTok Skin Fails,Trend Counter,Young Adults,facebook,2025-04-06,23658.98,1013899.0,36175.0,1386.0,27923.37,False,False,False,0,False,False,False,0.7718968901174844
AAR_2025,Anti-Aging Routine,Product Education,Seniors,facebook,2025-01-24,5711.51,19242.0,543.0,85.0,8690.35,False,False,False,0,False,False,False,16.004327808471455
TSF_2025,TikTok Skin Fails,Trend Counter,Gen Z,tiktok,2025-04-05,5660.11,887787.0,21960.0,1468.0,18563.77,False,False,False,0,False,False,False,0.8453447176684882
PL_2025,Product Launch,Product Launch,Seniors,email,2025-03-28,14975.64,66091.0,5058.0,749.0,53981.02,False,False,False,0,False,False,False,10.67240411229735
TSF_2025,TikTok Skin Fails,Trend Counter,Young Adults,youtube,2025-03-29,5297.57,601964.0,36390.0,1283.0,40845.17,False,False,False,0,False,False,False,1.1224284143995602
